2 0.369140625 0.9091796875 0.3408203125 0.9140625 0.330078125 0.9306640625 0.33203125 0.9501953125 0.3525390625 0.970703125 0.3759765625 0.96484375 0.400390625 0.9287109375 0.369140625 0.9091796875
2 0.376953125 0.9912109375 0.361328125 0.9755859375 0.3369140625 0.9765625 0.32421875 0.9873046875 0.322265625 0.9990234375 0.3759765625 1 0.376953125 0.9912109375
2 0.72265625 0.7919921875 0.751953125 0.8056640625 0.7529296875 0.83203125 0.7861328125 0.8359375 0.796875 0.8173828125 0.794921875 0.7978515625 0.7802734375 0.779296875 0.765625 0.7763671875 0.7294921875 0.783203125 0.72265625 0.7919921875
2 0.4775390625 0.53125 0.4609375 0.5458984375 0.46484375 0.5732421875 0.4814453125 0.58984375 0.5107421875 0.572265625 0.515625 0.5615234375 0.51171875 0.5361328125 0.5 0.5302734375 0.4775390625 0.53125
2 0.841796875 0.5478515625 0.83984375 0.5712890625 0.8544921875 0.58203125 0.8642578125 0.58203125 0.873046875 0.5732421875 0.873046875 0.5634765625 0.869140625 0.5517578125 0.85546875 0.5419921875 0.841796875 0.5478515625
2 0.9248046875 0.693359375 0.91015625 0.7119140625 0.912109375 0.7333984375 0.9345703125 0.74609375 0.9482421875 0.740234375 0.958984375 0.7236328125 0.953125 0.6943359375 0.939453125 0.6904296875 0.9248046875 0.693359375
2 0.6455078125 0.64453125 0.634765625 0.6591796875 0.634765625 0.6845703125 0.6416015625 0.69140625 0.6630859375 0.689453125 0.677734375 0.6767578125 0.6796875 0.6552734375 0.66015625 0.6396484375 0.6455078125 0.64453125
2 0.115234375 0.4892578125 0.0830078125 0.48828125 0.076171875 0.4951171875 0.076171875 0.5302734375 0.0947265625 0.5546875 0.126953125 0.5380859375 0.125 0.4990234375 0.115234375 0.4892578125
2 0.2177734375 0.375 0.21484375 0.3818359375 0.21484375 0.4248046875 0.2255859375 0.435546875 0.2548828125 0.43359375 0.26953125 0.4189453125 0.265625 0.3798828125 0.244140625 0.3701171875 0.2177734375 0.375
2 0.41796875 0.3876953125 0.41015625 0.4130859375 0.4228515625 0.43359375 0.4482421875 0.439453125 0.46484375 0.4248046875 0.470703125 0.4052734375 0.4560546875 0.384765625 0.443359375 0.3779296875 0.4326171875 0.376953125 0.41796875 0.3876953125
2 0.6552734375 0.455078125 0.6728515625 0.4609375 0.689453125 0.4501953125 0.697265625 0.4326171875 0.697265625 0.4208984375 0.6875 0.4091796875 0.6875 0.3896484375 0.677734375 0.3779296875 0.662109375 0.3857421875 0.66015625 0.4033203125 0.642578125 0.4150390625 0.646484375 0.4443359375 0.6552734375 0.455078125
2 0.3828125 0.5771484375 0.3720703125 0.576171875 0.36328125 0.5830078125 0.36328125 0.5966796875 0.3740234375 0.607421875 0.390625 0.6025390625 0.390625 0.5888671875 0.3828125 0.5771484375
2 0.556640625 0.1650390625 0.5400390625 0.166015625 0.525390625 0.1787109375 0.5302734375 0.19921875 0.5498046875 0.201171875 0.56640625 0.1904296875 0.568359375 0.1728515625 0.556640625 0.1650390625
2 0.322265625 0.1416015625 0.2890625 0.1552734375 0.283203125 0.1845703125 0.2880859375 0.1953125 0.3212890625 0.1953125 0.333984375 0.1884765625 0.33203125 0.1494140625 0.322265625 0.1416015625
2 0.193359375 0.1962890625 0.1650390625 0.197265625 0.16015625 0.2041015625 0.162109375 0.2216796875 0.1708984375 0.228515625 0.2001953125 0.22265625 0.203125 0.2041015625 0.193359375 0.1962890625
2 0.19140625 0.0615234375 0.1748046875 0.064453125 0.169921875 0.0791015625 0.1826171875 0.09765625 0.1923828125 0.099609375 0.203125 0.0927734375 0.205078125 0.0830078125 0.19140625 0.0615234375
2 0.79296875 0.1103515625 0.78125 0.1396484375 0.783203125 0.1572265625 0.7939453125 0.16796875 0.8154296875 0.16796875 0.83203125 0.1494140625 0.826171875 0.1220703125 0.806640625 0.1064453125 0.79296875 0.1103515625
2 0.5732421875 0.025390625 0.580078125 0.0224609375 0.58984375 0.0009765625 0.5537109375 0 0.552734375 0.0068359375 0.5732421875 0.025390625
2 0.2607421875 0.486328125 0.240234375 0.4970703125 0.248046875 0.5244140625 0.2763671875 0.5390625 0.287109375 0.5341796875 0.2890625 0.5087890625 0.294921875 0.5029296875 0.283203125 0.4873046875 0.2607421875 0.486328125
2 0.927734375 0.4169921875 0.90625 0.3818359375 0.8935546875 0.38671875 0.88671875 0.3994140625 0.9072265625 0.431640625 0.9208984375 0.427734375 0.927734375 0.4169921875