2 0.0791015625 0.330078125 0.0625 0.3564453125 0.060546875 0.3779296875 0.0703125 0.3935546875 0.0849609375 0.39453125 0.09765625 0.3837890625 0.09765625 0.3369140625 0.0908203125 0.330078125 0.0791015625 0.330078125
2 0.212890625 0.6103515625 0.232421875 0.6240234375 0.2822265625 0.609375 0.2890625 0.5986328125 0.2763671875 0.587890625 0.2216796875 0.591796875 0.212890625 0.6103515625
2 0.1669921875 0.634765625 0.140625 0.6572265625 0.134765625 0.6806640625 0.14453125 0.6865234375 0.1611328125 0.685546875 0.177734375 0.6689453125 0.19140625 0.6513671875 0.1904296875 0.634765625 0.1669921875 0.634765625
2 0.2041015625 0.625 0.1435546875 0.619140625 0.12109375 0.6298828125 0.1240234375 0.642578125 0.154296875 0.6416015625 0.1328125 0.6689453125 0.13671875 0.6845703125 0.1484375 0.6884765625 0.1611328125 0.6875 0.1875 0.6591796875 0.193359375 0.6416015625 0.20703125 0.6318359375 0.2041015625 0.625
2 0.2890625 0.6572265625 0.287109375 0.6767578125 0.298828125 0.6904296875 0.3076171875 0.69140625 0.3203125 0.6806640625 0.3212890625 0.65234375 0.2998046875 0.650390625 0.2890625 0.6572265625
2 0.3955078125 0.599609375 0.38671875 0.6083984375 0.38671875 0.6259765625 0.400390625 0.6396484375 0.4072265625 0.640625 0.419921875 0.6220703125 0.41796875 0.6083984375 0.4091796875 0.599609375 0.3955078125 0.599609375
2 0.3623046875 0.552734375 0.341796875 0.5751953125 0.341796875 0.5830078125 0.369140625 0.6083984375 0.3798828125 0.607421875 0.3896484375 0.58984375 0.40625 0.5830078125 0.4013671875 0.560546875 0.3623046875 0.552734375
2 0.41796875 0.5615234375 0.419921875 0.5771484375 0.431640625 0.5869140625 0.466796875 0.5771484375 0.46875 0.5537109375 0.4560546875 0.533203125 0.4482421875 0.533203125 0.41796875 0.5615234375
2 0.4794921875 0.54296875 0.486328125 0.5869140625 0.51171875 0.6142578125 0.529296875 0.6103515625 0.537109375 0.5888671875 0.53515625 0.5771484375 0.5146484375 0.55078125 0.4794921875 0.54296875
2 0.5205078125 0.45703125 0.5126953125 0.451171875 0.4619140625 0.451171875 0.408203125 0.4775390625 0.4091796875 0.482421875 0.42578125 0.4833984375 0.5107421875 0.48046875 0.5380859375 0.470703125 0.544921875 0.4580078125 0.5361328125 0.451171875 0.5205078125 0.45703125
2 0.392578125 0.4013671875 0.40625 0.4248046875 0.416015625 0.4228515625 0.419921875 0.4072265625 0.41015625 0.3876953125 0.3994140625 0.380859375 0.392578125 0.4013671875
2 0.318359375 0.3251953125 0.3203125 0.3564453125 0.3349609375 0.357421875 0.349609375 0.3486328125 0.3447265625 0.318359375 0.3251953125 0.318359375 0.318359375 0.3251953125
2 0.2744140625 0.3046875 0.26171875 0.3232421875 0.26171875 0.3349609375 0.26953125 0.3564453125 0.287109375 0.3681640625 0.294921875 0.3583984375 0.29296875 0.3427734375 0.30859375 0.3251953125 0.2939453125 0.30859375 0.2744140625 0.3046875
2 0.107421875 0.2646484375 0.11328125 0.2861328125 0.1435546875 0.279296875 0.16015625 0.2587890625 0.1533203125 0.25390625 0.1142578125 0.2578125 0.107421875 0.2646484375
2 0.1064453125 0.306640625 0.099609375 0.3154296875 0.111328125 0.3544921875 0.1337890625 0.353515625 0.14453125 0.3349609375 0.138671875 0.3115234375 0.1240234375 0.302734375 0.1064453125 0.306640625
2 0.2607421875 0.98046875 0.25 0.9990234375 0.3291015625 1 0.330078125 0.9892578125 0.3212890625 0.97265625 0.2919921875 0.96875 0.2607421875 0.98046875
2 0.5927734375 0.84765625 0.576171875 0.8642578125 0.572265625 0.8974609375 0.5849609375 0.896484375 0.607421875 0.8681640625 0.611328125 0.8525390625 0.6044921875 0.845703125 0.5927734375 0.84765625
2 0.5771484375 1 0.576171875 0.9833984375 0.5556640625 0.98046875 0.546875 0.9990234375 0.5771484375 1
2 0.701171875 0.7744140625 0.7109375 0.7861328125 0.728515625 0.7822265625 0.73046875 0.7646484375 0.7138671875 0.7421875 0.7060546875 0.7421875 0.701171875 0.7744140625
2 0.02734375 0.5869140625 0.033203125 0.5927734375 0.0634765625 0.59375 0.06640625 0.5654296875 0.0615234375 0.560546875 0.0302734375 0.564453125 0.02734375 0.5869140625
2 0.111328125 0.5615234375 0.1376953125 0.560546875 0.14453125 0.5498046875 0.1083984375 0.51953125 0.09765625 0.5517578125 0.111328125 0.5615234375
2 0.52734375 0.1044921875 0.52734375 0.1669921875 0.537109375 0.1845703125 0.5517578125 0.185546875 0.5859375 0.1513671875 0.5859375 0.1220703125 0.5576171875 0.1015625 0.52734375 0.1044921875
2 0.3232421875 0.767578125 0.2841796875 0.765625 0.26171875 0.7900390625 0.259765625 0.8095703125 0.267578125 0.8330078125 0.2890625 0.8564453125 0.3173828125 0.857421875 0.3291015625 0.8515625 0.34765625 0.8173828125 0.345703125 0.7958984375 0.3232421875 0.767578125
2 0.4990234375 0.798828125 0.474609375 0.8134765625 0.4609375 0.8447265625 0.466796875 0.8779296875 0.4794921875 0.892578125 0.4921875 0.8955078125 0.5205078125 0.888671875 0.53515625 0.8662109375 0.53125 0.8251953125 0.5126953125 0.8046875 0.4990234375 0.798828125
2 0.5849609375 0.650390625 0.5732421875 0.650390625 0.548828125 0.6689453125 0.544921875 0.7080078125 0.556640625 0.7685546875 0.58203125 0.7841796875 0.619140625 0.7705078125 0.623046875 0.7275390625 0.611328125 0.6884765625 0.591796875 0.6689453125 0.5849609375 0.650390625