2 0.4814453125 0.814453125 0.486328125 0.8212890625 0.4736328125 0.82421875 0.4736328125 0.83203125 0.4833984375 0.828125 0.4892578125 0.8359375 0.4951171875 0.83203125 0.50390625 0.8388671875 0.5009765625 0.84765625 0.51953125 0.8466796875 0.5166015625 0.83203125 0.5341796875 0.83203125 0.544921875 0.8251953125 0.5400390625 0.818359375 0.533203125 0.8193359375 0.5390625 0.8115234375 0.53125 0.8095703125 0.5283203125 0.79296875 0.4775390625 0.80078125 0.46484375 0.8095703125 0.4677734375 0.828125 0.46875 0.8173828125 0.4755859375 0.8203125 0.4814453125 0.814453125
2 0.00390625 0.8740234375 0.001953125 0.8876953125 0.0126953125 0.90234375 0.0263671875 0.908203125 0.056640625 0.9072265625 0.064453125 0.8955078125 0.064453125 0.8779296875 0.0537109375 0.859375 0.0283203125 0.85546875 0.00390625 0.8740234375
2 0.1416015625 0.71875 0.13671875 0.7314453125 0.14453125 0.7509765625 0.1552734375 0.759765625 0.181640625 0.7607421875 0.201171875 0.7470703125 0.205078125 0.7255859375 0.1923828125 0.703125 0.1708984375 0.701171875 0.1416015625 0.71875
2 0.302734375 0.9013671875 0.31640625 0.8837890625 0.31640625 0.8681640625 0.2900390625 0.849609375 0.26953125 0.8642578125 0.26953125 0.8818359375 0.2783203125 0.896484375 0.302734375 0.9013671875
2 0.3203125 0.6533203125 0.3271484375 0.662109375 0.3515625 0.6611328125 0.3671875 0.6416015625 0.369140625 0.6220703125 0.3525390625 0.611328125 0.3408203125 0.611328125 0.3203125 0.6298828125 0.3203125 0.6533203125
2 0.7216796875 0.658203125 0.7109375 0.6787109375 0.71484375 0.7099609375 0.7294921875 0.72265625 0.744140625 0.7216796875 0.7646484375 0.7109375 0.771484375 0.6943359375 0.767578125 0.6669921875 0.7470703125 0.65234375 0.7216796875 0.658203125
2 0.751953125 0.5517578125 0.7685546875 0.572265625 0.796875 0.5732421875 0.81640625 0.5595703125 0.82421875 0.5263671875 0.8076171875 0.5 0.7685546875 0.5 0.751953125 0.5341796875 0.751953125 0.5517578125
2 0.5 0.5341796875 0.5244140625 0.546875 0.55078125 0.5458984375 0.55859375 0.5400390625 0.55859375 0.5068359375 0.5341796875 0.48828125 0.5185546875 0.490234375 0.5 0.5107421875 0.5 0.5341796875
2 0.7978515625 0.3515625 0.77734375 0.3720703125 0.783203125 0.4072265625 0.7978515625 0.416015625 0.80859375 0.4150390625 0.8271484375 0.408203125 0.837890625 0.3876953125 0.837890625 0.3701171875 0.8251953125 0.349609375 0.7978515625 0.3515625
2 0.828125 0.6494140625 0.8369140625 0.66015625 0.8515625 0.6591796875 0.87890625 0.6533203125 0.880859375 0.6162109375 0.8642578125 0.603515625 0.8408203125 0.60546875 0.830078125 0.6162109375 0.828125 0.6494140625
2 0.3681640625 0.212890625 0.357421875 0.2294921875 0.359375 0.2529296875 0.3759765625 0.267578125 0.400390625 0.2685546875 0.4111328125 0.263671875 0.42578125 0.2431640625 0.41796875 0.2216796875 0.3974609375 0.2109375 0.3681640625 0.212890625
2 0.330078125 0.3662109375 0.3388671875 0.388671875 0.3671875 0.3916015625 0.3828125 0.3798828125 0.3828125 0.3583984375 0.3681640625 0.33984375 0.3525390625 0.337890625 0.337890625 0.3486328125 0.330078125 0.3662109375
2 0.04296875 0.1357421875 0.0224609375 0.119140625 0.0009765625 0.1171875 0 0.1826171875 0.0234375 0.1826171875 0.04296875 0.1669921875 0.04296875 0.1357421875
2 0.0380859375 0.357421875 0.01953125 0.3720703125 0.013671875 0.4013671875 0.0302734375 0.421875 0.046875 0.4228515625 0.0576171875 0.421875 0.072265625 0.4091796875 0.078125 0.3798828125 0.0693359375 0.36328125 0.0380859375 0.357421875
2 0.1328125 0.5341796875 0.1435546875 0.5546875 0.169921875 0.5634765625 0.1953125 0.5478515625 0.197265625 0.5224609375 0.1845703125 0.50390625 0.1513671875 0.498046875 0.1328125 0.5107421875 0.1328125 0.5341796875
2 0.8828125 0.2880859375 0.8974609375 0.314453125 0.921875 0.3193359375 0.9453125 0.3076171875 0.94921875 0.2744140625 0.9345703125 0.25390625 0.9052734375 0.25390625 0.88671875 0.2646484375 0.8828125 0.2880859375
2 0.8017578125 0.17578125 0.7763671875 0.177734375 0.763671875 0.1884765625 0.755859375 0.2099609375 0.755859375 0.2236328125 0.7646484375 0.234375 0.7890625 0.2412109375 0.8037109375 0.23828125 0.826171875 0.2119140625 0.8203125 0.1943359375 0.8017578125 0.17578125
2 1 0.0126953125 0.9951171875 0.009765625 0.953125 0.0146484375 0.953125 0.0595703125 0.9619140625 0.068359375 0.978515625 0.0693359375 1 0.0654296875 1 0.0126953125
2 0.59375 0.7001953125 0.5634765625 0.697265625 0.55859375 0.7021484375 0.560546875 0.7158203125 0.580078125 0.7197265625 0.59375 0.7138671875 0.59375 0.7001953125
2 0.427734375 0.7099609375 0.4453125 0.6865234375 0.44921875 0.6689453125 0.4404296875 0.66015625 0.427734375 0.6650390625 0.41796875 0.6923828125 0.421875 0.7099609375 0.427734375 0.7099609375
2 0.470703125 0.7158203125 0.48046875 0.7041015625 0.48046875 0.6943359375 0.4638671875 0.671875 0.4541015625 0.669921875 0.4453125 0.6962890625 0.4560546875 0.712890625 0.470703125 0.7158203125
2 0.6669921875 0.880859375 0.6337890625 0.876953125 0.62890625 0.8818359375 0.6376953125 0.900390625 0.662109375 0.9052734375 0.671875 0.8955078125 0.6669921875 0.880859375
2 0.173828125 0.4462890625 0.1826171875 0.45703125 0.21875 0.4658203125 0.2294921875 0.46484375 0.234375 0.4580078125 0.232421875 0.4462890625 0.2236328125 0.439453125 0.1943359375 0.435546875 0.173828125 0.4462890625
2 0.26171875 0.5322265625 0.265625 0.5146484375 0.255859375 0.4970703125 0.2392578125 0.4765625 0.2294921875 0.4765625 0.2265625 0.4873046875 0.24609375 0.5302734375 0.26171875 0.5322265625
2 0.75 0.8701171875 0.7646484375 0.8828125 0.78515625 0.8837890625 0.798828125 0.8759765625 0.798828125 0.8544921875 0.7783203125 0.837890625 0.7548828125 0.84765625 0.748046875 0.8583984375 0.75 0.8701171875
2 0.66015625 0.4658203125 0.673828125 0.4697265625 0.68359375 0.4482421875 0.6689453125 0.439453125 0.66015625 0.4462890625 0.66015625 0.4658203125
2 1 0.3427734375 0.9892578125 0.33984375 0.98046875 0.3564453125 0.9912109375 0.37109375 1 0.3720703125 1 0.3427734375