2 0.162109375 0.3486328125 0.171875 0.3291015625 0.171875 0.3134765625 0.1611328125 0.30078125 0.1396484375 0.296875 0.125 0.3173828125 0.126953125 0.3291015625 0.1376953125 0.34765625 0.162109375 0.3486328125
2 0.4765625 0.3076171875 0.4921875 0.2900390625 0.490234375 0.2763671875 0.4833984375 0.263671875 0.4560546875 0.251953125 0.45703125 0.2705078125 0.4453125 0.2919921875 0.4619140625 0.30859375 0.4765625 0.3076171875
2 0.685546875 0.0576171875 0.697265625 0.0419921875 0.697265625 0.0185546875 0.6845703125 0.00390625 0.6630859375 0.00390625 0.6484375 0.0185546875 0.65234375 0.0458984375 0.6650390625 0.056640625 0.685546875 0.0576171875
2 0.6201171875 0.1015625 0.6328125 0.1044921875 0.6416015625 0.09765625 0.6611328125 0.099609375 0.6640625 0.0830078125 0.65625 0.0615234375 0.6298828125 0.048828125 0.6171875 0.0595703125 0.611328125 0.0849609375 0.6201171875 0.1015625
2 0.5615234375 0.123046875 0.5458984375 0.123046875 0.529296875 0.1455078125 0.533203125 0.1591796875 0.552734375 0.1708984375 0.576171875 0.1416015625 0.5615234375 0.123046875
2 0.845703125 0.3134765625 0.8583984375 0.32421875 0.876953125 0.3271484375 0.9013671875 0.326171875 0.9091796875 0.30859375 0.931640625 0.2978515625 0.931640625 0.2763671875 0.9267578125 0.271484375 0.8544921875 0.263671875 0.833984375 0.2783203125 0.845703125 0.3134765625
2 0.869140625 0.0009765625 0.8798828125 0.021484375 0.900390625 0.0205078125 0.9130859375 0.017578125 0.921875 0.0009765625 0.869140625 0.0009765625
2 0.6962890625 0.521484375 0.724609375 0.5263671875 0.7353515625 0.5234375 0.744140625 0.5068359375 0.744140625 0.4912109375 0.7373046875 0.482421875 0.7138671875 0.478515625 0.68359375 0.4912109375 0.681640625 0.5029296875 0.6962890625 0.521484375
2 0.69140625 0.8681640625 0.71484375 0.8525390625 0.716796875 0.8349609375 0.6962890625 0.810546875 0.6845703125 0.80859375 0.658203125 0.8271484375 0.654296875 0.8505859375 0.6748046875 0.869140625 0.69140625 0.8681640625
2 0.498046875 0.7373046875 0.5146484375 0.734375 0.529296875 0.7197265625 0.53125 0.6982421875 0.5185546875 0.677734375 0.4990234375 0.681640625 0.474609375 0.7041015625 0.484375 0.7333984375 0.498046875 0.7373046875
2 0.4296875 0.8408203125 0.447265625 0.8583984375 0.447265625 0.8681640625 0.46484375 0.8720703125 0.46484375 0.8603515625 0.4765625 0.8505859375 0.486328125 0.8251953125 0.482421875 0.8076171875 0.4736328125 0.80078125 0.4482421875 0.8046875 0.427734375 0.8251953125 0.4296875 0.8408203125
2 0.92578125 0.7197265625 0.93359375 0.7216796875 0.9716796875 0.70703125 0.994140625 0.6884765625 0.99609375 0.6728515625 0.9814453125 0.650390625 0.9599609375 0.64453125 0.916015625 0.6611328125 0.9140625 0.6943359375 0.92578125 0.7197265625
2 0.71484375 0.9775390625 0.7177734375 1 0.7734375 0.9990234375 0.7607421875 0.978515625 0.7412109375 0.96875 0.71484375 0.9775390625
2 0.2333984375 0.884765625 0.2099609375 0.8828125 0.193359375 0.8916015625 0.19140625 0.9111328125 0.2109375 0.9287109375 0.23828125 0.9208984375 0.2333984375 0.884765625
2 0.166015625 0.8251953125 0.17578125 0.7939453125 0.173828125 0.7763671875 0.1630859375 0.763671875 0.1435546875 0.759765625 0.123046875 0.7763671875 0.123046875 0.8115234375 0.1298828125 0.818359375 0.166015625 0.8251953125
2 0.287109375 0.7705078125 0.298828125 0.7646484375 0.3046875 0.7353515625 0.2939453125 0.72265625 0.2802734375 0.720703125 0.263671875 0.7314453125 0.2578125 0.7568359375 0.2666015625 0.767578125 0.287109375 0.7705078125
2 0.037109375 0.5712890625 0.056640625 0.5517578125 0.056640625 0.5361328125 0.037109375 0.5087890625 0.0283203125 0.5078125 0.00390625 0.5341796875 0.001953125 0.5595703125 0.0185546875 0.572265625 0.037109375 0.5712890625
2 0.396484375 0.4169921875 0.3984375 0.3837890625 0.3896484375 0.37109375 0.3779296875 0.3671875 0.3671875 0.3779296875 0.36328125 0.3994140625 0.384765625 0.4248046875 0.396484375 0.4169921875
2 0.30078125 0.4560546875 0.314453125 0.4404296875 0.310546875 0.4111328125 0.2919921875 0.396484375 0.2724609375 0.40234375 0.2578125 0.4189453125 0.263671875 0.4482421875 0.2783203125 0.45703125 0.30078125 0.4560546875
2 0.41015625 0.5947265625 0.40234375 0.5615234375 0.3857421875 0.548828125 0.3701171875 0.55078125 0.359375 0.5595703125 0.353515625 0.5791015625 0.392578125 0.6123046875 0.41015625 0.5947265625