2 0.46484375 0.6220703125 0.486328125 0.6142578125 0.49609375 0.5947265625 0.4951171875 0.583984375 0.4716796875 0.580078125 0.4638671875 0.587890625 0.44921875 0.5869140625 0.451171875 0.6103515625 0.46484375 0.6220703125
2 0.904296875 0.4462890625 0.9130859375 0.45703125 0.935546875 0.4599609375 0.93359375 0.4228515625 0.9130859375 0.408203125 0.904296875 0.4462890625
2 0.59765625 0.3251953125 0.5927734375 0.328125 0.5439453125 0.2734375 0.5361328125 0.2734375 0.552734375 0.3056640625 0.5791015625 0.330078125 0.59765625 0.3369140625 0.59765625 0.3251953125
2 0.72265625 0.6201171875 0.736328125 0.6142578125 0.73828125 0.6044921875 0.7578125 0.5869140625 0.7568359375 0.578125 0.7216796875 0.57421875 0.716796875 0.5791015625 0.708984375 0.6181640625 0.72265625 0.6201171875
2 0.7890625 0.0712890625 0.79296875 0.0439453125 0.7802734375 0.033203125 0.7568359375 0.03515625 0.7421875 0.0498046875 0.744140625 0.0771484375 0.76953125 0.0791015625 0.7890625 0.0712890625
2 0.712890625 0.0478515625 0.7109375 0.0712890625 0.72265625 0.0751953125 0.73828125 0.0380859375 0.7373046875 0.02734375 0.712890625 0.0478515625
2 0.392578125 0.0576171875 0.384765625 0.0341796875 0.3681640625 0.0234375 0.3505859375 0.025390625 0.33984375 0.0478515625 0.3701171875 0.076171875 0.380859375 0.0751953125 0.392578125 0.0576171875
2 0.5048828125 0.076171875 0.4775390625 0.076171875 0.466796875 0.0849609375 0.4814453125 0.09765625 0.49609375 0.0966796875 0.505859375 0.0849609375 0.5048828125 0.076171875
2 0.8779296875 0.203125 0.8544921875 0.205078125 0.84765625 0.2119140625 0.8583984375 0.23828125 0.888671875 0.2392578125 0.8984375 0.2294921875 0.8779296875 0.203125
2 0.6669921875 0.357421875 0.6494140625 0.353515625 0.638671875 0.3603515625 0.634765625 0.3798828125 0.64453125 0.3857421875 0.666015625 0.3701171875 0.6669921875 0.357421875
2 0.791015625 0.2783203125 0.783203125 0.2548828125 0.7744140625 0.248046875 0.7509765625 0.259765625 0.740234375 0.2744140625 0.7451171875 0.291015625 0.765625 0.2939453125 0.791015625 0.2783203125
2 0.3125 0.6982421875 0.322265625 0.6396484375 0.2998046875 0.62109375 0.275390625 0.6572265625 0.291015625 0.6689453125 0.28515625 0.7138671875 0.294921875 0.7138671875 0.3125 0.6982421875
2 0.240234375 0.5947265625 0.2392578125 0.5859375 0.2177734375 0.583984375 0.201171875 0.6005859375 0.1875 0.6220703125 0.1904296875 0.630859375 0.197265625 0.6298828125 0.240234375 0.5947265625
2 0.021484375 0.6396484375 0.0341796875 0.650390625 0.046875 0.6494140625 0.048828125 0.6201171875 0.0224609375 0.61328125 0.021484375 0.6396484375
2 1 0.9619140625 0.9921875 0.9599609375 1 0.9462890625 0.9912109375 0.9453125 0.9609375 0.9814453125 0.97265625 0.9873046875 0.958984375 0.9951171875 0.9619140625 1 1 0.9990234375 1 0.9619140625
2 0.7724609375 1 0.912109375 0.9990234375 0.912109375 0.9658203125 0.9033203125 0.958984375 0.8505859375 0.96875 0.8212890625 0.9609375 0.7900390625 0.9609375 0.78125 0.9677734375 0.771484375 0.9931640625 0.7724609375 1
2 0.9541015625 0.32421875 0.958984375 0.3095703125 0.9423828125 0.3046875 0.9111328125 0.310546875 0.90625 0.3154296875 0.908203125 0.3330078125 0.9296875 0.3349609375 0.9541015625 0.32421875
2 0.970703125 0.1123046875 0.9443359375 0.103515625 0.93359375 0.1181640625 0.93359375 0.1494140625 0.955078125 0.1591796875 0.97265625 0.1357421875 0.970703125 0.1123046875
2 0.1064453125 0.09765625 0.1171875 0.0849609375 0.119140625 0.0732421875 0.1142578125 0.068359375 0.076171875 0.0830078125 0.07421875 0.1005859375 0.091796875 0.1005859375 0.1064453125 0.09765625
2 0.18359375 0.5576171875 0.19921875 0.5498046875 0.1943359375 0.537109375 0.1728515625 0.5390625 0.16015625 0.5537109375 0.166015625 0.5771484375 0.177734375 0.5791015625 0.18359375 0.5576171875
2 0.6796875 0.2587890625 0.677734375 0.2451171875 0.6689453125 0.236328125 0.6455078125 0.23828125 0.646484375 0.2607421875 0.6533203125 0.267578125 0.669921875 0.2666015625 0.6796875 0.2587890625
2 0.685546875 0.2998046875 0.6875 0.3173828125 0.69921875 0.3193359375 0.70703125 0.2998046875 0.7021484375 0.29296875 0.685546875 0.2998046875
2 0.1201171875 0.783203125 0.1318359375 0.791015625 0.1484375 0.7919921875 0.1533203125 0.783203125 0.1171875 0.7685546875 0.1201171875 0.783203125
2 0.5234375 0.5869140625 0.55859375 0.5654296875 0.55859375 0.5556640625 0.5498046875 0.546875 0.5166015625 0.544921875 0.5 0.5595703125 0.49609375 0.5791015625 0.5107421875 0.587890625 0.5234375 0.5869140625