2 0.5380859375 0.107421875 0.56640625 0.1103515625 0.5869140625 0.1015625 0.599609375 0.0849609375 0.59765625 0.0439453125 0.5810546875 0.03515625 0.5400390625 0.04296875 0.525390625 0.0634765625 0.53125 0.1005859375 0.5380859375 0.107421875
2 1 0.1123046875 0.9658203125 0.109375 0.9521484375 0.115234375 0.9453125 0.1318359375 0.94921875 0.1494140625 0.9638671875 0.16015625 0.984375 0.1591796875 1 0.1533203125 1 0.1123046875
2 0.5859375 0.2509765625 0.59765625 0.2373046875 0.599609375 0.2060546875 0.5869140625 0.1953125 0.5615234375 0.193359375 0.541015625 0.2138671875 0.537109375 0.2275390625 0.5654296875 0.251953125 0.5859375 0.2509765625
2 0.32421875 0.5341796875 0.349609375 0.5146484375 0.34765625 0.4931640625 0.3427734375 0.482421875 0.3095703125 0.47265625 0.291015625 0.4833984375 0.28515625 0.5048828125 0.2978515625 0.52734375 0.32421875 0.5341796875
2 0.2880859375 0.9375 0.318359375 0.9365234375 0.34375 0.9228515625 0.345703125 0.9052734375 0.330078125 0.8779296875 0.3134765625 0.865234375 0.3017578125 0.8671875 0.28125 0.8837890625 0.26953125 0.9130859375 0.2880859375 0.9375
2 0.759765625 0.7041015625 0.775390625 0.6787109375 0.77734375 0.6572265625 0.7666015625 0.642578125 0.7392578125 0.640625 0.728515625 0.6513671875 0.728515625 0.6923828125 0.7431640625 0.703125 0.759765625 0.7041015625
2 0.6044921875 0.943359375 0.619140625 0.9443359375 0.6416015625 0.9375 0.658203125 0.9228515625 0.6640625 0.8818359375 0.6123046875 0.861328125 0.5859375 0.8740234375 0.580078125 0.8955078125 0.59765625 0.9365234375 0.6044921875 0.943359375
2 0.84375 0.7158203125 0.8369140625 0.703125 0.80859375 0.7236328125 0.798828125 0.7373046875 0.798828125 0.7529296875 0.833984375 0.7353515625 0.84375 0.7158203125
2 0.4677734375 0.69921875 0.4365234375 0.693359375 0.42578125 0.7001953125 0.4296875 0.7060546875 0.4248046875 0.712890625 0.4208984375 0.708984375 0.40625 0.7216796875 0.404296875 0.7392578125 0.4169921875 0.7578125 0.4482421875 0.767578125 0.4677734375 0.765625 0.4677734375 0.7578125 0.4833984375 0.7578125 0.484375 0.7666015625 0.490234375 0.7666015625 0.48828125 0.7607421875 0.4970703125 0.7578125 0.501953125 0.7470703125 0.49609375 0.7451171875 0.49609375 0.7373046875 0.5048828125 0.71484375 0.4833984375 0.712890625 0.4677734375 0.69921875
2 0.974609375 0.2724609375 0.9677734375 0.26953125 0.951171875 0.2783203125 0.951171875 0.2880859375 0.96484375 0.2919921875 0.974609375 0.2861328125 0.974609375 0.2724609375
2 0.783203125 0.2490234375 0.783203125 0.2353515625 0.7724609375 0.21484375 0.7392578125 0.228515625 0.732421875 0.2412109375 0.7412109375 0.2578125 0.76953125 0.2568359375 0.783203125 0.2490234375
2 0.828125 0.2958984375 0.830078125 0.2685546875 0.8173828125 0.255859375 0.7919921875 0.25390625 0.78125 0.2646484375 0.779296875 0.2958984375 0.8203125 0.2998046875 0.828125 0.2958984375
2 0.859375 0.1181640625 0.857421875 0.1279296875 0.8828125 0.1357421875 0.892578125 0.1142578125 0.8720703125 0.107421875 0.859375 0.1181640625