2 0.6943359375 0.724609375 0.7236328125 0.7578125 0.73828125 0.7626953125 0.744140625 0.7548828125 0.73828125 0.7197265625 0.6787109375 0.66015625 0.6591796875 0.662109375 0.6484375 0.6748046875 0.6484375 0.6865234375 0.6748046875 0.716796875 0.6943359375 0.724609375
2 0.9765625 0.9541015625 0.9560546875 0.9453125 0.947265625 0.9697265625 0.953125 0.9833984375 0.96875 0.9931640625 0.9765625 0.9833984375 0.9765625 0.9541015625
2 0.927734375 0.6572265625 0.9296875 0.6376953125 0.912109375 0.6123046875 0.908203125 0.5888671875 0.8916015625 0.5703125 0.88671875 0.5888671875 0.896484375 0.6494140625 0.9072265625 0.658203125 0.927734375 0.6572265625
2 0.525390625 0.8916015625 0.5166015625 0.888671875 0.51171875 0.8935546875 0.51171875 0.9150390625 0.525390625 0.9267578125 0.529296875 0.9013671875 0.525390625 0.8916015625
2 0.11328125 0.9365234375 0.111328125 0.9716796875 0.119140625 0.9736328125 0.13671875 0.9521484375 0.1259765625 0.927734375 0.11328125 0.9365234375
2 0.0859375 0.9462890625 0.099609375 0.9345703125 0.1015625 0.9189453125 0.0927734375 0.90234375 0.0791015625 0.8984375 0.064453125 0.9130859375 0.064453125 0.9365234375 0.0732421875 0.947265625 0.0859375 0.9462890625
2 0.10546875 0.7763671875 0.095703125 0.7802734375 0.09765625 0.8134765625 0.1064453125 0.81640625 0.1162109375 0.806640625 0.1259765625 0.81640625 0.142578125 0.8173828125 0.154296875 0.8017578125 0.154296875 0.7763671875 0.146484375 0.7685546875 0.15234375 0.7646484375 0.1396484375 0.7578125 0.1279296875 0.763671875 0.1123046875 0.76171875 0.10546875 0.7763671875
2 0.3330078125 0.736328125 0.3212890625 0.734375 0.30859375 0.7470703125 0.30078125 0.7646484375 0.3046875 0.7705078125 0.33984375 0.7490234375 0.3330078125 0.736328125
2 0.40625 0.5224609375 0.3994140625 0.513671875 0.3720703125 0.51171875 0.365234375 0.5166015625 0.36328125 0.5263671875 0.3818359375 0.548828125 0.40234375 0.5498046875 0.40625 0.5224609375
2 0.345703125 0.5888671875 0.3369140625 0.57421875 0.3212890625 0.57421875 0.3125 0.5869140625 0.314453125 0.5966796875 0.3251953125 0.609375 0.3359375 0.6083984375 0.345703125 0.5888671875
2 0.0322265625 0.408203125 0.015625 0.4169921875 0.013671875 0.4287109375 0.015625 0.4541015625 0.025390625 0.4560546875 0.0546875 0.4248046875 0.0322265625 0.408203125
2 0.00390625 0.5205078125 0.0087890625 0.533203125 0.017578125 0.5322265625 0.033203125 0.5224609375 0.0390625 0.5068359375 0.056640625 0.4892578125 0.0625 0.4794921875 0.0576171875 0.470703125 0.0380859375 0.466796875 0.017578125 0.4853515625 0.00390625 0.5205078125
2 0.0966796875 0.490234375 0.0693359375 0.49609375 0.0546875 0.5107421875 0.05078125 0.5224609375 0.06640625 0.5244140625 0.0859375 0.5107421875 0.0966796875 0.490234375
2 0.115234375 0.4619140625 0.123046875 0.4521484375 0.123046875 0.4306640625 0.1162109375 0.42578125 0.0927734375 0.4296875 0.0859375 0.4384765625 0.087890625 0.4501953125 0.0966796875 0.458984375 0.115234375 0.4619140625
2 0.2255859375 0.18359375 0.2060546875 0.18359375 0.1875 0.2041015625 0.1796875 0.2275390625 0.19921875 0.2294921875 0.216796875 0.2216796875 0.2255859375 0.18359375
2 0.1728515625 0.177734375 0.1455078125 0.185546875 0.13671875 0.1982421875 0.1416015625 0.21484375 0.16015625 0.2177734375 0.185546875 0.1884765625 0.1728515625 0.177734375
2 0.2265625 0.2607421875 0.1708984375 0.244140625 0.140625 0.2666015625 0.1494140625 0.283203125 0.181640625 0.2841796875 0.2216796875 0.275390625 0.2265625 0.2607421875
2 0.2578125 0.1044921875 0.267578125 0.0986328125 0.265625 0.0810546875 0.2587890625 0.07421875 0.2412109375 0.068359375 0.224609375 0.0732421875 0.22265625 0.0908203125 0.2314453125 0.1015625 0.2578125 0.1044921875
2 0.099609375 0.0400390625 0.1015625 0.0634765625 0.115234375 0.0673828125 0.126953125 0.0517578125 0.1201171875 0.033203125 0.099609375 0.0400390625
2 0.4140625 0.0517578125 0.431640625 0.0322265625 0.4052734375 0.0234375 0.400390625 0.0498046875 0.4140625 0.0517578125
2 0.501953125 0.2509765625 0.4892578125 0.23828125 0.4677734375 0.232421875 0.453125 0.2353515625 0.455078125 0.2451171875 0.4716796875 0.26171875 0.5 0.2626953125 0.501953125 0.2509765625
2 0.5771484375 0.2890625 0.5634765625 0.2890625 0.544921875 0.3056640625 0.54296875 0.3193359375 0.556640625 0.3212890625 0.580078125 0.3076171875 0.5771484375 0.2890625
2 0.8544921875 0.1015625 0.876953125 0.1044921875 0.8798828125 0.09765625 0.90625 0.0908203125 0.90625 0.0712890625 0.8876953125 0.05078125 0.8466796875 0.03515625 0.8359375 0.0478515625 0.83984375 0.0888671875 0.8544921875 0.1015625
2 0.9873046875 0.109375 0.990234375 0.0927734375 0.9697265625 0.087890625 0.9267578125 0.10546875 0.916015625 0.1162109375 0.9189453125 0.12109375 0.9375 0.1201171875 0.9873046875 0.109375
2 1 0.1337890625 0.9814453125 0.134765625 0.982421875 0.1474609375 1 0.1591796875 1 0.1337890625
2 0.5556640625 0.1796875 0.5146484375 0.19140625 0.498046875 0.2021484375 0.5126953125 0.220703125 0.5234375 0.2197265625 0.548828125 0.2080078125 0.5556640625 0.1796875
2 0.5615234375 0.091796875 0.578125 0.0908203125 0.58984375 0.0830078125 0.5966796875 0.0625 0.5732421875 0.0625 0.5537109375 0.046875 0.53125 0.0595703125 0.529296875 0.0712890625 0.5341796875 0.076171875 0.5615234375 0.091796875
2 0.564453125 0.4189453125 0.5625 0.4091796875 0.5556640625 0.40625 0.546875 0.4111328125 0.54296875 0.4619140625 0.544921875 0.4755859375 0.552734375 0.4775390625 0.564453125 0.4189453125
2 0.5400390625 0.4296875 0.529296875 0.4326171875 0.521484375 0.4619140625 0.521484375 0.4736328125 0.53125 0.4755859375 0.54296875 0.4404296875 0.5400390625 0.4296875
2 0.4248046875 0.955078125 0.3994140625 0.953125 0.388671875 0.9755859375 0.4013671875 0.9921875 0.41015625 0.9912109375 0.4375 0.9697265625 0.4248046875 0.955078125