2 0.0341796875 0.05078125 0.01171875 0.0673828125 0.017578125 0.1005859375 0.0302734375 0.11328125 0.0634765625 0.111328125 0.0712890625 0.08984375 0.068359375 0.0712890625 0.0478515625 0.05078125 0.0341796875 0.05078125
2 0.1494140625 0.16796875 0.1328125 0.1826171875 0.1328125 0.1982421875 0.1435546875 0.205078125 0.1689453125 0.208984375 0.1767578125 0.1953125 0.177734375 0.1806640625 0.1650390625 0.166015625 0.1494140625 0.16796875
2 0.0556640625 0.18359375 0.0517578125 0.177734375 0.03125 0.1806640625 0.0322265625 0.208984375 0.05078125 0.2041015625 0.0556640625 0.18359375
2 0.126953125 0.6669921875 0.126953125 0.7412109375 0.1318359375 0.74609375 0.140625 0.7353515625 0.154296875 0.6806640625 0.1787109375 0.625 0.1767578125 0.619140625 0.1572265625 0.623046875 0.126953125 0.6669921875
2 0.5048828125 0.388671875 0.478515625 0.4013671875 0.47265625 0.4326171875 0.4892578125 0.4453125 0.5126953125 0.4453125 0.5341796875 0.419921875 0.533203125 0.3935546875 0.5048828125 0.388671875
2 0.5048828125 0.1640625 0.494140625 0.1787109375 0.494140625 0.2060546875 0.5126953125 0.224609375 0.5322265625 0.21875 0.5478515625 0.19921875 0.546875 0.1748046875 0.5283203125 0.15625 0.5048828125 0.1640625
2 0.5849609375 0.25 0.564453125 0.2646484375 0.56640625 0.2861328125 0.5947265625 0.3046875 0.6162109375 0.298828125 0.6337890625 0.27734375 0.630859375 0.2607421875 0.6162109375 0.248046875 0.5849609375 0.25
2 0.5048828125 0.388671875 0.48046875 0.3974609375 0.47265625 0.4326171875 0.4892578125 0.4453125 0.5126953125 0.4453125 0.5341796875 0.419921875 0.533203125 0.3935546875 0.5048828125 0.388671875
2 0.5712890625 0.501953125 0.572265625 0.4775390625 0.5595703125 0.47265625 0.5390625 0.5048828125 0.5673828125 0.509765625 0.5712890625 0.501953125
2 0.6279296875 0.029296875 0.5966796875 0.033203125 0.58203125 0.0556640625 0.587890625 0.0791015625 0.6083984375 0.08984375 0.6455078125 0.0703125 0.646484375 0.0458984375 0.6337890625 0.041015625 0.6279296875 0.029296875
2 0.9189453125 0.1484375 0.908203125 0.1650390625 0.91015625 0.1865234375 0.9248046875 0.201171875 0.9521484375 0.201171875 0.9619140625 0.17578125 0.9501953125 0.138671875 0.9189453125 0.1484375
2 0.8017578125 0.43359375 0.78515625 0.4462890625 0.783203125 0.4697265625 0.8037109375 0.494140625 0.8251953125 0.494140625 0.8447265625 0.474609375 0.845703125 0.4541015625 0.8271484375 0.43359375 0.8017578125 0.43359375
2 0.7412109375 0.61328125 0.732421875 0.6279296875 0.732421875 0.6435546875 0.7509765625 0.669921875 0.7802734375 0.666015625 0.7919921875 0.640625 0.7890625 0.6201171875 0.7646484375 0.609375 0.7412109375 0.61328125
2 0.8212890625 0.73828125 0.806640625 0.7607421875 0.810546875 0.7861328125 0.8330078125 0.802734375 0.859375 0.7861328125 0.8662109375 0.76953125 0.8671875 0.7626953125 0.85546875 0.7490234375 0.8349609375 0.736328125 0.8212890625 0.73828125
2 0.5625 0.8740234375 0.552734375 0.9072265625 0.5693359375 0.919921875 0.5888671875 0.919921875 0.599609375 0.9130859375 0.6083984375 0.89453125 0.609375 0.8720703125 0.5986328125 0.861328125 0.5810546875 0.859375 0.5625 0.8740234375
2 0.44921875 0.5322265625 0.4306640625 0.529296875 0.421875 0.5458984375 0.421875 0.5634765625 0.4384765625 0.564453125 0.4501953125 0.55078125 0.44921875 0.5322265625