2 0.71484375 0.7607421875 0.7236328125 0.771484375 0.7666015625 0.775390625 0.796875 0.7900390625 0.8125 0.7666015625 0.8125 0.7392578125 0.80859375 0.7275390625 0.7822265625 0.705078125 0.7509765625 0.70703125 0.7314453125 0.73046875 0.71484375 0.7353515625 0.71484375 0.7607421875
2 0.91015625 0.9443359375 0.927734375 0.9345703125 0.9296875 0.9189453125 0.912109375 0.8857421875 0.8916015625 0.876953125 0.8828125 0.8876953125 0.880859375 0.9208984375 0.8974609375 0.9453125 0.91015625 0.9443359375
2 0.4462890625 0.974609375 0.4609375 0.9736328125 0.478515625 0.9130859375 0.4482421875 0.896484375 0.435546875 0.9169921875 0.408203125 0.9365234375 0.40625 0.9560546875 0.4130859375 0.962890625 0.4365234375 0.9609375 0.4462890625 0.974609375
2 0.203125 0.7060546875 0.224609375 0.6962890625 0.2265625 0.6767578125 0.2041015625 0.6484375 0.1845703125 0.64453125 0.162109375 0.6630859375 0.1640625 0.6923828125 0.1806640625 0.70703125 0.203125 0.7060546875
2 0.27734375 0.6787109375 0.265625 0.6279296875 0.2392578125 0.623046875 0.234375 0.6357421875 0.240234375 0.6865234375 0.2490234375 0.69921875 0.267578125 0.7021484375 0.27734375 0.6787109375
2 0.3515625 0.6708984375 0.3671875 0.6611328125 0.3671875 0.6455078125 0.3447265625 0.62890625 0.3330078125 0.62890625 0.32421875 0.6357421875 0.322265625 0.6591796875 0.3388671875 0.671875 0.3515625 0.6708984375
2 0.111328125 0.7236328125 0.125 0.7138671875 0.126953125 0.7001953125 0.1123046875 0.69140625 0.0927734375 0.693359375 0.0859375 0.7021484375 0.087890625 0.7177734375 0.0966796875 0.724609375 0.111328125 0.7236328125
2 0.162109375 0.7998046875 0.16015625 0.7880859375 0.1474609375 0.775390625 0.1337890625 0.775390625 0.1328125 0.7998046875 0.1396484375 0.80859375 0.154296875 0.8076171875 0.162109375 0.7998046875
2 0.162109375 0.9326171875 0.17578125 0.9228515625 0.169921875 0.8955078125 0.1396484375 0.880859375 0.1201171875 0.884765625 0.115234375 0.9091796875 0.1357421875 0.91796875 0.1474609375 0.931640625 0.162109375 0.9326171875
2 0.1240234375 0.560546875 0.126953125 0.5517578125 0.1162109375 0.53515625 0.1044921875 0.533203125 0.095703125 0.5478515625 0.099609375 0.5595703125 0.111328125 0.5634765625 0.1240234375 0.560546875
2 0.333984375 0.4755859375 0.333984375 0.4521484375 0.3251953125 0.4453125 0.3095703125 0.4453125 0.298828125 0.4541015625 0.298828125 0.4755859375 0.3203125 0.4853515625 0.333984375 0.4755859375
2 0.5 0.5185546875 0.5234375 0.4951171875 0.5234375 0.4873046875 0.5068359375 0.470703125 0.4814453125 0.466796875 0.462890625 0.4814453125 0.4609375 0.4931640625 0.4931640625 0.51953125 0.5 0.5185546875
2 0.609375 0.5146484375 0.619140625 0.5224609375 0.6376953125 0.517578125 0.6494140625 0.50390625 0.673828125 0.4912109375 0.677734375 0.4814453125 0.6650390625 0.462890625 0.6455078125 0.462890625 0.62109375 0.4833984375 0.609375 0.5146484375
2 0.599609375 0.2080078125 0.6025390625 0.203125 0.6376953125 0.205078125 0.638671875 0.1787109375 0.6240234375 0.16796875 0.5986328125 0.173828125 0.58984375 0.2001953125 0.5927734375 0.208984375 0.599609375 0.2080078125
2 0.732421875 0.2744140625 0.734375 0.2568359375 0.7275390625 0.240234375 0.7099609375 0.240234375 0.6875 0.2626953125 0.69140625 0.2861328125 0.7109375 0.2880859375 0.732421875 0.2744140625
2 0.908203125 0.4443359375 0.9140625 0.4404296875 0.9111328125 0.4296875 0.8798828125 0.421875 0.8583984375 0.40234375 0.833984375 0.4052734375 0.8408203125 0.427734375 0.8720703125 0.44140625 0.908203125 0.4443359375
2 0.123046875 0.2763671875 0.15234375 0.2412109375 0.1484375 0.2197265625 0.1396484375 0.212890625 0.1220703125 0.21484375 0.107421875 0.2392578125 0.103515625 0.2646484375 0.1123046875 0.27734375 0.123046875 0.2763671875
2 0.0009765625 0.296875 0 0.3291015625 0.021484375 0.3330078125 0.03125 0.3173828125 0.02734375 0.2978515625 0.0009765625 0.296875
2 0.0009765625 0.35546875 0 0.3798828125 0.013671875 0.3798828125 0.0341796875 0.373046875 0.041015625 0.3623046875 0.0009765625 0.35546875
2 0.2197265625 0.43359375 0.2001953125 0.42578125 0.185546875 0.4404296875 0.185546875 0.4541015625 0.216796875 0.4677734375 0.232421875 0.4501953125 0.2197265625 0.43359375
2 0.9609375 0.2919921875 0.970703125 0.2783203125 0.9599609375 0.267578125 0.9189453125 0.248046875 0.8828125 0.2490234375 0.880859375 0.2607421875 0.9013671875 0.27734375 0.9345703125 0.29296875 0.9609375 0.2919921875
2 0.900390625 0.3330078125 0.8818359375 0.31640625 0.8525390625 0.310546875 0.841796875 0.3193359375 0.841796875 0.3310546875 0.8623046875 0.349609375 0.890625 0.3505859375 0.900390625 0.3330078125
2 0.353515625 0.8310546875 0.376953125 0.8134765625 0.37890625 0.8017578125 0.3740234375 0.796875 0.3447265625 0.79296875 0.3359375 0.7978515625 0.328125 0.8134765625 0.33203125 0.8291015625 0.353515625 0.8310546875
2 0.32421875 0.8447265625 0.326171875 0.8173828125 0.3212890625 0.810546875 0.28515625 0.8388671875 0.28515625 0.8525390625 0.2919921875 0.859375 0.310546875 0.8583984375 0.32421875 0.8447265625
2 0.36328125 0.8798828125 0.3515625 0.8720703125 0.3427734375 0.845703125 0.3310546875 0.845703125 0.31640625 0.8564453125 0.3212890625 0.8828125 0.359375 0.8935546875 0.36328125 0.8798828125