2 0.9072265625 0.0703125 0.908203125 0.0478515625 0.8955078125 0.04296875 0.845703125 0.0537109375 0.8525390625 0.0703125 0.875 0.0712890625 0.9072265625 0.0703125
2 0.765625 0.1025390625 0.787109375 0.1279296875 0.8046875 0.1162109375 0.80859375 0.0869140625 0.7900390625 0.064453125 0.7802734375 0.0625 0.76953125 0.0771484375 0.771484375 0.0927734375 0.765625 0.1025390625
2 0.8349609375 0.220703125 0.84375 0.2041015625 0.7861328125 0.18359375 0.771484375 0.1982421875 0.763671875 0.2138671875 0.767578125 0.2197265625 0.8349609375 0.220703125
2 0.6357421875 0.201171875 0.615234375 0.2255859375 0.65625 0.2685546875 0.6904296875 0.267578125 0.697265625 0.2587890625 0.6953125 0.2470703125 0.67578125 0.2275390625 0.6708984375 0.208984375 0.6513671875 0.19921875 0.6357421875 0.201171875
2 0.65625 0.3779296875 0.66796875 0.3740234375 0.673828125 0.3330078125 0.6689453125 0.322265625 0.6533203125 0.32421875 0.642578125 0.3408203125 0.642578125 0.3642578125 0.65625 0.3779296875
2 0.8984375 0.4306640625 0.9140625 0.4267578125 0.923828125 0.3935546875 0.9189453125 0.3828125 0.8896484375 0.37890625 0.884765625 0.3857421875 0.884765625 0.4150390625 0.8984375 0.4306640625
2 0.876953125 0.6025390625 0.87890625 0.6201171875 0.8984375 0.6318359375 0.916015625 0.6279296875 0.916015625 0.6044921875 0.931640625 0.5966796875 0.927734375 0.5830078125 0.9150390625 0.572265625 0.8994140625 0.578125 0.876953125 0.6025390625
2 0.455078125 0.7626953125 0.4716796875 0.76171875 0.4912109375 0.75 0.501953125 0.7236328125 0.4814453125 0.720703125 0.4599609375 0.734375 0.451171875 0.7548828125 0.455078125 0.7626953125
2 0.3046875 0.2841796875 0.3212890625 0.28125 0.353515625 0.2529296875 0.3466796875 0.2265625 0.3349609375 0.224609375 0.30078125 0.2529296875 0.294921875 0.2783203125 0.3046875 0.2841796875
2 0 0.2724609375 0.0146484375 0.26953125 0.0283203125 0.25390625 0.0419921875 0.25390625 0.048828125 0.2470703125 0.048828125 0.2119140625 0.0400390625 0.205078125 0 0.1982421875 0 0.2724609375
2 0 0.5966796875 0.0126953125 0.595703125 0.0390625 0.5673828125 0.0283203125 0.56640625 0.025390625 0.5595703125 0.03515625 0.5380859375 0.029296875 0.5263671875 0.037109375 0.5205078125 0.0283203125 0.509765625 0.0068359375 0.501953125 0 0.5029296875 0 0.5966796875
2 0.201171875 0.7998046875 0.21484375 0.7939453125 0.216796875 0.7744140625 0.2119140625 0.767578125 0.2001953125 0.767578125 0.193359375 0.7783203125 0.19140625 0.7939453125 0.201171875 0.7998046875
2 0.306640625 0.8974609375 0.306640625 0.8837890625 0.2978515625 0.87890625 0.28515625 0.8857421875 0.28515625 0.8974609375 0.29296875 0.9033203125 0.306640625 0.8974609375
2 0.59375 0.9248046875 0.607421875 0.9189453125 0.623046875 0.8818359375 0.6162109375 0.861328125 0.6025390625 0.86328125 0.5859375 0.8837890625 0.58203125 0.9111328125 0.59375 0.9248046875
2 0.5654296875 0.81640625 0.53515625 0.8447265625 0.525390625 0.8623046875 0.53125 0.8916015625 0.5419921875 0.892578125 0.5703125 0.8720703125 0.580078125 0.8544921875 0.580078125 0.8388671875 0.587890625 0.8310546875 0.5830078125 0.818359375 0.5654296875 0.81640625
2 0.69921875 0.7119140625 0.708984375 0.7197265625 0.720703125 0.7177734375 0.73828125 0.6904296875 0.7421875 0.6728515625 0.7333984375 0.6640625 0.720703125 0.6708984375 0.701171875 0.6982421875 0.69921875 0.7119140625