2 0 0.1572265625 0.0185546875 0.1640625 0.03125 0.1513671875 0.03125 0.1337890625 0.0185546875 0.119140625 0.005859375 0.1201171875 0 0.1240234375 0 0.1572265625
2 0.09765625 0.2119140625 0.0849609375 0.197265625 0.068359375 0.1962890625 0.060546875 0.2060546875 0.0625 0.2236328125 0.0830078125 0.240234375 0.1005859375 0.240234375 0.10546875 0.2314453125 0.09765625 0.2119140625
2 0.162109375 0.1025390625 0.1435546875 0.091796875 0.12109375 0.0927734375 0.1025390625 0.1015625 0.099609375 0.1142578125 0.1181640625 0.130859375 0.1494140625 0.1328125 0.1640625 0.1123046875 0.162109375 0.1025390625
2 0.228515625 0.0771484375 0.2158203125 0.064453125 0.205078125 0.0634765625 0.1953125 0.0732421875 0.197265625 0.0966796875 0.208984375 0.1142578125 0.2197265625 0.119140625 0.240234375 0.0986328125 0.228515625 0.0771484375
2 0.57421875 0.1884765625 0.5517578125 0.171875 0.533203125 0.1708984375 0.51953125 0.1787109375 0.5185546875 0.19140625 0.5478515625 0.201171875 0.5673828125 0.201171875 0.57421875 0.1943359375 0.57421875 0.1884765625
2 0.494140625 0.0908203125 0.48046875 0.1357421875 0.4970703125 0.150390625 0.5166015625 0.150390625 0.521484375 0.1298828125 0.517578125 0.1044921875 0.5068359375 0.091796875 0.494140625 0.0908203125
2 0.609375 0.0537109375 0.5859375 0.0634765625 0.583984375 0.0927734375 0.5947265625 0.10546875 0.6171875 0.0888671875 0.626953125 0.0712890625 0.625 0.0595703125 0.609375 0.0537109375
2 0.7333984375 0.171875 0.7587890625 0.171875 0.78125 0.1494140625 0.783203125 0.1181640625 0.767578125 0.1142578125 0.75 0.1298828125 0.7333984375 0.171875
2 0.806640625 0.0986328125 0.791015625 0.1240234375 0.791015625 0.1455078125 0.7978515625 0.15234375 0.8115234375 0.150390625 0.82421875 0.1279296875 0.82421875 0.1005859375 0.806640625 0.0986328125
2 0.88671875 0.1162109375 0.8818359375 0.109375 0.8671875 0.1083984375 0.853515625 0.1396484375 0.853515625 0.1630859375 0.8642578125 0.17578125 0.876953125 0.1669921875 0.88671875 0.1494140625 0.88671875 0.1162109375
2 0.974609375 0.0517578125 0.9482421875 0.0625 0.94140625 0.0830078125 0.9541015625 0.083984375 0.9833984375 0.072265625 0.99609375 0.0595703125 0.9892578125 0.05078125 0.974609375 0.0517578125
2 1 0.0576171875 0.9931640625 0.05078125 0.9765625 0.0498046875 0.9521484375 0.05859375 0.9248046875 0.05859375 0.91796875 0.0732421875 0.9501953125 0.0859375 0.9873046875 0.0703125 1 0.0576171875
2 0.81640625 0.2099609375 0.8046875 0.2197265625 0.8046875 0.2392578125 0.8134765625 0.25 0.8330078125 0.251953125 0.84375 0.2353515625 0.8291015625 0.2109375 0.81640625 0.2099609375
2 0.728515625 0.1728515625 0.701171875 0.1923828125 0.6953125 0.2060546875 0.7001953125 0.212890625 0.7177734375 0.2109375 0.732421875 0.1943359375 0.734375 0.1806640625 0.728515625 0.1728515625
2 0.712890625 0.2138671875 0.70703125 0.2197265625 0.70703125 0.2412109375 0.7216796875 0.25 0.734375 0.2353515625 0.734375 0.2255859375 0.7236328125 0.212890625 0.712890625 0.2138671875
2 0.837890625 0.3369140625 0.841796875 0.3857421875 0.84765625 0.4013671875 0.8583984375 0.404296875 0.865234375 0.3955078125 0.869140625 0.3642578125 0.8447265625 0.3359375 0.837890625 0.3369140625
2 0.9716796875 0.36328125 0.9912109375 0.361328125 0.990234375 0.3408203125 0.9736328125 0.328125 0.9609375 0.3271484375 0.955078125 0.3564453125 0.9716796875 0.36328125
2 0.85546875 0.5302734375 0.8701171875 0.541015625 0.890625 0.5205078125 0.888671875 0.5029296875 0.873046875 0.4912109375 0.85546875 0.5185546875 0.85546875 0.5302734375
2 0.927734375 0.4755859375 0.919921875 0.4833984375 0.921875 0.5048828125 0.9287109375 0.509765625 0.9521484375 0.505859375 0.958984375 0.4931640625 0.95703125 0.4775390625 0.927734375 0.4755859375
2 0.830078125 0.5048828125 0.7978515625 0.470703125 0.79296875 0.4716796875 0.78515625 0.4775390625 0.78515625 0.5126953125 0.7890625 0.5302734375 0.7998046875 0.53515625 0.8251953125 0.525390625 0.830078125 0.5048828125
2 0.7490234375 0.578125 0.75390625 0.5712890625 0.751953125 0.5361328125 0.76171875 0.5283203125 0.763671875 0.5166015625 0.7578125 0.5009765625 0.740234375 0.4931640625 0.7265625 0.5048828125 0.72265625 0.5361328125 0.73828125 0.5732421875 0.7490234375 0.578125
2 0.62109375 0.5439453125 0.5966796875 0.515625 0.5859375 0.5146484375 0.568359375 0.5244140625 0.568359375 0.5400390625 0.6064453125 0.5625 0.6201171875 0.564453125 0.625 0.5576171875 0.62109375 0.5439453125
2 0.666015625 0.5283203125 0.6396484375 0.505859375 0.625 0.5048828125 0.6171875 0.5146484375 0.638671875 0.5400390625 0.65234375 0.5751953125 0.6728515625 0.576171875 0.67578125 0.5673828125 0.666015625 0.5283203125
2 0.29296875 0.6357421875 0.3193359375 0.640625 0.322265625 0.6240234375 0.3095703125 0.609375 0.30078125 0.6103515625 0.2890625 0.6259765625 0.29296875 0.6357421875
2 0.1015625 0.3486328125 0.1162109375 0.353515625 0.12109375 0.3447265625 0.109375 0.3115234375 0.09375 0.3017578125 0.08984375 0.3251953125 0.1015625 0.3486328125
2 0.1494140625 0.35546875 0.154296875 0.3466796875 0.15234375 0.3251953125 0.1484375 0.3154296875 0.138671875 0.3115234375 0.138671875 0.3427734375 0.1494140625 0.35546875
2 0.244140625 0.2626953125 0.216796875 0.2763671875 0.216796875 0.3017578125 0.2353515625 0.328125 0.2568359375 0.33984375 0.263671875 0.3310546875 0.259765625 0.2724609375 0.244140625 0.2626953125
2 0.1328125 0.3798828125 0.11328125 0.3623046875 0.109375 0.3154296875 0.1005859375 0.3046875 0.091796875 0.3037109375 0.08984375 0.3212890625 0.103515625 0.3505859375 0.09765625 0.3642578125 0.1318359375 0.416015625 0.1328125 0.3798828125
2 0.2890625 0.4248046875 0.2744140625 0.416015625 0.263671875 0.4169921875 0.251953125 0.4287109375 0.251953125 0.4443359375 0.2666015625 0.455078125 0.2919921875 0.453125 0.296875 0.4384765625 0.2890625 0.4248046875
2 0.146484375 0.7470703125 0.1337890625 0.740234375 0.119140625 0.7412109375 0.103515625 0.7548828125 0.103515625 0.7705078125 0.1181640625 0.78125 0.1416015625 0.775390625 0.1484375 0.7626953125 0.146484375 0.7470703125
2 0.080078125 0.8154296875 0.0673828125 0.806640625 0.0546875 0.8076171875 0.025390625 0.8271484375 0.029296875 0.8486328125 0.0361328125 0.85546875 0.0615234375 0.85546875 0.080078125 0.8349609375 0.080078125 0.8154296875
2 0.390625 0.8681640625 0.384765625 0.8759765625 0.380859375 0.9111328125 0.4013671875 0.9140625 0.41015625 0.9052734375 0.412109375 0.8818359375 0.4052734375 0.869140625 0.390625 0.8681640625
2 0.4765625 0.9189453125 0.4697265625 0.90234375 0.45703125 0.9033203125 0.44140625 0.9443359375 0.439453125 0.9736328125 0.4462890625 0.9765625 0.458984375 0.9716796875 0.46484375 0.9306640625 0.4765625 0.9189453125
2 0.5068359375 1 0.52734375 0.9775390625 0.53125 0.9658203125 0.5234375 0.9619140625 0.4921875 0.9833984375 0.4892578125 1 0.5068359375 1
2 0.798828125 0.9833984375 0.7705078125 0.95703125 0.755859375 0.9580078125 0.748046875 0.9658203125 0.748046875 0.9755859375 0.7587890625 0.986328125 0.7763671875 1 0.802734375 0.9970703125 0.798828125 0.9833984375
2 0.732421875 0.9990234375 0.7080078125 0.96875 0.681640625 0.9541015625 0.7001953125 1 0.732421875 0.9990234375
2 0.94140625 0.5830078125 0.94140625 0.5693359375 0.93359375 0.5673828125 0.90234375 0.5908203125 0.8984375 0.6044921875 0.9033203125 0.609375 0.9228515625 0.611328125 0.93359375 0.6025390625 0.94140625 0.5830078125
2 0.830078125 0.6572265625 0.8349609375 0.66015625 0.8515625 0.6416015625 0.8515625 0.6298828125 0.841796875 0.6259765625 0.830078125 0.6396484375 0.830078125 0.6572265625
2 0.6767578125 0.68359375 0.689453125 0.6728515625 0.689453125 0.6416015625 0.6826171875 0.634765625 0.66796875 0.6357421875 0.662109375 0.6708984375 0.6767578125 0.68359375
2 0.412109375 0.7978515625 0.390625 0.8076171875 0.3935546875 0.82421875 0.4072265625 0.83203125 0.4404296875 0.83203125 0.451171875 0.8251953125 0.4423828125 0.80078125 0.412109375 0.7978515625
2 0.619140625 0.8701171875 0.623046875 0.8564453125 0.609375 0.8505859375 0.5927734375 0.85546875 0.580078125 0.8701171875 0.578125 0.8876953125 0.5830078125 0.89453125 0.5966796875 0.890625 0.619140625 0.8701171875
2 0.72265625 0.8154296875 0.70703125 0.8134765625 0.697265625 0.8193359375 0.697265625 0.8388671875 0.7216796875 0.83984375 0.72265625 0.8154296875
2 0.189453125 0.6650390625 0.177734375 0.6611328125 0.171875 0.6962890625 0.1865234375 0.701171875 0.193359375 0.6943359375 0.189453125 0.6650390625
2 0.0009765625 0.677734375 0.0107421875 0.6796875 0.025390625 0.6689453125 0.02734375 0.6513671875 0.015625 0.6513671875 0 0.6572265625 0.0009765625 0.677734375