2 0.267578125 0.3720703125 0.2607421875 0.361328125 0.2451171875 0.359375 0.2421875 0.3935546875 0.26171875 0.4013671875 0.271484375 0.3935546875 0.267578125 0.3720703125
2 0.296875 0.3642578125 0.2861328125 0.345703125 0.2724609375 0.34375 0.267578125 0.3466796875 0.26953125 0.3701171875 0.2783203125 0.3828125 0.287109375 0.3818359375 0.296875 0.3642578125
2 0.15625 0.4443359375 0.17578125 0.4580078125 0.181640625 0.4541015625 0.181640625 0.4404296875 0.16796875 0.4169921875 0.169921875 0.3994140625 0.1630859375 0.3984375 0.15234375 0.4091796875 0.1484375 0.4267578125 0.15625 0.4443359375
2 0.505859375 0.6923828125 0.5361328125 0.6875 0.546875 0.6748046875 0.546875 0.6650390625 0.5341796875 0.66015625 0.5048828125 0.669921875 0.49609375 0.6826171875 0.498046875 0.6904296875 0.505859375 0.6923828125
2 0.423828125 0.7666015625 0.416015625 0.7529296875 0.3994140625 0.736328125 0.3701171875 0.73046875 0.375 0.7470703125 0.4072265625 0.779296875 0.41796875 0.7802734375 0.423828125 0.7666015625
2 0.53515625 0.9013671875 0.546875 0.8916015625 0.541015625 0.8720703125 0.5283203125 0.86328125 0.5029296875 0.865234375 0.498046875 0.8740234375 0.5 0.8935546875 0.5068359375 0.900390625 0.53515625 0.9013671875
2 0.591796875 0.8779296875 0.5732421875 0.873046875 0.556640625 0.9111328125 0.5654296875 0.923828125 0.583984375 0.9267578125 0.599609375 0.9033203125 0.591796875 0.8779296875
2 0.150390625 0.8623046875 0.138671875 0.8427734375 0.1044921875 0.828125 0.095703125 0.8408203125 0.1015625 0.8623046875 0.1201171875 0.876953125 0.1484375 0.8798828125 0.150390625 0.8623046875
2 0.9296875 0.7724609375 0.935546875 0.7666015625 0.939453125 0.7314453125 0.9130859375 0.71484375 0.8896484375 0.72265625 0.880859375 0.7353515625 0.8828125 0.7587890625 0.9013671875 0.771484375 0.9296875 0.7724609375
2 0.6845703125 0.390625 0.6875 0.3818359375 0.6708984375 0.359375 0.6455078125 0.35546875 0.6328125 0.3623046875 0.6494140625 0.390625 0.671875 0.3955078125 0.6845703125 0.390625
2 0.6845703125 0.42578125 0.720703125 0.4306640625 0.73046875 0.4208984375 0.728515625 0.4033203125 0.7216796875 0.396484375 0.6904296875 0.390625 0.66796875 0.4052734375 0.6728515625 0.4140625 0.685546875 0.4189453125 0.6845703125 0.42578125