2 0.4296875 0.4306640625 0.43359375 0.4580078125 0.423828125 0.4794921875 0.4267578125 0.484375 0.4580078125 0.4921875 0.48046875 0.4814453125 0.486328125 0.4365234375 0.46484375 0.4169921875 0.4501953125 0.416015625 0.4384765625 0.4296875 0.4296875 0.4306640625
2 0.736328125 0.4775390625 0.736328125 0.4912109375 0.7529296875 0.5078125 0.7880859375 0.509765625 0.798828125 0.4970703125 0.798828125 0.4736328125 0.7841796875 0.462890625 0.767578125 0.4619140625 0.7451171875 0.462890625 0.736328125 0.4775390625
2 0.01171875 0.2900390625 0.01171875 0.3173828125 0.0224609375 0.3359375 0.0771484375 0.345703125 0.091796875 0.3349609375 0.09765625 0.3251953125 0.09375 0.2880859375 0.06640625 0.2822265625 0.0205078125 0.283203125 0.01171875 0.2900390625
2 0.16015625 0.6689453125 0.15625 0.6513671875 0.0947265625 0.65625 0.087890625 0.6630859375 0.1162109375 0.69140625 0.1455078125 0.69140625 0.16015625 0.6689453125
2 0.10546875 0.7451171875 0.095703125 0.7353515625 0.0712890625 0.736328125 0.06640625 0.7529296875 0.0869140625 0.759765625 0.1025390625 0.7578125 0.10546875 0.7451171875
2 0 0.8056640625 0.0341796875 0.810546875 0.04296875 0.8037109375 0.046875 0.7880859375 0.01953125 0.7548828125 0 0.7568359375 0 0.8056640625
2 0.3076171875 0.779296875 0.296875 0.7998046875 0.298828125 0.8193359375 0.3115234375 0.833984375 0.3232421875 0.833984375 0.337890625 0.8193359375 0.3359375 0.7978515625 0.3203125 0.7802734375 0.3076171875 0.779296875
2 0.3359375 0.7607421875 0.3046875 0.7275390625 0.29296875 0.7294921875 0.2890625 0.7451171875 0.3076171875 0.767578125 0.3369140625 0.77734375 0.3359375 0.7607421875
2 0.677734375 0.9599609375 0.6708984375 0.958984375 0.66015625 0.9755859375 0.6767578125 0.98828125 0.6884765625 0.98828125 0.693359375 0.9853515625 0.69140625 0.9697265625 0.677734375 0.9599609375
2 1 0.5341796875 0.9931640625 0.533203125 0.96484375 0.5517578125 0.9658203125 0.5703125 1 0.5673828125 1 0.5341796875
2 0.3115234375 0.419921875 0.291015625 0.4384765625 0.28515625 0.4599609375 0.2958984375 0.474609375 0.3212890625 0.478515625 0.349609375 0.4658203125 0.35546875 0.4384765625 0.337890625 0.4130859375 0.3115234375 0.419921875
2 0.59375 0.0556640625 0.595703125 0.0830078125 0.6025390625 0.09375 0.6142578125 0.09765625 0.646484375 0.0810546875 0.65625 0.0537109375 0.6513671875 0.04296875 0.625 0.0341796875 0.6025390625 0.041015625 0.59375 0.0556640625
2 0.171875 0.6123046875 0.1640625 0.5908203125 0.0966796875 0.58984375 0.091796875 0.6044921875 0.1064453125 0.619140625 0.1572265625 0.62890625 0.171875 0.6123046875