2 0.5419921875 0 0.5390625 0.0654296875 0.5908203125 0.0703125 0.6142578125 0.064453125 0.62109375 0.0478515625 0.625 0.0009765625 0.5419921875 0
2 0.681640625 0.2021484375 0.6865234375 0.216796875 0.7060546875 0.21484375 0.71484375 0.2021484375 0.712890625 0.1455078125 0.701171875 0.1318359375 0.6904296875 0.130859375 0.68359375 0.1416015625 0.681640625 0.2021484375
2 0.1025390625 0.365234375 0.1376953125 0.3671875 0.150390625 0.3564453125 0.15625 0.3349609375 0.154296875 0.3115234375 0.142578125 0.2939453125 0.1201171875 0.29296875 0.1015625 0.3154296875 0.09375 0.3505859375 0.1025390625 0.365234375
2 0.1083984375 0.546875 0.1591796875 0.5390625 0.166015625 0.5283203125 0.166015625 0.5068359375 0.15234375 0.4873046875 0.12890625 0.4814453125 0.1064453125 0.484375 0.095703125 0.4931640625 0.09375 0.5263671875 0.1083984375 0.546875
2 0.125 0.4365234375 0.1513671875 0.453125 0.1767578125 0.447265625 0.185546875 0.4384765625 0.193359375 0.4111328125 0.19140625 0.3857421875 0.1416015625 0.39453125 0.125 0.4365234375
2 0.2666015625 0.68359375 0.3154296875 0.681640625 0.3359375 0.6591796875 0.337890625 0.6181640625 0.3271484375 0.603515625 0.306640625 0.5986328125 0.2744140625 0.599609375 0.25390625 0.6123046875 0.2578125 0.6748046875 0.2666015625 0.68359375
2 0.2744140625 0.5546875 0.3173828125 0.556640625 0.34375 0.5458984375 0.33984375 0.4912109375 0.3291015625 0.478515625 0.3203125 0.4775390625 0.2802734375 0.48046875 0.2734375 0.4892578125 0.267578125 0.5048828125 0.267578125 0.5400390625 0.2744140625 0.5546875
2 0.1728515625 0.75 0.1982421875 0.7578125 0.21484375 0.7431640625 0.216796875 0.7119140625 0.2041015625 0.6875 0.18359375 0.6865234375 0.169921875 0.6962890625 0.162109375 0.7294921875 0.1728515625 0.75
2 0.84375 0.7802734375 0.8505859375 0.7890625 0.8798828125 0.7890625 0.919921875 0.7646484375 0.921875 0.7451171875 0.908203125 0.7138671875 0.8837890625 0.712890625 0.87109375 0.7197265625 0.8671875 0.7373046875 0.849609375 0.7490234375 0.84375 0.7607421875 0.84375 0.7802734375
2 0.6640625 0.9736328125 0.6806640625 0.99609375 0.7001953125 0.998046875 0.7109375 0.9912109375 0.712890625 0.9384765625 0.70703125 0.9267578125 0.6845703125 0.927734375 0.66796875 0.9482421875 0.6640625 0.9736328125
2 0.587890625 0.3935546875 0.5888671875 0.44921875 0.6123046875 0.4453125 0.6328125 0.4287109375 0.63671875 0.3994140625 0.62890625 0.3857421875 0.6005859375 0.384765625 0.587890625 0.3935546875
2 0.6171875 0.6083984375 0.6318359375 0.625 0.6630859375 0.625 0.677734375 0.6083984375 0.68359375 0.5751953125 0.65234375 0.5478515625 0.6259765625 0.5546875 0.61328125 0.5791015625 0.6171875 0.6083984375
2 0.380859375 0.2724609375 0.3916015625 0.287109375 0.4130859375 0.291015625 0.455078125 0.2626953125 0.455078125 0.1845703125 0.443359375 0.1787109375 0.4189453125 0.1796875 0.38671875 0.2001953125 0.375 0.2451171875 0.3828125 0.2587890625 0.380859375 0.2724609375