2 0.359375 0.9111328125 0.3798828125 0.92578125 0.3994140625 0.923828125 0.421875 0.8974609375 0.41796875 0.8701171875 0.400390625 0.8544921875 0.3701171875 0.857421875 0.35546875 0.8759765625 0.359375 0.9111328125
2 0.609375 0.4716796875 0.6259765625 0.482421875 0.6396484375 0.48046875 0.6484375 0.4677734375 0.64453125 0.4521484375 0.6328125 0.4462890625 0.6201171875 0.447265625 0.607421875 0.4599609375 0.609375 0.4716796875
2 0.67578125 0.4599609375 0.67578125 0.4873046875 0.6962890625 0.498046875 0.705078125 0.4873046875 0.705078125 0.4755859375 0.681640625 0.4560546875 0.67578125 0.4599609375
2 0.880859375 0.4052734375 0.8876953125 0.4140625 0.9130859375 0.412109375 0.921875 0.4013671875 0.921875 0.3876953125 0.900390625 0.3720703125 0.8837890625 0.373046875 0.87890625 0.3857421875 0.880859375 0.4052734375
2 0.337890625 0.7548828125 0.3359375 0.7724609375 0.3427734375 0.783203125 0.3642578125 0.787109375 0.369140625 0.7763671875 0.3515625 0.7529296875 0.337890625 0.7548828125
2 0.10546875 0.8818359375 0.1220703125 0.892578125 0.1513671875 0.88671875 0.16015625 0.8759765625 0.162109375 0.8564453125 0.154296875 0.8466796875 0.1396484375 0.845703125 0.1142578125 0.85546875 0.103515625 0.8720703125 0.10546875 0.8818359375
2 0.0146484375 0.96484375 0.0302734375 0.96875 0.05078125 0.9580078125 0.0625 0.9404296875 0.0625 0.9267578125 0.046875 0.9208984375 0.01953125 0.9248046875 0.009765625 0.9462890625 0.0146484375 0.96484375
2 0.380859375 0.5458984375 0.3955078125 0.5703125 0.4072265625 0.572265625 0.42578125 0.5517578125 0.42578125 0.5341796875 0.404296875 0.5146484375 0.3828125 0.5224609375 0.380859375 0.5458984375
2 0.33984375 0.3916015625 0.3388671875 0.427734375 0.3720703125 0.4296875 0.380859375 0.4228515625 0.384765625 0.3935546875 0.369140625 0.3759765625 0.3525390625 0.37890625 0.33984375 0.3916015625
2 0.263671875 0.4814453125 0.2685546875 0.498046875 0.2822265625 0.5 0.298828125 0.4892578125 0.2958984375 0.48046875 0.279296875 0.4775390625 0.263671875 0.4814453125
2 0.2578125 0.1748046875 0.2724609375 0.189453125 0.2919921875 0.1953125 0.302734375 0.1865234375 0.306640625 0.1650390625 0.291015625 0.1572265625 0.2763671875 0.15625 0.2578125 0.1689453125 0.2578125 0.1748046875
2 0.51953125 0.0517578125 0.5361328125 0.07421875 0.5673828125 0.076171875 0.583984375 0.0517578125 0.580078125 0.0166015625 0.54296875 0.0009765625 0.5283203125 0.00390625 0.521484375 0.0126953125 0.51953125 0.0517578125
2 0.91015625 0.1240234375 0.91015625 0.1025390625 0.900390625 0.1025390625 0.900390625 0.0927734375 0.88671875 0.0849609375 0.88671875 0.0771484375 0.8818359375 0.0859375 0.8408203125 0.087890625 0.83203125 0.1025390625 0.83203125 0.1318359375 0.8642578125 0.16015625 0.8857421875 0.15625 0.91015625 0.1240234375
2 0.791015625 0.3408203125 0.8056640625 0.357421875 0.8349609375 0.34765625 0.8515625 0.3251953125 0.8515625 0.3193359375 0.8203125 0.2919921875 0.814453125 0.2939453125 0.791015625 0.3408203125
2 0.96875 0.3408203125 0.96484375 0.3662109375 0.9736328125 0.380859375 0.9990234375 0.3828125 1 0.3369140625 0.98828125 0.3330078125 0.96875 0.3408203125
2 1 0.7822265625 0.970703125 0.7763671875 0.94921875 0.7841796875 0.939453125 0.8017578125 0.94140625 0.8134765625 0.9521484375 0.828125 0.9873046875 0.830078125 1 0.8193359375 1 0.7822265625
2 0.6787109375 0.76171875 0.671875 0.7783203125 0.6806640625 0.78515625 0.7021484375 0.779296875 0.712890625 0.7646484375 0.70703125 0.7509765625 0.6982421875 0.75 0.6787109375 0.76171875
2 0.7509765625 0.93359375 0.7109375 0.9658203125 0.7080078125 1 0.79296875 0.9990234375 0.779296875 0.9423828125 0.76953125 0.9326171875 0.7509765625 0.93359375