2 0.451171875 0.9755859375 0.47265625 0.9990234375 0.5009765625 1 0.517578125 0.9794921875 0.515625 0.9619140625 0.5029296875 0.9375 0.4658203125 0.9375 0.453125 0.9501953125 0.451171875 0.9755859375
2 0.716796875 0.5439453125 0.72265625 0.5771484375 0.74609375 0.5966796875 0.7587890625 0.59765625 0.783203125 0.5771484375 0.77734375 0.5458984375 0.7548828125 0.533203125 0.716796875 0.5439453125
2 0.5947265625 0.6328125 0.611328125 0.6376953125 0.62890625 0.6318359375 0.63671875 0.6005859375 0.6142578125 0.580078125 0.5947265625 0.576171875 0.576171875 0.5908203125 0.576171875 0.6142578125 0.5947265625 0.6328125
2 0.0712890625 0.896484375 0.0625 0.9052734375 0.07421875 0.9091796875 0.05859375 0.9150390625 0.05859375 0.9716796875 0.07421875 0.9775390625 0.0732421875 0.984375 0.06640625 0.9833984375 0.0693359375 0.98828125 0.09765625 0.9912109375 0.1142578125 0.9921875 0.12109375 0.9697265625 0.12890625 0.9736328125 0.1328125 0.9306640625 0.12109375 0.9248046875 0.1044921875 0.8984375 0.0712890625 0.896484375
2 0.4580078125 0.84765625 0.47265625 0.8486328125 0.486328125 0.8388671875 0.486328125 0.8134765625 0.4697265625 0.80078125 0.4423828125 0.8046875 0.4375 0.8095703125 0.44140625 0.8369140625 0.4580078125 0.84765625
2 0.5947265625 0.728515625 0.5546875 0.7294921875 0.55078125 0.7548828125 0.56640625 0.7685546875 0.595703125 0.7666015625 0.599609375 0.7353515625 0.5947265625 0.728515625
2 0.26171875 0.6123046875 0.2919921875 0.61328125 0.302734375 0.6005859375 0.294921875 0.5673828125 0.2822265625 0.55859375 0.2626953125 0.55859375 0.25 0.5712890625 0.248046875 0.5966796875 0.25390625 0.6103515625 0.26171875 0.6123046875
2 0 0.4013671875 0.017578125 0.4169921875 0.0361328125 0.41796875 0.052734375 0.4091796875 0.052734375 0.3837890625 0.0419921875 0.365234375 0.0087890625 0.361328125 0 0.3681640625 0 0.4013671875
2 0.0908203125 0.173828125 0.0634765625 0.177734375 0.052734375 0.1962890625 0.0703125 0.2041015625 0.0947265625 0.201171875 0.099609375 0.1806640625 0.0908203125 0.173828125
2 0.154296875 0.2177734375 0.154296875 0.2431640625 0.1640625 0.2529296875 0.1806640625 0.251953125 0.197265625 0.2412109375 0.19921875 0.2294921875 0.1884765625 0.216796875 0.154296875 0.2177734375
2 0.435546875 0.2841796875 0.4521484375 0.28125 0.462890625 0.2685546875 0.462890625 0.2392578125 0.4404296875 0.22265625 0.4150390625 0.228515625 0.404296875 0.2548828125 0.404296875 0.2705078125 0.4130859375 0.279296875 0.435546875 0.2841796875
2 0.4921875 0.0634765625 0.486328125 0.0908203125 0.4921875 0.1005859375 0.5048828125 0.099609375 0.529296875 0.0751953125 0.5263671875 0.0625 0.5029296875 0.05859375 0.4921875 0.0634765625
2 0.1923828125 0.05859375 0.16796875 0.0751953125 0.16796875 0.0888671875 0.17578125 0.0927734375 0.1943359375 0.09375 0.20703125 0.0810546875 0.1923828125 0.05859375
2 0.14453125 0.1279296875 0.1416015625 0.099609375 0.115234375 0.1044921875 0.111328125 0.1279296875 0.119140625 0.1337890625 0.14453125 0.1279296875