2 0.6171875 0.3681640625 0.626953125 0.3349609375 0.6181640625 0.326171875 0.5908203125 0.3203125 0.5771484375 0.326171875 0.5673828125 0.341796875 0.568359375 0.3603515625 0.5849609375 0.37890625 0.6044921875 0.37890625 0.6171875 0.3681640625
2 0.4248046875 0.501953125 0.4453125 0.4990234375 0.4453125 0.4697265625 0.4306640625 0.451171875 0.3935546875 0.447265625 0.3681640625 0.45703125 0.3701171875 0.46875 0.4072265625 0.482421875 0.4248046875 0.501953125
2 0.3994140625 0.427734375 0.4443359375 0.4140625 0.45703125 0.3974609375 0.4501953125 0.388671875 0.4287109375 0.38671875 0.3916015625 0.419921875 0.3916015625 0.427734375 0.3994140625 0.427734375
2 0.7900390625 0.623046875 0.8017578125 0.623046875 0.806640625 0.6181640625 0.802734375 0.5966796875 0.7822265625 0.58203125 0.7724609375 0.583984375 0.775390625 0.6083984375 0.7900390625 0.623046875
2 0.7802734375 0.564453125 0.826171875 0.5087890625 0.8154296875 0.505859375 0.7978515625 0.515625 0.763671875 0.5478515625 0.7607421875 0.5625 0.7626953125 0.5703125 0.7802734375 0.564453125
2 0.8779296875 0.32421875 0.8828125 0.3076171875 0.8779296875 0.30078125 0.8603515625 0.302734375 0.8310546875 0.3125 0.8193359375 0.326171875 0.8232421875 0.3359375 0.8349609375 0.3359375 0.8779296875 0.32421875
2 0.8115234375 0.3125 0.8564453125 0.302734375 0.880859375 0.2802734375 0.8662109375 0.27734375 0.8369140625 0.28515625 0.8017578125 0.30859375 0.8115234375 0.3125
2 0.84765625 0.2607421875 0.84765625 0.2470703125 0.8310546875 0.2421875 0.8154296875 0.25 0.7890625 0.2763671875 0.7861328125 0.287109375 0.7900390625 0.302734375 0.8115234375 0.30078125 0.84765625 0.2607421875
2 0.7607421875 0.310546875 0.7744140625 0.3125 0.78515625 0.3017578125 0.78515625 0.2900390625 0.7744140625 0.28515625 0.7587890625 0.298828125 0.7607421875 0.310546875
2 0.7392578125 0.291015625 0.7509765625 0.291015625 0.76171875 0.2841796875 0.76171875 0.2744140625 0.7470703125 0.271484375 0.7373046875 0.279296875 0.7392578125 0.291015625
2 0.646484375 0.3056640625 0.6484375 0.2861328125 0.6337890625 0.259765625 0.62109375 0.2626953125 0.619140625 0.2822265625 0.6083984375 0.298828125 0.609375 0.3095703125 0.6201171875 0.31640625 0.6357421875 0.314453125 0.646484375 0.3056640625
2 0.271484375 0.6826171875 0.2900390625 0.689453125 0.302734375 0.6728515625 0.30078125 0.6669921875 0.2822265625 0.654296875 0.2724609375 0.658203125 0.271484375 0.6826171875
2 0.60546875 0.0986328125 0.6201171875 0.099609375 0.642578125 0.0810546875 0.646484375 0.0654296875 0.6103515625 0.0703125 0.6044921875 0.08203125 0.60546875 0.0986328125
2 0.0908203125 0.798828125 0.1044921875 0.80078125 0.115234375 0.7919921875 0.0966796875 0.763671875 0.0888671875 0.763671875 0.0791015625 0.77734375 0.078125 0.7880859375 0.0908203125 0.798828125
2 0.2666015625 0.759765625 0.2841796875 0.759765625 0.306640625 0.7353515625 0.31640625 0.7138671875 0.3056640625 0.7109375 0.2666015625 0.75390625 0.2666015625 0.759765625
2 0.8720703125 0.041015625 0.8837890625 0.0625 0.9287109375 0.064453125 0.953125 0.0576171875 0.9443359375 0.037109375 0.8720703125 0.041015625