3 0.58984375 0.4716796875 0.591796875 0.4853515625 0.6025390625 0.498046875 0.6416015625 0.5078125 0.6630859375 0.50390625 0.673828125 0.4931640625 0.6875 0.4619140625 0.689453125 0.4384765625 0.68359375 0.4208984375 0.669921875 0.4072265625 0.6318359375 0.40625 0.603515625 0.4287109375 0.58984375 0.4716796875
3 0.42578125 0.4697265625 0.41796875 0.5009765625 0.400390625 0.5244140625 0.40234375 0.5517578125 0.4091796875 0.5546875 0.4267578125 0.544921875 0.4404296875 0.5546875 0.4619140625 0.55859375 0.4951171875 0.54296875 0.5234375 0.5087890625 0.53125 0.4716796875 0.53125 0.4287109375 0.4580078125 0.43359375 0.4443359375 0.44140625 0.42578125 0.4697265625
3 0.296875 0.5126953125 0.29296875 0.5341796875 0.298828125 0.5517578125 0.3251953125 0.572265625 0.3642578125 0.568359375 0.37890625 0.5517578125 0.390625 0.5244140625 0.390625 0.4892578125 0.373046875 0.4521484375 0.3388671875 0.458984375 0.30859375 0.4892578125 0.296875 0.5126953125
3 0.228515625 0.6943359375 0.232421875 0.7197265625 0.2607421875 0.740234375 0.2822265625 0.73828125 0.294921875 0.7275390625 0.306640625 0.7119140625 0.3125 0.6884765625 0.3125 0.6630859375 0.3046875 0.6513671875 0.275390625 0.6435546875 0.2646484375 0.64453125 0.23828125 0.6630859375 0.228515625 0.6943359375
3 0.0185546875 0.482421875 0.0517578125 0.482421875 0.07421875 0.4619140625 0.076171875 0.4228515625 0.037109375 0.4052734375 0.001953125 0.4345703125 0.001953125 0.4716796875 0.0185546875 0.482421875
3 0.01953125 0.3310546875 0.0244140625 0.359375 0.08984375 0.3681640625 0.083984375 0.3583984375 0.0859375 0.3447265625 0.099609375 0.3251953125 0.099609375 0.3115234375 0.087890625 0.2802734375 0.072265625 0.2724609375 0.0537109375 0.275390625 0.025390625 0.3056640625 0.01953125 0.3310546875
3 0.2734375 0.3310546875 0.2880859375 0.349609375 0.3251953125 0.34765625 0.345703125 0.3330078125 0.35546875 0.3173828125 0.357421875 0.2900390625 0.3447265625 0.275390625 0.32421875 0.2685546875 0.3017578125 0.271484375 0.279296875 0.2958984375 0.2734375 0.3310546875
3 0.224609375 0.0693359375 0.2607421875 0.091796875 0.2802734375 0.083984375 0.3046875 0.0537109375 0.30078125 0.0205078125 0.283203125 0.0009765625 0.2373046875 0.00390625 0.224609375 0.0380859375 0.224609375 0.0693359375
3 0.5263671875 0.04296875 0.5634765625 0.048828125 0.58984375 0.0244140625 0.6015625 0.0009765625 0.4990234375 0 0.498046875 0.0068359375 0.5263671875 0.04296875
3 0.740234375 0.0654296875 0.7421875 0.0966796875 0.7509765625 0.111328125 0.7646484375 0.119140625 0.7998046875 0.115234375 0.830078125 0.0791015625 0.828125 0.0341796875 0.8173828125 0.025390625 0.79296875 0.0224609375 0.7763671875 0.021484375 0.74609375 0.0498046875 0.740234375 0.0654296875
3 0.69140625 0.4853515625 0.7001953125 0.494140625 0.7275390625 0.4921875 0.74609375 0.4677734375 0.75390625 0.4248046875 0.7490234375 0.41796875 0.734375 0.4150390625 0.7158203125 0.4140625 0.6953125 0.4423828125 0.69140625 0.4853515625
3 0.486328125 0.7802734375 0.484375 0.8056640625 0.5009765625 0.830078125 0.5458984375 0.830078125 0.57421875 0.7998046875 0.572265625 0.7646484375 0.55078125 0.7451171875 0.5322265625 0.744140625 0.5205078125 0.75 0.486328125 0.7802734375
3 0.4453125 0.7119140625 0.4658203125 0.744140625 0.4912109375 0.744140625 0.5234375 0.7177734375 0.53125 0.6767578125 0.5185546875 0.65625 0.501953125 0.6494140625 0.4638671875 0.6640625 0.4453125 0.6904296875 0.4453125 0.7119140625
3 0.673828125 0.7412109375 0.6884765625 0.7734375 0.7373046875 0.765625 0.7568359375 0.7421875 0.78125 0.7353515625 0.78125 0.7255859375 0.76171875 0.7119140625 0.7265625 0.6689453125 0.7001953125 0.6796875 0.6796875 0.7001953125 0.673828125 0.7412109375
3 0.736328125 0.5244140625 0.7421875 0.5537109375 0.7548828125 0.560546875 0.7841796875 0.546875 0.7890625 0.5712890625 0.8056640625 0.58984375 0.8193359375 0.58984375 0.8359375 0.5791015625 0.849609375 0.5556640625 0.849609375 0.5283203125 0.8388671875 0.513671875 0.8134765625 0.5078125 0.806640625 0.4853515625 0.791015625 0.4755859375 0.7705078125 0.4765625 0.7421875 0.4990234375 0.736328125 0.5244140625
3 0.83984375 0.6513671875 0.8662109375 0.67578125 0.8876953125 0.673828125 0.9072265625 0.662109375 0.93359375 0.6240234375 0.93359375 0.5849609375 0.904296875 0.5615234375 0.8740234375 0.564453125 0.83984375 0.6044921875 0.83984375 0.6513671875
3 0.68359375 0.8701171875 0.68359375 0.8916015625 0.7158203125 0.91796875 0.7392578125 0.91796875 0.7666015625 0.90234375 0.787109375 0.8701171875 0.783203125 0.8251953125 0.7705078125 0.80859375 0.744140625 0.8037109375 0.7294921875 0.802734375 0.701171875 0.8271484375 0.68359375 0.8701171875
3 0.90234375 0.9951171875 0.9697265625 0.998046875 0.9765625 0.9814453125 0.974609375 0.9638671875 0.958984375 0.9443359375 0.9208984375 0.951171875 0.90625 0.9677734375 0.90234375 0.9951171875