3 0.92578125 0.4482421875 0.912109375 0.4697265625 0.89453125 0.5263671875 0.896484375 0.5732421875 0.91015625 0.6240234375 0.9560546875 0.67578125 0.9951171875 0.6953125 1 0.6943359375 0.9990234375 0.388671875 0.9697265625 0.40234375 0.92578125 0.4482421875
3 0.8095703125 0.314453125 0.8505859375 0.31640625 0.8896484375 0.3046875 0.919921875 0.2802734375 0.93359375 0.2470703125 0.9365234375 0.201171875 0.93359375 0.1806640625 0.91015625 0.1435546875 0.8798828125 0.119140625 0.8544921875 0.109375 0.8017578125 0.103515625 0.7724609375 0.119140625 0.740234375 0.1494140625 0.724609375 0.1787109375 0.72265625 0.2138671875 0.734375 0.2548828125 0.7587890625 0.28515625 0.8095703125 0.314453125
3 0.685546875 0.5498046875 0.6845703125 0.529296875 0.6572265625 0.494140625 0.6337890625 0.4921875 0.6162109375 0.498046875 0.5986328125 0.5078125 0.576171875 0.5361328125 0.572265625 0.5576171875 0.578125 0.5791015625 0.6025390625 0.60546875 0.6396484375 0.603515625 0.6591796875 0.59375 0.677734375 0.5732421875 0.685546875 0.5498046875
3 0.865234375 0.9248046875 0.888671875 0.8916015625 0.8916015625 0.8671875 0.8828125 0.8466796875 0.8623046875 0.82421875 0.8271484375 0.810546875 0.8037109375 0.810546875 0.759765625 0.8330078125 0.7421875 0.8681640625 0.7421875 0.8896484375 0.748046875 0.9091796875 0.7744140625 0.94140625 0.7919921875 0.951171875 0.8154296875 0.951171875 0.865234375 0.9248046875
3 0.7705078125 0.736328125 0.75 0.7548828125 0.748046875 0.7822265625 0.7705078125 0.802734375 0.8095703125 0.798828125 0.826171875 0.7822265625 0.8271484375 0.75390625 0.8173828125 0.7421875 0.8017578125 0.736328125 0.7705078125 0.736328125
3 0.771484375 0.5107421875 0.7861328125 0.52734375 0.8076171875 0.529296875 0.826171875 0.5166015625 0.8271484375 0.49609375 0.8134765625 0.478515625 0.7861328125 0.4765625 0.771484375 0.4912109375 0.771484375 0.5107421875
3 0.6015625 0.1044921875 0.5693359375 0.07421875 0.5361328125 0.07421875 0.521484375 0.0908203125 0.513671875 0.1142578125 0.51953125 0.1611328125 0.5283203125 0.16796875 0.5537109375 0.169921875 0.5869140625 0.166015625 0.607421875 0.1474609375 0.6083984375 0.119140625 0.6015625 0.1044921875
3 0.3564453125 0.220703125 0.3740234375 0.19921875 0.3916015625 0.216796875 0.4208984375 0.216796875 0.4423828125 0.208984375 0.458984375 0.1923828125 0.4619140625 0.162109375 0.453125 0.1396484375 0.4287109375 0.125 0.3994140625 0.125 0.3740234375 0.146484375 0.3466796875 0.123046875 0.3232421875 0.123046875 0.298828125 0.1416015625 0.2890625 0.1669921875 0.2890625 0.1904296875 0.3095703125 0.21875 0.3271484375 0.2265625 0.3564453125 0.220703125
3 0.2578125 0.2490234375 0.2255859375 0.23046875 0.1728515625 0.23828125 0.162109375 0.2548828125 0.162109375 0.2900390625 0.16796875 0.3056640625 0.1806640625 0.31640625 0.2001953125 0.32421875 0.2392578125 0.32421875 0.26171875 0.3037109375 0.2626953125 0.26953125 0.2578125 0.2490234375
3 0.2236328125 0.953125 0.2880859375 0.962890625 0.3486328125 0.953125 0.3740234375 0.9375 0.3798828125 0.92578125 0.3935546875 0.931640625 0.40234375 0.9228515625 0.416015625 0.8955078125 0.4169921875 0.875 0.408203125 0.8525390625 0.384765625 0.8310546875 0.388671875 0.8251953125 0.37890625 0.8095703125 0.3310546875 0.76953125 0.2822265625 0.78125 0.2509765625 0.77734375 0.1982421875 0.78515625 0.169921875 0.8291015625 0.177734375 0.9169921875 0.1962890625 0.94140625 0.2236328125 0.953125
3 0.5732421875 0.9609375 0.5546875 0.9755859375 0.541015625 0.9990234375 0.6845703125 1 0.6845703125 0.994140625 0.6611328125 0.962890625 0.6318359375 0.951171875 0.6123046875 0.951171875 0.5732421875 0.9609375
3 0.9501953125 1 0.9609375 0.9775390625 0.9599609375 0.962890625 0.9404296875 0.93359375 0.9033203125 0.93359375 0.865234375 0.9560546875 0.853515625 0.9755859375 0.853515625 0.9892578125 0.8583984375 1 0.9501953125 1
3 0.1181640625 1 0.1181640625 0.970703125 0.107421875 0.9365234375 0.0869140625 0.91015625 0.0615234375 0.89453125 0.0341796875 0.88671875 0.0068359375 0.8828125 0 0.8876953125 0.0009765625 1 0.1181640625 1