3 0.6396484375 0.998046875 0.66015625 0.9736328125 0.671875 0.9365234375 0.666015625 0.8896484375 0.646484375 0.8505859375 0.6220703125 0.83203125 0.5888671875 0.822265625 0.5205078125 0.814453125 0.4755859375 0.81640625 0.447265625 0.8505859375 0.4443359375 0.880859375 0.44921875 0.9462890625 0.4658203125 0.99609375 0.6396484375 0.998046875
3 0.455078125 0.9912109375 0.435546875 0.8876953125 0.4169921875 0.857421875 0.3623046875 0.830078125 0.2744140625 0.822265625 0.2392578125 0.83984375 0.2021484375 0.841796875 0.1708984375 0.861328125 0.150390625 0.8818359375 0.134765625 0.9111328125 0.107421875 0.9365234375 0.0791015625 0.9921875 0.0849609375 0.998046875 0.4482421875 0.998046875 0.455078125 0.9912109375
3 0.0615234375 0.90234375 0.0947265625 0.90625 0.1142578125 0.896484375 0.19921875 0.8232421875 0.2109375 0.7880859375 0.1943359375 0.76171875 0.1611328125 0.75 0.1220703125 0.751953125 0.0673828125 0.78515625 0.041015625 0.8173828125 0.0361328125 0.833984375 0.03515625 0.8623046875 0.046875 0.8896484375 0.0615234375 0.90234375
3 0.2275390625 0.720703125 0.251953125 0.7041015625 0.255859375 0.6630859375 0.251953125 0.6513671875 0.2353515625 0.638671875 0.1884765625 0.642578125 0.16796875 0.6591796875 0.1630859375 0.671875 0.1640625 0.6982421875 0.1865234375 0.720703125 0.2275390625 0.720703125
3 0.5966796875 0.81640625 0.611328125 0.8056640625 0.619140625 0.7861328125 0.6171875 0.7548828125 0.611328125 0.7451171875 0.5927734375 0.728515625 0.5537109375 0.712890625 0.5400390625 0.7109375 0.5087890625 0.724609375 0.486328125 0.7451171875 0.4814453125 0.7578125 0.482421875 0.7880859375 0.5029296875 0.80859375 0.5966796875 0.81640625
3 0.8232421875 0.92578125 0.8564453125 0.927734375 0.8876953125 0.91796875 0.912109375 0.8974609375 0.931640625 0.8662109375 0.9296875 0.8056640625 0.9013671875 0.77734375 0.8798828125 0.765625 0.8388671875 0.7578125 0.7998046875 0.763671875 0.759765625 0.7939453125 0.7490234375 0.81640625 0.75 0.8447265625 0.77734375 0.8935546875 0.8232421875 0.92578125
3 0.6259765625 0.732421875 0.6552734375 0.74609375 0.7080078125 0.74609375 0.740234375 0.7197265625 0.751953125 0.7001953125 0.751953125 0.6748046875 0.7421875 0.6513671875 0.7041015625 0.6171875 0.6689453125 0.599609375 0.6318359375 0.59765625 0.6044921875 0.607421875 0.587890625 0.6220703125 0.5771484375 0.6484375 0.578125 0.6728515625 0.599609375 0.7080078125 0.6259765625 0.732421875
3 0.5126953125 0.705078125 0.529296875 0.6865234375 0.529296875 0.6689453125 0.5107421875 0.6484375 0.4775390625 0.65234375 0.4619140625 0.673828125 0.46484375 0.6982421875 0.4814453125 0.7109375 0.5126953125 0.705078125
3 0.9267578125 0.74609375 0.9658203125 0.755859375 0.9990234375 0.751953125 1 0.6005859375 0.9541015625 0.6171875 0.9189453125 0.640625 0.8935546875 0.67578125 0.892578125 0.6904296875 0.90625 0.7236328125 0.9267578125 0.74609375
3 0.9521484375 0.470703125 0.9794921875 0.478515625 0.9990234375 0.4765625 1 0.2919921875 0.9794921875 0.29296875 0.9287109375 0.318359375 0.90234375 0.3427734375 0.8935546875 0.359375 0.892578125 0.3974609375 0.9140625 0.4404296875 0.9521484375 0.470703125
3 0.8916015625 0.244140625 0.91015625 0.2236328125 0.90625 0.1982421875 0.8603515625 0.16796875 0.8330078125 0.16796875 0.8095703125 0.19140625 0.814453125 0.2294921875 0.8408203125 0.248046875 0.8916015625 0.244140625
3 0.9208984375 0.189453125 0.9501953125 0.203125 1 0.1962890625 0.9970703125 0.0703125 0.9716796875 0.056640625 0.9287109375 0.060546875 0.8984375 0.0810546875 0.8818359375 0.115234375 0.880859375 0.1357421875 0.888671875 0.1552734375 0.9208984375 0.189453125
3 0.03515625 0.6044921875 0.044921875 0.5576171875 0.0283203125 0.533203125 0.0009765625 0.5234375 0.0029296875 0.626953125 0.0224609375 0.619140625 0.03515625 0.6044921875
3 0.0517578125 0.4765625 0.072265625 0.4560546875 0.09375 0.4189453125 0.09375 0.4033203125 0.0712890625 0.388671875 0.0419921875 0.38671875 0.0009765625 0.40234375 0.0009765625 0.494140625 0.0322265625 0.48828125 0.0517578125 0.4765625
3 0.0517578125 0.328125 0.0634765625 0.322265625 0.08203125 0.2939453125 0.080078125 0.2646484375 0.0703125 0.2470703125 0.0478515625 0.23828125 0.0009765625 0.2421875 0 0.3115234375 0.0263671875 0.326171875 0.0517578125 0.328125
3 0.0927734375 0.197265625 0.1328125 0.1552734375 0.154296875 0.1044921875 0.15625 0.0732421875 0.150390625 0.0537109375 0.1201171875 0.001953125 0.0009765625 0 0 0.2119140625 0.0673828125 0.21484375 0.0927734375 0.197265625