3 1 0.1708984375 0.986328125 0.1669921875 0.9521484375 0.169921875 0.8916015625 0.203125 0.8671875 0.2314453125 0.857421875 0.2568359375 0.853515625 0.2978515625 0.865234375 0.3486328125 0.8974609375 0.38671875 0.9189453125 0.3984375 0.9541015625 0.3984375 1 0.3740234375 1 0.1708984375
3 0.4052734375 1 0.4296875 0.9833984375 0.435546875 0.9638671875 0.4609375 0.9326171875 0.478515625 0.8837890625 0.47265625 0.8408203125 0.4404296875 0.79296875 0.40234375 0.7724609375 0.3369140625 0.779296875 0.3173828125 0.7890625 0.3046875 0.8056640625 0.287109375 0.8447265625 0.2890625 0.9345703125 0.279296875 0.9716796875 0.2861328125 1 0.4052734375 1
3 0.2158203125 0.603515625 0.2333984375 0.59765625 0.26171875 0.5654296875 0.263671875 0.5185546875 0.2294921875 0.48046875 0.177734375 0.4697265625 0.169921875 0.4736328125 0.154296875 0.5185546875 0.158203125 0.5732421875 0.1728515625 0.59375 0.1865234375 0.599609375 0.2158203125 0.603515625
3 0.49609375 0.1494140625 0.5224609375 0.166015625 0.5517578125 0.158203125 0.568359375 0.1337890625 0.564453125 0.1044921875 0.53125 0.0810546875 0.5068359375 0.08203125 0.4921875 0.0986328125 0.486328125 0.1162109375 0.49609375 0.1494140625
3 0.052734375 0.5712890625 0.0966796875 0.638671875 0.115234375 0.6142578125 0.123046875 0.5576171875 0.1015625 0.4716796875 0.087890625 0.4521484375 0.0693359375 0.455078125 0.05078125 0.4755859375 0.0390625 0.5087890625 0.0390625 0.5283203125 0.052734375 0.5712890625
3 0.0703125 0.7060546875 0.08203125 0.6689453125 0.08203125 0.6474609375 0.05859375 0.6064453125 0.0380859375 0.5859375 0.00390625 0.5673828125 0 0.7255859375 0.0302734375 0.728515625 0.0703125 0.7060546875
3 0.294921875 0.0009765625 0.138671875 0.0009765625 0.1923828125 0.0390625 0.2197265625 0.041015625 0.2685546875 0.02734375 0.294921875 0.0009765625
3 0.79296875 0.2099609375 0.8037109375 0.216796875 0.8291015625 0.21484375 0.84765625 0.1904296875 0.84375 0.1552734375 0.826171875 0.1455078125 0.7939453125 0.1484375 0.78125 0.1689453125 0.78515625 0.1943359375 0.79296875 0.2099609375
3 0.0205078125 0.29296875 0.0390625 0.2802734375 0.05078125 0.2568359375 0.05078125 0.2158203125 0.0244140625 0.18359375 0.00390625 0.1748046875 0 0.2919921875 0.0205078125 0.29296875
3 0.603515625 0.9697265625 0.5751953125 0.97265625 0.546875 0.9990234375 0.646484375 0.9990234375 0.6337890625 0.984375 0.603515625 0.9697265625
3 0.7265625 0.5615234375 0.7353515625 0.5703125 0.7509765625 0.572265625 0.76171875 0.5634765625 0.765625 0.5419921875 0.755859375 0.5283203125 0.7412109375 0.529296875 0.732421875 0.5380859375 0.7265625 0.5615234375