3 0.7919921875 0.462890625 0.7607421875 0.478515625 0.748046875 0.4912109375 0.736328125 0.5185546875 0.736328125 0.5478515625 0.748046875 0.5751953125 0.7744140625 0.595703125 0.80859375 0.5986328125 0.8486328125 0.587890625 0.873046875 0.5654296875 0.88671875 0.5419921875 0.884765625 0.5126953125 0.873046875 0.4931640625 0.8486328125 0.470703125 0.8173828125 0.4609375 0.7919921875 0.462890625
3 0.5244140625 0.318359375 0.515625 0.3466796875 0.568359375 0.4248046875 0.595703125 0.4326171875 0.6357421875 0.421875 0.66015625 0.3857421875 0.662109375 0.3662109375 0.6357421875 0.333984375 0.6201171875 0.330078125 0.5869140625 0.3046875 0.5615234375 0.30078125 0.5244140625 0.318359375
3 0.435546875 0.4208984375 0.44140625 0.4404296875 0.4697265625 0.455078125 0.48046875 0.4541015625 0.5205078125 0.447265625 0.53515625 0.4150390625 0.5234375 0.3759765625 0.5009765625 0.35546875 0.4658203125 0.357421875 0.4501953125 0.365234375 0.4375 0.3896484375 0.435546875 0.4208984375
3 0.24609375 0.4228515625 0.21484375 0.4580078125 0.212890625 0.4833984375 0.2236328125 0.498046875 0.2529296875 0.513671875 0.2734375 0.5146484375 0.2900390625 0.509765625 0.3125 0.4912109375 0.337890625 0.4267578125 0.33203125 0.3857421875 0.3095703125 0.37109375 0.2763671875 0.375 0.2666015625 0.3828125 0.24609375 0.4228515625
3 0.17578125 0.4267578125 0.1943359375 0.435546875 0.216796875 0.4345703125 0.234375 0.4248046875 0.263671875 0.3857421875 0.255859375 0.3681640625 0.2373046875 0.357421875 0.2041015625 0.357421875 0.1806640625 0.37109375 0.173828125 0.3837890625 0.17578125 0.4267578125
3 0.6259765625 0.7734375 0.599609375 0.7998046875 0.603515625 0.8447265625 0.611328125 0.8623046875 0.6318359375 0.8828125 0.671875 0.8935546875 0.7099609375 0.876953125 0.748046875 0.8330078125 0.748046875 0.8115234375 0.740234375 0.7919921875 0.7294921875 0.779296875 0.6982421875 0.763671875 0.6650390625 0.763671875 0.6259765625 0.7734375
3 1 0.7822265625 0.9833984375 0.76953125 0.9501953125 0.765625 0.919921875 0.8232421875 0.9267578125 0.8359375 0.97265625 0.8583984375 1 0.8349609375 1 0.7822265625
3 1 0.3935546875 0.9951171875 0.390625 0.9638671875 0.392578125 0.9404296875 0.404296875 0.91015625 0.4560546875 0.9140625 0.4736328125 0.9287109375 0.48828125 0.9501953125 0.498046875 0.970703125 0.4970703125 1 0.4853515625 1 0.3935546875
3 0.6220703125 0.15234375 0.6083984375 0.13671875 0.5771484375 0.123046875 0.5556640625 0.1328125 0.541015625 0.1474609375 0.529296875 0.1669921875 0.53125 0.2119140625 0.5595703125 0.228515625 0.5859375 0.2294921875 0.6083984375 0.22265625 0.634765625 0.1962890625 0.638671875 0.1787109375 0.662109375 0.1650390625 0.685546875 0.1318359375 0.6826171875 0.126953125 0.6337890625 0.15234375 0.6220703125 0.15234375
3 0.29296875 0.0322265625 0.3017578125 0.046875 0.3388671875 0.060546875 0.3671875 0.0595703125 0.3974609375 0.048828125 0.412109375 0.0341796875 0.419921875 0.0146484375 0.4150390625 0.001953125 0.3212890625 0 0.2998046875 0.001953125 0.29296875 0.0087890625 0.29296875 0.0322265625
3 0.02734375 0.2939453125 0.01171875 0.3076171875 0.0126953125 0.318359375 0.0361328125 0.32421875 0.05859375 0.3408203125 0.0732421875 0.328125 0.0966796875 0.328125 0.1171875 0.3115234375 0.115234375 0.2666015625 0.0732421875 0.2421875 0.0537109375 0.24609375 0.037109375 0.2607421875 0.02734375 0.2939453125