3 0.6748046875 0.755859375 0.658203125 0.7724609375 0.65234375 0.7880859375 0.654296875 0.8115234375 0.6826171875 0.845703125 0.7412109375 0.865234375 0.75 0.8349609375 0.72265625 0.8056640625 0.72265625 0.7646484375 0.701171875 0.7548828125 0.6748046875 0.755859375
3 0.5234375 0.6943359375 0.49609375 0.6689453125 0.4814453125 0.671875 0.45703125 0.7060546875 0.4609375 0.7314453125 0.4775390625 0.74609375 0.5146484375 0.740234375 0.525390625 0.7138671875 0.5234375 0.6943359375
3 0.458984375 0.2880859375 0.447265625 0.3115234375 0.447265625 0.3291015625 0.4658203125 0.357421875 0.4775390625 0.36328125 0.5087890625 0.36328125 0.5244140625 0.35546875 0.546875 0.3271484375 0.544921875 0.2958984375 0.525390625 0.2685546875 0.4853515625 0.26953125 0.458984375 0.2880859375
3 0.130859375 0.6357421875 0.130859375 0.6669921875 0.1357421875 0.671875 0.1611328125 0.68359375 0.1962890625 0.68359375 0.22265625 0.6611328125 0.228515625 0.6337890625 0.220703125 0.6064453125 0.2060546875 0.58984375 0.193359375 0.5869140625 0.146484375 0.5927734375 0.130859375 0.6357421875
3 0 0.7255859375 0.0048828125 0.728515625 0.0419921875 0.728515625 0.076171875 0.7001953125 0.083984375 0.6455078125 0.07421875 0.6220703125 0.0546875 0.6044921875 0.0302734375 0.603515625 0 0.6162109375 0 0.7255859375
3 0.048828125 0.8603515625 0.044921875 0.8212890625 0.01171875 0.8076171875 0 0.8076171875 0.0009765625 0.921875 0.0263671875 0.916015625 0.037109375 0.9033203125 0.048828125 0.8603515625
3 0.130859375 0.0927734375 0.14453125 0.1259765625 0.1669921875 0.14453125 0.2177734375 0.1484375 0.2373046875 0.138671875 0.263671875 0.1103515625 0.27734375 0.0732421875 0.27734375 0.0498046875 0.26953125 0.0224609375 0.24609375 0.0009765625 0.1826171875 0 0.1669921875 0.0078125 0.14453125 0.0322265625 0.134765625 0.0556640625 0.130859375 0.0927734375
3 0 0.1162109375 0.0048828125 0.119140625 0.0361328125 0.12109375 0.0537109375 0.115234375 0.080078125 0.0810546875 0.083984375 0.0576171875 0.076171875 0.0302734375 0.0654296875 0.015625 0.044921875 0.0048828125 0.0146484375 0.005859375 0 0.0185546875 0 0.1162109375
3 0.6376953125 0.0703125 0.6748046875 0.07421875 0.712890625 0.0380859375 0.720703125 0.0009765625 0.6162109375 0 0.615234375 0.0439453125 0.6376953125 0.0703125
3 0.8037109375 0.16796875 0.8193359375 0.169921875 0.8349609375 0.16015625 0.8681640625 0.154296875 0.892578125 0.1201171875 0.908203125 0.0771484375 0.90625 0.0263671875 0.8974609375 0.015625 0.8623046875 0.0234375 0.837890625 0.0107421875 0.8017578125 0.013671875 0.798828125 0.0263671875 0.7734375 0.0517578125 0.76171875 0.0810546875 0.763671875 0.1376953125 0.8037109375 0.16796875
3 0.8701171875 0.287109375 0.85546875 0.2919921875 0.84765625 0.3583984375 0.8818359375 0.39453125 0.9267578125 0.40234375 0.9423828125 0.396484375 0.962890625 0.3681640625 0.978515625 0.3232421875 0.951171875 0.2685546875 0.91796875 0.2568359375 0.8837890625 0.265625 0.8701171875 0.287109375
3 0.78125 0.4873046875 0.7958984375 0.51953125 0.8046875 0.5146484375 0.8046875 0.5009765625 0.796875 0.4970703125 0.8056640625 0.498046875 0.8359375 0.4716796875 0.849609375 0.4365234375 0.83984375 0.4111328125 0.818359375 0.3955078125 0.7919921875 0.400390625 0.77734375 0.4306640625 0.787109375 0.4775390625 0.78125 0.4873046875