3 0.552734375 0.8525390625 0.541015625 0.8857421875 0.54296875 0.9091796875 0.556640625 0.9306640625 0.57421875 0.9443359375 0.5830078125 0.96875 0.615234375 0.9755859375 0.6357421875 0.96875 0.65234375 0.9521484375 0.669921875 0.9130859375 0.66796875 0.8857421875 0.65234375 0.8603515625 0.6220703125 0.83984375 0.5673828125 0.83984375 0.552734375 0.8525390625
3 0.6181640625 0.52734375 0.6015625 0.5537109375 0.6015625 0.6337890625 0.611328125 0.6552734375 0.6318359375 0.669921875 0.701171875 0.6767578125 0.7392578125 0.6640625 0.759765625 0.6396484375 0.765625 0.6181640625 0.76171875 0.5751953125 0.7158203125 0.521484375 0.6806640625 0.505859375 0.6494140625 0.5078125 0.6181640625 0.52734375
3 0.2626953125 0.478515625 0.251953125 0.4931640625 0.244140625 0.5205078125 0.244140625 0.5517578125 0.25 0.5693359375 0.2705078125 0.59375 0.2841796875 0.599609375 0.310546875 0.5986328125 0.3408203125 0.58984375 0.36328125 0.5732421875 0.373046875 0.5458984375 0.373046875 0.5205078125 0.3466796875 0.484375 0.3134765625 0.46875 0.2861328125 0.46875 0.2626953125 0.478515625
3 0.1240234375 0.412109375 0.060546875 0.4541015625 0.05078125 0.4814453125 0.05078125 0.5302734375 0.060546875 0.5634765625 0.0830078125 0.58984375 0.1259765625 0.607421875 0.15625 0.6064453125 0.1884765625 0.595703125 0.212890625 0.5732421875 0.220703125 0.5537109375 0.21875 0.4873046875 0.2109375 0.4619140625 0.1962890625 0.4453125 0.1494140625 0.4140625 0.1240234375 0.412109375
3 0.0693359375 0.66796875 0.04296875 0.6904296875 0.021484375 0.7314453125 0.015625 0.7509765625 0.01953125 0.8017578125 0.0634765625 0.84375 0.1025390625 0.861328125 0.13671875 0.8623046875 0.1611328125 0.85546875 0.19921875 0.8251953125 0.212890625 0.7822265625 0.20703125 0.7373046875 0.1875 0.7060546875 0.1552734375 0.6796875 0.1123046875 0.6640625 0.0693359375 0.66796875
3 0.2431640625 0.958984375 0.1787109375 0.943359375 0.1005859375 0.955078125 0.0703125 0.9970703125 0.26953125 0.9990234375 0.263671875 0.9794921875 0.2431640625 0.958984375
3 0.8369140625 0.65234375 0.8046875 0.6845703125 0.796875 0.7041015625 0.798828125 0.7353515625 0.8125 0.7763671875 0.8271484375 0.791015625 0.8505859375 0.802734375 0.890625 0.8017578125 0.9375 0.7822265625 0.95703125 0.7451171875 0.958984375 0.7177734375 0.951171875 0.6884765625 0.9326171875 0.6640625 0.9052734375 0.646484375 0.8583984375 0.64453125 0.8369140625 0.65234375
3 0.7919921875 0.958984375 0.7275390625 0.962890625 0.6982421875 0.98046875 0.689453125 0.9990234375 0.837890625 0.9990234375 0.8232421875 0.9765625 0.7919921875 0.958984375
3 0.001953125 0.2177734375 0.001953125 0.3701171875 0.013671875 0.3740234375 0.0654296875 0.357421875 0.111328125 0.3134765625 0.115234375 0.2939453125 0.115234375 0.2763671875 0.099609375 0.2470703125 0.0771484375 0.228515625 0.0322265625 0.2109375 0.001953125 0.2177734375
3 0.05078125 0.0517578125 0.0322265625 0.01953125 0.0048828125 0.013671875 0.001953125 0.1083984375 0.021484375 0.1103515625 0.044921875 0.0888671875 0.05078125 0.0517578125
3 0.7666015625 0.162109375 0.7177734375 0.162109375 0.6943359375 0.173828125 0.669921875 0.2021484375 0.65234375 0.2392578125 0.650390625 0.2880859375 0.66796875 0.3349609375 0.6865234375 0.359375 0.7314453125 0.376953125 0.751953125 0.3759765625 0.7744140625 0.373046875 0.7939453125 0.361328125 0.845703125 0.3115234375 0.857421875 0.2802734375 0.857421875 0.2431640625 0.83203125 0.1962890625 0.8134765625 0.1796875 0.7666015625 0.162109375
3 0.7685546875 0.390625 0.7421875 0.4267578125 0.73828125 0.4755859375 0.748046875 0.4951171875 0.7958984375 0.537109375 0.82421875 0.5419921875 0.8525390625 0.529296875 0.927734375 0.4482421875 0.927734375 0.3994140625 0.90625 0.3623046875 0.8798828125 0.341796875 0.8447265625 0.341796875 0.8193359375 0.353515625 0.7685546875 0.390625
3 0.8759765625 0.572265625 0.8876953125 0.578125 0.908203125 0.5771484375 0.927734375 0.5693359375 0.94140625 0.5283203125 0.94140625 0.5048828125 0.9228515625 0.484375 0.8916015625 0.490234375 0.859375 0.5341796875 0.86328125 0.5576171875 0.8759765625 0.572265625
3 1 0.5361328125 0.9833984375 0.521484375 0.9619140625 0.517578125 0.943359375 0.5380859375 0.935546875 0.5888671875 0.9482421875 0.611328125 0.9677734375 0.619140625 0.984375 0.6181640625 1 0.6064453125 1 0.5361328125
3 0.765625 0.0654296875 0.7734375 0.0927734375 0.8173828125 0.140625 0.8642578125 0.173828125 0.8837890625 0.18359375 0.9140625 0.1826171875 0.9560546875 0.166015625 0.98828125 0.1259765625 0.994140625 0.0966796875 0.990234375 0.0068359375 0.9794921875 0.001953125 0.7763671875 0.00390625 0.765625 0.0224609375 0.765625 0.0654296875
3 0.662109375 0.8193359375 0.681640625 0.8056640625 0.68359375 0.7861328125 0.6669921875 0.765625 0.6435546875 0.763671875 0.62890625 0.7802734375 0.62890625 0.7998046875 0.6396484375 0.814453125 0.662109375 0.8193359375