3 0.7041015625 0.9140625 0.7158203125 0.919921875 0.736328125 0.9189453125 0.76953125 0.9013671875 0.787109375 0.8603515625 0.783203125 0.8310546875 0.7705078125 0.810546875 0.7275390625 0.8046875 0.69921875 0.8291015625 0.6796875 0.8876953125 0.7041015625 0.9140625
3 0.83984375 0.6552734375 0.8583984375 0.673828125 0.87890625 0.6767578125 0.9052734375 0.6640625 0.93359375 0.6220703125 0.931640625 0.5849609375 0.9013671875 0.5625 0.8740234375 0.564453125 0.84765625 0.5908203125 0.837890625 0.6103515625 0.83984375 0.6552734375
3 0.58984375 0.4833984375 0.6005859375 0.5 0.638671875 0.5087890625 0.6630859375 0.50390625 0.685546875 0.4638671875 0.68359375 0.4248046875 0.6611328125 0.40625 0.6220703125 0.41015625 0.599609375 0.4326171875 0.58984375 0.4677734375 0.58984375 0.4833984375
3 0.3984375 0.5283203125 0.400390625 0.5478515625 0.4111328125 0.552734375 0.4267578125 0.546875 0.4345703125 0.5546875 0.466796875 0.5576171875 0.4912109375 0.546875 0.521484375 0.5107421875 0.529296875 0.4736328125 0.5283203125 0.427734375 0.4521484375 0.435546875 0.427734375 0.4619140625 0.421875 0.4912109375 0.3984375 0.5283203125
3 0.29296875 0.5205078125 0.29296875 0.5400390625 0.3076171875 0.564453125 0.3291015625 0.57421875 0.349609375 0.5732421875 0.3662109375 0.56640625 0.376953125 0.5537109375 0.390625 0.5166015625 0.384765625 0.4716796875 0.3662109375 0.451171875 0.3369140625 0.4609375 0.30859375 0.4892578125 0.29296875 0.5205078125
3 0.234375 0.6689453125 0.2265625 0.6943359375 0.232421875 0.7236328125 0.2470703125 0.736328125 0.265625 0.7412109375 0.2841796875 0.73828125 0.29296875 0.7294921875 0.310546875 0.6943359375 0.30859375 0.6591796875 0.2841796875 0.64453125 0.2646484375 0.64453125 0.2451171875 0.65625 0.234375 0.6689453125
3 0.4609375 0.7431640625 0.490234375 0.7451171875 0.521484375 0.7197265625 0.529296875 0.6865234375 0.5234375 0.6630859375 0.5029296875 0.650390625 0.4619140625 0.6640625 0.443359375 0.6904296875 0.443359375 0.7119140625 0.4609375 0.7431640625
3 0.673828125 0.7158203125 0.673828125 0.7490234375 0.68359375 0.7685546875 0.697265625 0.7724609375 0.7333984375 0.767578125 0.7568359375 0.7421875 0.779296875 0.7333984375 0.779296875 0.7275390625 0.7666015625 0.720703125 0.7216796875 0.669921875 0.6826171875 0.6953125 0.673828125 0.7158203125
3 0.2265625 0.0712890625 0.263671875 0.0908203125 0.2822265625 0.08203125 0.30078125 0.0595703125 0.30078125 0.0302734375 0.291015625 0.0107421875 0.2783203125 0.001953125 0.2373046875 0.0078125 0.224609375 0.0361328125 0.2265625 0.0712890625
3 0.021484375 0.3134765625 0.01953125 0.3544921875 0.0341796875 0.365234375 0.091796875 0.3701171875 0.09375 0.3603515625 0.0859375 0.3525390625 0.0859375 0.3427734375 0.09765625 0.3271484375 0.091796875 0.2900390625 0.0810546875 0.275390625 0.0537109375 0.275390625 0.021484375 0.3134765625
3 0 0.4736328125 0.0146484375 0.482421875 0.048828125 0.4833984375 0.0703125 0.4658203125 0.076171875 0.4306640625 0.0712890625 0.421875 0.0478515625 0.41015625 0.0302734375 0.408203125 0 0.4365234375 0 0.4736328125
3 0.2734375 0.3369140625 0.2900390625 0.3515625 0.31640625 0.3505859375 0.3349609375 0.34375 0.34765625 0.3310546875 0.35546875 0.3134765625 0.35546875 0.2919921875 0.3388671875 0.2734375 0.3056640625 0.26953125 0.27734375 0.2978515625 0.2734375 0.3369140625
3 0.744140625 0.1044921875 0.7568359375 0.1171875 0.787109375 0.1201171875 0.8017578125 0.11328125 0.82421875 0.0869140625 0.830078125 0.0419921875 0.8154296875 0.02734375 0.7763671875 0.0234375 0.744140625 0.0517578125 0.73828125 0.0849609375 0.744140625 0.1044921875
3 0.58984375 0.0244140625 0.5986328125 0 0.498046875 0.0009765625 0.5 0.0146484375 0.5185546875 0.0390625 0.5400390625 0.048828125 0.560546875 0.0498046875 0.58984375 0.0244140625