3 0.9990234375 0.517578125 0.9580078125 0.51953125 0.93359375 0.5615234375 0.93359375 0.6005859375 0.94140625 0.6259765625 0.94921875 0.6396484375 0.9873046875 0.671875 1 0.6708984375 0.9990234375 0.517578125
3 0.7158203125 0.181640625 0.7109375 0.1669921875 0.6923828125 0.150390625 0.6650390625 0.146484375 0.6455078125 0.15234375 0.630859375 0.1650390625 0.623046875 0.2001953125 0.6435546875 0.23046875 0.6826171875 0.234375 0.7109375 0.2138671875 0.7158203125 0.181640625
3 0.5048828125 0.2578125 0.5 0.2431640625 0.4794921875 0.228515625 0.4580078125 0.228515625 0.4423828125 0.236328125 0.42578125 0.2568359375 0.435546875 0.2998046875 0.4541015625 0.318359375 0.4794921875 0.314453125 0.50390625 0.2841796875 0.5048828125 0.2578125
3 0.3212890625 0.21875 0.314453125 0.1845703125 0.2998046875 0.16796875 0.2119140625 0.134765625 0.171875 0.1728515625 0.138671875 0.2275390625 0.13671875 0.2470703125 0.15234375 0.2744140625 0.1806640625 0.29296875 0.2138671875 0.326171875 0.2529296875 0.3359375 0.2861328125 0.3203125 0.3125 0.2939453125 0.322265625 0.2587890625 0.3212890625 0.21875
3 0.4384765625 0.18359375 0.4296875 0.1650390625 0.4111328125 0.15234375 0.3837890625 0.15234375 0.3671875 0.1708984375 0.3671875 0.1943359375 0.375 0.2119140625 0.3955078125 0.2265625 0.4248046875 0.216796875 0.4375 0.1982421875 0.4384765625 0.18359375
3 0.5595703125 0.083984375 0.548828125 0.0517578125 0.5087890625 0.01953125 0.4755859375 0.017578125 0.451171875 0.0439453125 0.44921875 0.0927734375 0.4638671875 0.11328125 0.4873046875 0.12890625 0.5146484375 0.130859375 0.5361328125 0.123046875 0.5546875 0.1064453125 0.5595703125 0.083984375
3 0.6611328125 0 0.51171875 0.0009765625 0.5537109375 0.037109375 0.6044921875 0.048828125 0.6318359375 0.0390625 0.6611328125 0
3 0.2998046875 0.09375 0.28515625 0.0556640625 0.2626953125 0.041015625 0.2353515625 0.037109375 0.20703125 0.0498046875 0.208984375 0.1083984375 0.2216796875 0.123046875 0.2568359375 0.1328125 0.2861328125 0.1328125 0.298828125 0.1142578125 0.2998046875 0.09375
3 0.2001953125 0.044921875 0.1689453125 0.04296875 0.1337890625 0.05859375 0.1171875 0.0732421875 0.0859375 0.1181640625 0.087890625 0.1455078125 0.0966796875 0.1640625 0.1064453125 0.169921875 0.1298828125 0.1640625 0.1796875 0.1298828125 0.201171875 0.0830078125 0.2001953125 0.044921875
3 0.0458984375 0.248046875 0.0390625 0.2294921875 0.0263671875 0.216796875 0.001953125 0.2158203125 0.0048828125 0.31640625 0.0244140625 0.3125 0.04296875 0.2919921875 0.0458984375 0.248046875
3 0.0576171875 0.43359375 0.046875 0.4033203125 0.0341796875 0.390625 0.0087890625 0.37890625 0.001953125 0.3818359375 0 0.4931640625 0.0048828125 0.513671875 0.0205078125 0.509765625 0.044921875 0.4873046875 0.0576171875 0.43359375
3 0.0029296875 0 0.001953125 0.0087890625 0.0244140625 0.0390625 0.0498046875 0.048828125 0.0771484375 0.048828125 0.1083984375 0.03125 0.1357421875 0 0.0029296875 0
3 0.7373046875 0.7109375 0.7294921875 0.6796875 0.7216796875 0.6796875 0.69140625 0.7099609375 0.6796875 0.7529296875 0.662109375 0.7880859375 0.6201171875 0.8203125 0.58984375 0.8583984375 0.5859375 0.8779296875 0.6005859375 0.900390625 0.6201171875 0.908203125 0.6494140625 0.908203125 0.6787109375 0.896484375 0.697265625 0.8779296875 0.716796875 0.8447265625 0.732421875 0.7978515625 0.7373046875 0.7109375