3 0.4208984375 1 0.44921875 0.9619140625 0.4697265625 0.900390625 0.466796875 0.8623046875 0.4287109375 0.8125 0.3759765625 0.7890625 0.3251953125 0.787109375 0.2802734375 0.802734375 0.240234375 0.8408203125 0.220703125 0.8818359375 0.220703125 0.9365234375 0.2451171875 0.966796875 0.2998046875 1 0.4208984375 1
3 0.1259765625 0.728515625 0.10546875 0.7548828125 0.111328125 0.7861328125 0.125 0.8076171875 0.1669921875 0.833984375 0.2177734375 0.82421875 0.244140625 0.7919921875 0.2490234375 0.775390625 0.248046875 0.7548828125 0.23828125 0.7333984375 0.2216796875 0.71484375 0.2001953125 0.708984375 0.1513671875 0.71484375 0.1259765625 0.728515625
3 0.1044921875 1 0.1513671875 0.974609375 0.1826171875 0.935546875 0.18359375 0.8876953125 0.171875 0.8583984375 0.1494140625 0.837890625 0.0751953125 0.794921875 0.0361328125 0.791015625 0.00390625 0.8017578125 0.0048828125 1 0.1044921875 1
3 0.0478515625 0.71484375 0.044921875 0.6943359375 0.0283203125 0.67578125 0.001953125 0.6767578125 0.0048828125 0.75390625 0.0361328125 0.7421875 0.046875 0.7275390625 0.0478515625 0.71484375
3 0.30859375 0.5810546875 0.2822265625 0.5625 0.2509765625 0.5703125 0.240234375 0.5888671875 0.240234375 0.6142578125 0.2607421875 0.63671875 0.2958984375 0.6328125 0.3115234375 0.609375 0.30859375 0.5810546875
3 0.0517578125 0.328125 0.02734375 0.3447265625 0.015625 0.3720703125 0.025390625 0.4208984375 0.0615234375 0.451171875 0.1455078125 0.447265625 0.154296875 0.4326171875 0.1591796875 0.38671875 0.15234375 0.3466796875 0.1337890625 0.328125 0.1123046875 0.318359375 0.0751953125 0.318359375 0.0517578125 0.328125
3 0.2666015625 0.294921875 0.23828125 0.3251953125 0.234375 0.3720703125 0.240234375 0.3974609375 0.2822265625 0.4296875 0.3271484375 0.435546875 0.35546875 0.4169921875 0.3740234375 0.384765625 0.373046875 0.3388671875 0.3525390625 0.310546875 0.3212890625 0.2890625 0.2666015625 0.294921875
3 0.4501953125 0.283203125 0.423828125 0.3056640625 0.419921875 0.3447265625 0.435546875 0.3759765625 0.4599609375 0.396484375 0.5087890625 0.3984375 0.541015625 0.3740234375 0.5478515625 0.35546875 0.54296875 0.3212890625 0.4990234375 0.28515625 0.4501953125 0.283203125
3 0.37890625 0.1435546875 0.4013671875 0.181640625 0.4384765625 0.18359375 0.4462890625 0.193359375 0.4619140625 0.193359375 0.48828125 0.1806640625 0.48828125 0.1669921875 0.5126953125 0.1171875 0.5078125 0.0908203125 0.4990234375 0.080078125 0.4736328125 0.0625 0.4384765625 0.0546875 0.4169921875 0.060546875 0.392578125 0.0791015625 0.3828125 0.0966796875 0.37890625 0.1435546875
3 0.25390625 0.0517578125 0.240234375 0.0869140625 0.23828125 0.1220703125 0.2626953125 0.146484375 0.2919921875 0.1484375 0.3173828125 0.140625 0.3359375 0.1220703125 0.3603515625 0.056640625 0.361328125 0.0283203125 0.3486328125 0.00390625 0.2626953125 0.001953125 0.2578125 0.0068359375 0.25390625 0.0517578125
3 0.748046875 0.0126953125 0.75 0.0693359375 0.7646484375 0.099609375 0.8017578125 0.115234375 0.8369140625 0.115234375 0.8662109375 0.095703125 0.904296875 0.0537109375 0.9228515625 0.015625 0.9189453125 0.001953125 0.7568359375 0.001953125 0.748046875 0.0126953125
3 0.7177734375 0.140625 0.693359375 0.1728515625 0.6953125 0.2060546875 0.7275390625 0.23828125 0.7451171875 0.24609375 0.7841796875 0.240234375 0.798828125 0.2275390625 0.8095703125 0.205078125 0.8046875 0.1630859375 0.7724609375 0.138671875 0.7177734375 0.140625
3 0.8671875 0.1064453125 0.845703125 0.1474609375 0.845703125 0.1943359375 0.86328125 0.2333984375 0.8857421875 0.251953125 0.9033203125 0.2578125 0.9326171875 0.255859375 0.9990234375 0.23046875 1 0.0458984375 0.9638671875 0.03515625 0.9443359375 0.037109375 0.9072265625 0.05859375 0.8671875 0.1064453125
3 0.9560546875 0.25390625 0.908203125 0.2958984375 0.880859375 0.3447265625 0.875 0.3759765625 0.880859375 0.4013671875 0.8935546875 0.4140625 0.9501953125 0.421875 0.9990234375 0.412109375 1 0.2431640625 0.9912109375 0.2421875 0.9560546875 0.25390625
3 0.9990234375 0.62890625 1 0.4189453125 0.9033203125 0.435546875 0.853515625 0.4794921875 0.861328125 0.5498046875 0.9169921875 0.62890625 0.9501953125 0.63671875 0.9990234375 0.62890625
3 0.66796875 0.5244140625 0.6796875 0.5498046875 0.6923828125 0.564453125 0.7099609375 0.572265625 0.7333984375 0.572265625 0.7744140625 0.556640625 0.806640625 0.5302734375 0.8134765625 0.513671875 0.814453125 0.4775390625 0.80859375 0.4638671875 0.7978515625 0.453125 0.7626953125 0.4375 0.7353515625 0.439453125 0.7001953125 0.453125 0.677734375 0.4755859375 0.66796875 0.5009765625 0.66796875 0.5244140625
3 0.7607421875 0.72265625 0.7958984375 0.7421875 0.8251953125 0.74609375 0.8388671875 0.73828125 0.8662109375 0.7421875 0.8818359375 0.736328125 0.912109375 0.7060546875 0.9267578125 0.673828125 0.923828125 0.6533203125 0.861328125 0.5771484375 0.8369140625 0.556640625 0.8037109375 0.556640625 0.7568359375 0.576171875 0.736328125 0.5927734375 0.72265625 0.6201171875 0.72265625 0.6533203125 0.7421875 0.7041015625 0.7607421875 0.72265625
3 0.65234375 0.8330078125 0.658203125 0.8427734375 0.6728515625 0.857421875 0.7080078125 0.87109375 0.7373046875 0.87109375 0.7666015625 0.85546875 0.78515625 0.8369140625 0.7919921875 0.8125 0.78125 0.7724609375 0.7607421875 0.755859375 0.7392578125 0.748046875 0.6884765625 0.755859375 0.662109375 0.7802734375 0.650390625 0.7998046875 0.65234375 0.8330078125
3 0.9990234375 1 0.9970703125 0.810546875 0.951171875 0.8349609375 0.92578125 0.8740234375 0.916015625 0.9208984375 0.935546875 0.9580078125 0.9521484375 0.974609375 0.9990234375 1
3 0.134765625 0.9990234375 0.2841796875 1 0.2529296875 0.978515625 0.2236328125 0.96875 0.2021484375 0.96875 0.1708984375 0.978515625 0.134765625 0.9990234375