3 0.40625 0.2880859375 0.41015625 0.3330078125 0.4306640625 0.359375 0.4482421875 0.3671875 0.4736328125 0.369140625 0.5048828125 0.359375 0.541015625 0.3212890625 0.5576171875 0.26953125 0.55859375 0.1923828125 0.548828125 0.1728515625 0.5283203125 0.16015625 0.5009765625 0.1640625 0.4580078125 0.19140625 0.4140625 0.2392578125 0.40625 0.2880859375
3 0.2177734375 0 0.20703125 0.0283203125 0.20703125 0.0673828125 0.216796875 0.0869140625 0.2412109375 0.1015625 0.2490234375 0.11328125 0.2646484375 0.119140625 0.2939453125 0.1171875 0.3291015625 0.09765625 0.34765625 0.0791015625 0.361328125 0.0576171875 0.3662109375 0.033203125 0.3623046875 0 0.2177734375 0
3 0.0009765625 0 0 0.1064453125 0.0595703125 0.111328125 0.0791015625 0.103515625 0.111328125 0.0712890625 0.1298828125 0.02734375 0.1279296875 0 0.0009765625 0
3 0.0458984375 0.271484375 0.0703125 0.2568359375 0.0791015625 0.236328125 0.078125 0.1845703125 0.060546875 0.1474609375 0.0302734375 0.1328125 0.0029296875 0.12890625 0 0.2529296875 0.0244140625 0.26953125 0.0458984375 0.271484375
3 0.0458984375 0.271484375 0.0703125 0.2568359375 0.0791015625 0.236328125 0.078125 0.1845703125 0.060546875 0.1474609375 0.0302734375 0.1328125 0.0009765625 0.12890625 0 0.2529296875 0.0244140625 0.26953125 0.0458984375 0.271484375
3 0.0009765625 0 0 0.1064453125 0.0595703125 0.111328125 0.0771484375 0.10546875 0.111328125 0.0712890625 0.1298828125 0.029296875 0.1279296875 0 0.0009765625 0
3 0.2177734375 0 0.20703125 0.0283203125 0.20703125 0.0673828125 0.21484375 0.0849609375 0.2412109375 0.1015625 0.2490234375 0.11328125 0.2646484375 0.119140625 0.2939453125 0.1171875 0.3291015625 0.09765625 0.34765625 0.0791015625 0.361328125 0.0576171875 0.3662109375 0.033203125 0.3623046875 0 0.2177734375 0
3 0.40625 0.2880859375 0.41015625 0.3330078125 0.4306640625 0.359375 0.4482421875 0.3671875 0.4736328125 0.369140625 0.5048828125 0.359375 0.5234375 0.3466796875 0.541015625 0.3212890625 0.5576171875 0.26953125 0.55859375 0.1923828125 0.548828125 0.1728515625 0.5283203125 0.16015625 0.5009765625 0.1640625 0.4580078125 0.19140625 0.4140625 0.2392578125 0.40625 0.2880859375
3 0.3076171875 0.537109375 0.3330078125 0.546875 0.361328125 0.5302734375 0.3779296875 0.49609375 0.376953125 0.4638671875 0.3603515625 0.4453125 0.3408203125 0.439453125 0.3291015625 0.44140625 0.302734375 0.4619140625 0.291015625 0.5048828125 0.3076171875 0.537109375
3 0.4716796875 0.5859375 0.490234375 0.5634765625 0.4931640625 0.5390625 0.4853515625 0.509765625 0.4541015625 0.50390625 0.4404296875 0.509765625 0.416015625 0.5380859375 0.4140625 0.5810546875 0.4326171875 0.59375 0.4716796875 0.5859375
3 0.2470703125 0.86328125 0.2822265625 0.857421875 0.3076171875 0.8203125 0.306640625 0.7822265625 0.2978515625 0.76953125 0.2822265625 0.76171875 0.2451171875 0.763671875 0.224609375 0.7958984375 0.2265625 0.8349609375 0.2470703125 0.86328125
3 0.2568359375 0.966796875 0.2802734375 0.962890625 0.298828125 0.9404296875 0.3037109375 0.9140625 0.294921875 0.8857421875 0.2822265625 0.873046875 0.2490234375 0.87890625 0.23046875 0.9033203125 0.23046875 0.9365234375 0.23828125 0.9560546875 0.2568359375 0.966796875
3 0.935546875 0.3310546875 0.953125 0.3505859375 0.951171875 0.3701171875 0.9990234375 0.392578125 1 0.1826171875 0.9951171875 0.181640625 0.966796875 0.2021484375 0.9453125 0.2373046875 0.931640625 0.2880859375 0.931640625 0.3134765625 0.935546875 0.3310546875
3 0.4541015625 0.169921875 0.4716796875 0.1640625 0.490234375 0.1474609375 0.5107421875 0.109375 0.5078125 0.0791015625 0.4951171875 0.060546875 0.4541015625 0.0546875 0.404296875 0.0966796875 0.3984375 0.1298828125 0.4208984375 0.173828125 0.4541015625 0.169921875
3 0.0615234375 0.91015625 0.078125 0.8974609375 0.0888671875 0.873046875 0.087890625 0.8271484375 0.0654296875 0.79296875 0.0419921875 0.783203125 0.0244140625 0.783203125 0 0.7939453125 0.0009765625 0.91015625 0.0615234375 0.91015625
3 0.1630859375 0.52734375 0.1923828125 0.525390625 0.22265625 0.4970703125 0.2294921875 0.466796875 0.23046875 0.4501953125 0.2119140625 0.419921875 0.1845703125 0.416015625 0.1689453125 0.421875 0.13671875 0.4677734375 0.142578125 0.5107421875 0.1630859375 0.52734375
3 0.6494140625 0 0.599609375 0.0009765625 0.6064453125 0.052734375 0.6181640625 0.0546875 0.634765625 0.0439453125 0.6494140625 0.005859375 0.6494140625 0
3 0.2001953125 0.263671875 0.2099609375 0.25 0.20703125 0.2314453125 0.1923828125 0.22265625 0.1728515625 0.224609375 0.162109375 0.2392578125 0.16796875 0.2626953125 0.1826171875 0.26953125 0.2001953125 0.263671875
3 0.2080078125 0.21875 0.2158203125 0.20703125 0.216796875 0.1884765625 0.2080078125 0.17578125 0.1904296875 0.171875 0.17578125 0.1806640625 0.169921875 0.2001953125 0.1787109375 0.21484375 0.2080078125 0.21875
3 0.1376953125 0.373046875 0.1513671875 0.353515625 0.15234375 0.3388671875 0.1376953125 0.328125 0.1240234375 0.326171875 0.11328125 0.3349609375 0.111328125 0.3583984375 0.1240234375 0.375 0.1376953125 0.373046875