3 0.30078125 0.2177734375 0.29296875 0.2587890625 0.3125 0.2978515625 0.3388671875 0.322265625 0.3642578125 0.330078125 0.3935546875 0.326171875 0.4140625 0.3076171875 0.4228515625 0.271484375 0.423828125 0.2548828125 0.408203125 0.2177734375 0.3955078125 0.19921875 0.3779296875 0.19140625 0.3525390625 0.185546875 0.3212890625 0.1953125 0.30078125 0.2177734375
3 0.359375 0.0947265625 0.3447265625 0.076171875 0.3134765625 0.072265625 0.29296875 0.0869140625 0.2890625 0.1201171875 0.3095703125 0.14453125 0.3525390625 0.154296875 0.3701171875 0.1328125 0.359375 0.0947265625
3 0.53125 0.5986328125 0.53515625 0.6279296875 0.5595703125 0.66015625 0.5830078125 0.67578125 0.6123046875 0.6796875 0.6318359375 0.671875 0.646484375 0.6474609375 0.6494140625 0.625 0.650390625 0.6064453125 0.638671875 0.5732421875 0.6103515625 0.548828125 0.5732421875 0.54296875 0.5537109375 0.55078125 0.537109375 0.5732421875 0.53125 0.5986328125
3 0.51953125 0.5986328125 0.5068359375 0.58984375 0.4912109375 0.591796875 0.486328125 0.6259765625 0.4921875 0.6435546875 0.5048828125 0.65234375 0.5224609375 0.654296875 0.5283203125 0.640625 0.529296875 0.6201171875 0.51953125 0.5986328125
3 0.501953125 0.2861328125 0.490234375 0.3056640625 0.486328125 0.3369140625 0.5087890625 0.380859375 0.5263671875 0.390625 0.5556640625 0.388671875 0.5703125 0.3740234375 0.5771484375 0.3515625 0.578125 0.3134765625 0.5634765625 0.287109375 0.5361328125 0.27734375 0.5126953125 0.279296875 0.501953125 0.2861328125
3 0.603515625 0.3271484375 0.59375 0.3525390625 0.595703125 0.3857421875 0.615234375 0.4208984375 0.6298828125 0.43359375 0.6611328125 0.439453125 0.6923828125 0.4296875 0.7021484375 0.396484375 0.701171875 0.3857421875 0.6572265625 0.328125 0.6435546875 0.322265625 0.6103515625 0.322265625 0.603515625 0.3271484375
3 0.7255859375 0.306640625 0.6884765625 0.30078125 0.677734375 0.3115234375 0.6796875 0.3330078125 0.6982421875 0.359375 0.7353515625 0.36328125 0.7421875 0.3583984375 0.7431640625 0.341796875 0.73828125 0.3173828125 0.7255859375 0.306640625
3 0.7607421875 0.384765625 0.7373046875 0.3828125 0.724609375 0.3935546875 0.720703125 0.4169921875 0.7353515625 0.4375 0.7587890625 0.439453125 0.771484375 0.4287109375 0.7724609375 0.419921875 0.771484375 0.4033203125 0.7607421875 0.384765625
3 0.7265625 0.0966796875 0.720703125 0.1142578125 0.724609375 0.1630859375 0.7626953125 0.203125 0.7861328125 0.208984375 0.8134765625 0.205078125 0.837890625 0.1826171875 0.8486328125 0.1640625 0.84765625 0.1201171875 0.83984375 0.1044921875 0.8154296875 0.083984375 0.7958984375 0.07421875 0.7724609375 0.072265625 0.7392578125 0.08203125 0.7265625 0.0966796875
3 0.3544921875 0.505859375 0.3330078125 0.50390625 0.310546875 0.5126953125 0.310546875 0.5478515625 0.3251953125 0.568359375 0.3603515625 0.57421875 0.375 0.5615234375 0.3759765625 0.55078125 0.373046875 0.5263671875 0.3544921875 0.505859375
3 0.404296875 0.6787109375 0.3935546875 0.66796875 0.3583984375 0.654296875 0.330078125 0.6669921875 0.34765625 0.7099609375 0.3720703125 0.73046875 0.3935546875 0.728515625 0.4091796875 0.69921875 0.404296875 0.6787109375
3 0.462890625 0.5615234375 0.4521484375 0.548828125 0.4306640625 0.548828125 0.41796875 0.5576171875 0.416015625 0.5771484375 0.4306640625 0.599609375 0.4521484375 0.59765625 0.4619140625 0.5859375 0.462890625 0.5615234375
3 0.4296875 0.4775390625 0.4228515625 0.46875 0.4013671875 0.466796875 0.388671875 0.4736328125 0.388671875 0.4970703125 0.4033203125 0.51171875 0.4248046875 0.509765625 0.4306640625 0.498046875 0.4296875 0.4775390625