3 0.5419921875 0.42578125 0.55078125 0.4482421875 0.5791015625 0.46484375 0.6240234375 0.46484375 0.6494140625 0.44921875 0.669921875 0.4248046875 0.677734375 0.4013671875 0.673828125 0.3740234375 0.6552734375 0.357421875 0.6357421875 0.3515625 0.5791015625 0.357421875 0.548828125 0.3857421875 0.5419921875 0.42578125
3 0.5029296875 0.66796875 0.505859375 0.6845703125 0.5146484375 0.69140625 0.5498046875 0.6875 0.572265625 0.6650390625 0.572265625 0.6376953125 0.5576171875 0.625 0.5244140625 0.626953125 0.50390625 0.6455078125 0.5029296875 0.66796875
3 0.6533203125 0.6484375 0.6669921875 0.671875 0.7119140625 0.650390625 0.724609375 0.6376953125 0.732421875 0.6123046875 0.7021484375 0.591796875 0.6826171875 0.59375 0.666015625 0.6064453125 0.6533203125 0.6484375
3 0.5478515625 0.568359375 0.5615234375 0.583984375 0.5810546875 0.58203125 0.59765625 0.5693359375 0.595703125 0.5478515625 0.5810546875 0.537109375 0.5556640625 0.5390625 0.546875 0.5478515625 0.5478515625 0.568359375
3 0.2783203125 0.484375 0.2861328125 0.498046875 0.3076171875 0.509765625 0.3427734375 0.51171875 0.380859375 0.4873046875 0.388671875 0.4716796875 0.388671875 0.4482421875 0.3779296875 0.43359375 0.3564453125 0.423828125 0.3056640625 0.423828125 0.2958984375 0.427734375 0.279296875 0.4501953125 0.2783203125 0.484375
3 0.1845703125 0.6484375 0.193359375 0.6767578125 0.2060546875 0.693359375 0.2568359375 0.70703125 0.2939453125 0.689453125 0.3125 0.6728515625 0.322265625 0.6572265625 0.330078125 0.6220703125 0.3095703125 0.587890625 0.2861328125 0.578125 0.2548828125 0.576171875 0.19921875 0.6044921875 0.1845703125 0.6484375
3 0.0712890625 0.685546875 0.0869140625 0.70703125 0.1240234375 0.708984375 0.14453125 0.6884765625 0.154296875 0.6494140625 0.1298828125 0.62890625 0.0947265625 0.640625 0.076171875 0.6533203125 0.0712890625 0.685546875
3 0.3193359375 0.37109375 0.3203125 0.3896484375 0.3291015625 0.400390625 0.3583984375 0.408203125 0.3955078125 0.400390625 0.4228515625 0.3828125 0.435546875 0.3623046875 0.4375 0.3388671875 0.427734375 0.3076171875 0.4169921875 0.30078125 0.3818359375 0.30078125 0.328125 0.3408203125 0.318359375 0.3603515625 0.3193359375 0.37109375
3 0.3818359375 0.263671875 0.3974609375 0.27734375 0.4228515625 0.27734375 0.4375 0.2626953125 0.439453125 0.2451171875 0.4267578125 0.228515625 0.4033203125 0.228515625 0.384765625 0.2373046875 0.3818359375 0.263671875
3 0.2998046875 0.30859375 0.3115234375 0.322265625 0.3291015625 0.3203125 0.3486328125 0.30859375 0.361328125 0.2900390625 0.359375 0.2587890625 0.3291015625 0.255859375 0.3154296875 0.26171875 0.306640625 0.2724609375 0.2998046875 0.30859375
3 0.0732421875 0.23046875 0.076171875 0.2490234375 0.0908203125 0.26953125 0.1162109375 0.279296875 0.1533203125 0.27734375 0.189453125 0.2548828125 0.205078125 0.2275390625 0.20703125 0.1982421875 0.203125 0.1865234375 0.1689453125 0.154296875 0.1201171875 0.15234375 0.1044921875 0.16015625 0.08203125 0.1865234375 0.07421875 0.2041015625 0.0732421875 0.23046875
3 0.4658203125 0.599609375 0.4716796875 0.609375 0.4951171875 0.611328125 0.51171875 0.5927734375 0.509765625 0.5771484375 0.4931640625 0.568359375 0.4716796875 0.572265625 0.46484375 0.5810546875 0.4658203125 0.599609375
3 0.5888671875 0.5 0.5947265625 0.51171875 0.6337890625 0.51171875 0.6484375 0.5009765625 0.654296875 0.4794921875 0.6494140625 0.47265625 0.6201171875 0.470703125 0.5966796875 0.48046875 0.5888671875 0.5