3 0.185546875 0.6474609375 0.1953125 0.6787109375 0.2177734375 0.69921875 0.2587890625 0.70703125 0.2978515625 0.6875 0.322265625 0.6611328125 0.330078125 0.6357421875 0.326171875 0.6064453125 0.3076171875 0.5859375 0.271484375 0.5771484375 0.2548828125 0.576171875 0.2177734375 0.591796875 0.19921875 0.6044921875 0.19140625 0.6220703125 0.185546875 0.6474609375
3 0.1201171875 0.7109375 0.14453125 0.6904296875 0.154296875 0.6474609375 0.1328125 0.6298828125 0.0947265625 0.640625 0.076171875 0.6552734375 0.072265625 0.6865234375 0.0869140625 0.70703125 0.1201171875 0.7109375
3 0.55078125 0.4462890625 0.5732421875 0.462890625 0.5986328125 0.46875 0.6279296875 0.46484375 0.66015625 0.4404296875 0.67578125 0.4169921875 0.6796875 0.3876953125 0.671875 0.3681640625 0.6474609375 0.353515625 0.625 0.3505859375 0.6064453125 0.349609375 0.5732421875 0.361328125 0.548828125 0.3896484375 0.54296875 0.4267578125 0.55078125 0.4462890625
3 0.6259765625 0.513671875 0.6435546875 0.5078125 0.65234375 0.4951171875 0.654296875 0.4775390625 0.640625 0.4716796875 0.6201171875 0.470703125 0.5986328125 0.48046875 0.58984375 0.4931640625 0.591796875 0.5087890625 0.6259765625 0.513671875
3 0.2861328125 0.498046875 0.3056640625 0.509765625 0.3369140625 0.513671875 0.380859375 0.4912109375 0.390625 0.4736328125 0.388671875 0.4443359375 0.3740234375 0.4296875 0.3515625 0.4228515625 0.3134765625 0.421875 0.287109375 0.4365234375 0.27734375 0.4638671875 0.279296875 0.4873046875 0.2861328125 0.498046875
3 0.3271484375 0.396484375 0.3525390625 0.40625 0.3857421875 0.404296875 0.4208984375 0.384765625 0.43359375 0.3701171875 0.439453125 0.3388671875 0.4296875 0.3076171875 0.396484375 0.2978515625 0.3857421875 0.298828125 0.328125 0.3427734375 0.322265625 0.3564453125 0.322265625 0.3896484375 0.3271484375 0.396484375
3 0.3330078125 0.3203125 0.359375 0.3017578125 0.36328125 0.2646484375 0.3583984375 0.2578125 0.341796875 0.2568359375 0.3173828125 0.26171875 0.306640625 0.2744140625 0.30078125 0.3115234375 0.3115234375 0.322265625 0.3330078125 0.3203125
3 0.4169921875 0.279296875 0.4375 0.2646484375 0.439453125 0.2412109375 0.4287109375 0.228515625 0.419921875 0.2275390625 0.4033203125 0.228515625 0.384765625 0.2392578125 0.3828125 0.2626953125 0.3935546875 0.275390625 0.4169921875 0.279296875
3 0.072265625 0.2275390625 0.08203125 0.2607421875 0.0966796875 0.2734375 0.1142578125 0.279296875 0.1630859375 0.275390625 0.203125 0.2373046875 0.208984375 0.2138671875 0.205078125 0.1865234375 0.1826171875 0.162109375 0.1640625 0.1513671875 0.1201171875 0.15234375 0.1044921875 0.16015625 0.083984375 0.1845703125 0.07421875 0.2041015625 0.072265625 0.2275390625
3 0.5478515625 0.689453125 0.568359375 0.6748046875 0.57421875 0.6396484375 0.5615234375 0.625 0.55078125 0.6240234375 0.5263671875 0.626953125 0.505859375 0.6455078125 0.50390625 0.6669921875 0.5126953125 0.689453125 0.5478515625 0.689453125
3 0.7099609375 0.65234375 0.73046875 0.6279296875 0.728515625 0.6064453125 0.69921875 0.5908203125 0.6787109375 0.595703125 0.66796875 0.6064453125 0.654296875 0.6416015625 0.6669921875 0.669921875 0.7099609375 0.65234375
3 0.5771484375 0.583984375 0.599609375 0.5693359375 0.59765625 0.5478515625 0.5859375 0.5380859375 0.5615234375 0.537109375 0.548828125 0.5478515625 0.548828125 0.5693359375 0.5576171875 0.58203125 0.5771484375 0.583984375
3 0.4970703125 0.611328125 0.51171875 0.5966796875 0.509765625 0.5751953125 0.498046875 0.5693359375 0.4775390625 0.5703125 0.46875 0.5771484375 0.466796875 0.5986328125 0.4736328125 0.611328125 0.4970703125 0.611328125