3 0.69921875 0.7822265625 0.70703125 0.7412109375 0.6875 0.7021484375 0.6611328125 0.677734375 0.6357421875 0.669921875 0.6064453125 0.673828125 0.5859375 0.6923828125 0.5771484375 0.728515625 0.576171875 0.7451171875 0.591796875 0.7822265625 0.6044921875 0.80078125 0.6220703125 0.80859375 0.6474609375 0.814453125 0.6787109375 0.8046875 0.69921875 0.7822265625
3 0.6474609375 0.845703125 0.6298828125 0.8671875 0.640625 0.9052734375 0.6552734375 0.923828125 0.6865234375 0.927734375 0.70703125 0.9130859375 0.7109375 0.8798828125 0.6904296875 0.85546875 0.6474609375 0.845703125
3 0.46875 0.4013671875 0.46484375 0.3720703125 0.4404296875 0.33984375 0.4169921875 0.32421875 0.3876953125 0.3203125 0.3681640625 0.328125 0.353515625 0.3525390625 0.3505859375 0.375 0.349609375 0.3935546875 0.361328125 0.4267578125 0.3896484375 0.451171875 0.4267578125 0.45703125 0.4462890625 0.44921875 0.462890625 0.4267578125 0.46875 0.4013671875
3 0.4951171875 0.34765625 0.4775390625 0.345703125 0.4716796875 0.359375 0.470703125 0.3798828125 0.48046875 0.4013671875 0.4931640625 0.41015625 0.5087890625 0.408203125 0.513671875 0.3740234375 0.5078125 0.3564453125 0.4951171875 0.34765625
3 0.513671875 0.6630859375 0.4912109375 0.619140625 0.4736328125 0.609375 0.4443359375 0.611328125 0.4296875 0.6259765625 0.4228515625 0.6484375 0.421875 0.6865234375 0.4365234375 0.712890625 0.4638671875 0.72265625 0.4873046875 0.720703125 0.498046875 0.7138671875 0.509765625 0.6943359375 0.513671875 0.6630859375
3 0.404296875 0.6142578125 0.384765625 0.5791015625 0.3701171875 0.56640625 0.3388671875 0.560546875 0.3076171875 0.5703125 0.2978515625 0.603515625 0.298828125 0.6142578125 0.3427734375 0.671875 0.3564453125 0.677734375 0.3896484375 0.677734375 0.396484375 0.6728515625 0.40625 0.6474609375 0.404296875 0.6142578125
3 0.2646484375 0.63671875 0.2578125 0.6416015625 0.2568359375 0.658203125 0.26171875 0.6826171875 0.2744140625 0.693359375 0.3115234375 0.69921875 0.322265625 0.6884765625 0.3203125 0.6669921875 0.3017578125 0.640625 0.2646484375 0.63671875
3 0.2412109375 0.560546875 0.228515625 0.5712890625 0.2275390625 0.580078125 0.228515625 0.5966796875 0.2392578125 0.615234375 0.2626953125 0.6171875 0.275390625 0.6064453125 0.279296875 0.5830078125 0.2646484375 0.5625 0.2412109375 0.560546875
3 0.2734375 0.9033203125 0.279296875 0.8857421875 0.275390625 0.8369140625 0.2373046875 0.796875 0.2138671875 0.791015625 0.1865234375 0.794921875 0.162109375 0.8173828125 0.1513671875 0.8359375 0.15234375 0.8798828125 0.16015625 0.8955078125 0.1845703125 0.916015625 0.2041015625 0.92578125 0.2275390625 0.927734375 0.2607421875 0.91796875 0.2734375 0.9033203125
3 0.6396484375 0.42578125 0.625 0.4384765625 0.6240234375 0.44921875 0.626953125 0.4736328125 0.6455078125 0.494140625 0.6669921875 0.49609375 0.689453125 0.4873046875 0.689453125 0.4521484375 0.6748046875 0.431640625 0.6396484375 0.42578125
3 0.6064453125 0.271484375 0.5908203125 0.30078125 0.595703125 0.3212890625 0.6064453125 0.33203125 0.6416015625 0.345703125 0.669921875 0.3330078125 0.65234375 0.2900390625 0.6279296875 0.26953125 0.6064453125 0.271484375
3 0.5478515625 0.40234375 0.5380859375 0.4140625 0.537109375 0.4384765625 0.5478515625 0.451171875 0.5693359375 0.451171875 0.58203125 0.4423828125 0.583984375 0.4228515625 0.5693359375 0.400390625 0.5478515625 0.40234375
3 0.5751953125 0.490234375 0.5693359375 0.501953125 0.5703125 0.5224609375 0.5771484375 0.53125 0.5986328125 0.533203125 0.611328125 0.5263671875 0.611328125 0.5029296875 0.5966796875 0.48828125 0.5751953125 0.490234375