3 0.6357421875 0.6484375 0.6552734375 0.642578125 0.673828125 0.6259765625 0.677734375 0.5986328125 0.669921875 0.5751953125 0.6494140625 0.55078125 0.6240234375 0.53515625 0.5791015625 0.53515625 0.55078125 0.5517578125 0.5419921875 0.57421875 0.548828125 0.6142578125 0.5791015625 0.642578125 0.6357421875 0.6484375
3 0.5576171875 0.375 0.572265625 0.3623046875 0.572265625 0.3349609375 0.5498046875 0.3125 0.5146484375 0.30859375 0.505859375 0.3154296875 0.5029296875 0.33203125 0.50390625 0.3544921875 0.5244140625 0.373046875 0.5576171875 0.375
3 0.7021484375 0.408203125 0.732421875 0.3876953125 0.724609375 0.3623046875 0.7119140625 0.349609375 0.6669921875 0.328125 0.6533203125 0.3515625 0.666015625 0.3935546875 0.6826171875 0.40625 0.7021484375 0.408203125
3 0.5810546875 0.462890625 0.595703125 0.4521484375 0.59765625 0.4306640625 0.5810546875 0.41796875 0.5615234375 0.416015625 0.5478515625 0.431640625 0.546875 0.4521484375 0.5556640625 0.4609375 0.5810546875 0.462890625
3 0.3056640625 0.576171875 0.3564453125 0.576171875 0.3779296875 0.56640625 0.388671875 0.5517578125 0.388671875 0.5283203125 0.380859375 0.5126953125 0.3427734375 0.48828125 0.3076171875 0.490234375 0.2861328125 0.501953125 0.2783203125 0.515625 0.279296875 0.5498046875 0.2958984375 0.572265625 0.3056640625 0.576171875
3 0.2861328125 0.421875 0.3095703125 0.412109375 0.330078125 0.3779296875 0.322265625 0.3427734375 0.3125 0.3271484375 0.2939453125 0.310546875 0.2568359375 0.29296875 0.2060546875 0.306640625 0.193359375 0.3232421875 0.1845703125 0.3515625 0.19921875 0.3955078125 0.2548828125 0.423828125 0.2861328125 0.421875
3 0.1298828125 0.37109375 0.154296875 0.3505859375 0.14453125 0.3115234375 0.1240234375 0.291015625 0.0869140625 0.29296875 0.0712890625 0.314453125 0.076171875 0.3466796875 0.0947265625 0.359375 0.1298828125 0.37109375
3 0.3818359375 0.69921875 0.4169921875 0.69921875 0.427734375 0.6923828125 0.4375 0.6611328125 0.435546875 0.6376953125 0.4228515625 0.6171875 0.3955078125 0.599609375 0.3583984375 0.591796875 0.3291015625 0.599609375 0.3203125 0.6103515625 0.3193359375 0.62890625 0.318359375 0.6396484375 0.328125 0.6591796875 0.3818359375 0.69921875
3 0.4267578125 0.771484375 0.439453125 0.7548828125 0.4375 0.7373046875 0.4228515625 0.72265625 0.3974609375 0.72265625 0.3818359375 0.736328125 0.384765625 0.7626953125 0.4033203125 0.771484375 0.4267578125 0.771484375
3 0.3291015625 0.744140625 0.359375 0.7412109375 0.361328125 0.7099609375 0.3486328125 0.69140625 0.3291015625 0.6796875 0.3115234375 0.677734375 0.2998046875 0.69140625 0.306640625 0.7275390625 0.3154296875 0.73828125 0.3291015625 0.744140625
3 0.1044921875 0.83984375 0.1201171875 0.84765625 0.1689453125 0.845703125 0.203125 0.8134765625 0.20703125 0.8017578125 0.205078125 0.7724609375 0.189453125 0.7451171875 0.1533203125 0.72265625 0.1162109375 0.720703125 0.0908203125 0.73046875 0.076171875 0.7509765625 0.0732421875 0.76953125 0.07421875 0.7958984375 0.08203125 0.8134765625 0.1044921875 0.83984375
3 0.4931640625 0.431640625 0.509765625 0.4228515625 0.51171875 0.4072265625 0.4951171875 0.388671875 0.4716796875 0.390625 0.4658203125 0.400390625 0.46484375 0.4189453125 0.4716796875 0.427734375 0.4931640625 0.431640625
3 0.6494140625 0.52734375 0.654296875 0.5205078125 0.6484375 0.4990234375 0.6337890625 0.48828125 0.5947265625 0.48828125 0.5888671875 0.5 0.5966796875 0.51953125 0.6201171875 0.529296875 0.6494140625 0.52734375