2 0.8837890625 0.861328125 0.873046875 0.8837890625 0.8828125 0.9091796875 0.8974609375 0.91796875 0.9248046875 0.916015625 0.9365234375 0.890625 0.93359375 0.8662109375 0.9150390625 0.85546875 0.8837890625 0.861328125
2 1 0.7607421875 0.9892578125 0.75390625 0.96484375 0.7666015625 0.958984375 0.8076171875 0.9677734375 0.826171875 0.9990234375 0.833984375 1 0.7607421875
2 1 0.5341796875 0.9833984375 0.53125 0.966796875 0.5537109375 0.966796875 0.5732421875 0.9814453125 0.59375 0.9990234375 0.59765625 1 0.5341796875
2 0.9072265625 0.390625 0.890625 0.3994140625 0.892578125 0.4111328125 0.9150390625 0.427734375 0.9287109375 0.427734375 0.9306640625 0.416015625 0.9208984375 0.39453125 0.9072265625 0.390625
2 0.9765625 0.3330078125 0.9990234375 0.353515625 0.9970703125 0.294921875 0.978515625 0.3095703125 0.9765625 0.3330078125
2 0.9521484375 0.08203125 0.9375 0.0966796875 0.935546875 0.1240234375 0.9482421875 0.13671875 0.9697265625 0.140625 0.9990234375 0.125 1 0.1064453125 0.9716796875 0.08203125 0.9521484375 0.08203125
2 0.7373046875 0.01953125 0.720703125 0.0439453125 0.724609375 0.0595703125 0.7509765625 0.0859375 0.7802734375 0.083984375 0.7998046875 0.064453125 0.794921875 0.0263671875 0.7685546875 0.0078125 0.7373046875 0.01953125
2 0.693359375 0.2431640625 0.7041015625 0.265625 0.7138671875 0.271484375 0.7373046875 0.271484375 0.748046875 0.2666015625 0.7509765625 0.255859375 0.75 0.2294921875 0.7373046875 0.21484375 0.7197265625 0.20703125 0.697265625 0.2177734375 0.693359375 0.2431640625
2 0.6044921875 0.310546875 0.583984375 0.3291015625 0.587890625 0.3564453125 0.6044921875 0.376953125 0.6318359375 0.37890625 0.6455078125 0.359375 0.64453125 0.3330078125 0.6337890625 0.31640625 0.6220703125 0.310546875 0.6044921875 0.310546875
2 0.46484375 0.3603515625 0.46484375 0.3798828125 0.4814453125 0.3984375 0.4951171875 0.40234375 0.5126953125 0.40234375 0.5283203125 0.375 0.525390625 0.3525390625 0.5029296875 0.33984375 0.4833984375 0.33984375 0.46484375 0.3603515625
2 0.482421875 0.5361328125 0.482421875 0.5595703125 0.474609375 0.5751953125 0.4853515625 0.583984375 0.5185546875 0.591796875 0.5400390625 0.580078125 0.5390625 0.5537109375 0.5224609375 0.533203125 0.482421875 0.5361328125
2 0.318359375 0.7841796875 0.3125 0.8076171875 0.3232421875 0.833984375 0.3642578125 0.837890625 0.376953125 0.8232421875 0.3818359375 0.8046875 0.3701171875 0.78515625 0.3427734375 0.771484375 0.318359375 0.7841796875
2 0.5107421875 0.66015625 0.5029296875 0.66015625 0.482421875 0.6845703125 0.4853515625 0.6953125 0.5087890625 0.703125 0.5205078125 0.689453125 0.521484375 0.6748046875 0.5107421875 0.66015625
2 0.1005859375 0.353515625 0.078125 0.3759765625 0.080078125 0.3974609375 0.1005859375 0.423828125 0.1162109375 0.42578125 0.1455078125 0.41015625 0.14453125 0.3759765625 0.1240234375 0.357421875 0.1005859375 0.353515625
2 0.0634765625 0.115234375 0.052734375 0.1259765625 0.048828125 0.1630859375 0.0673828125 0.19140625 0.0908203125 0.185546875 0.1083984375 0.169921875 0.109375 0.1474609375 0.0869140625 0.119140625 0.0634765625 0.115234375
2 0.1630859375 0.318359375 0.15625 0.3251953125 0.154296875 0.3369140625 0.1591796875 0.341796875 0.1708984375 0.349609375 0.1845703125 0.345703125 0.185546875 0.3349609375 0.1708984375 0.3203125 0.1630859375 0.318359375
2 0.265625 0.1826171875 0.2431640625 0.1640625 0.23828125 0.1689453125 0.23828125 0.1943359375 0.2529296875 0.20703125 0.2666015625 0.205078125 0.265625 0.1826171875