2 0.8427734375 0 0.833984375 0.0126953125 0.83203125 0.0380859375 0.8408203125 0.052734375 0.853515625 0.0595703125 0.8779296875 0.05859375 0.888671875 0.0498046875 0.892578125 0.0205078125 0.8759765625 0 0.8427734375 0
2 0.763671875 0.0693359375 0.759765625 0.0283203125 0.7412109375 0.017578125 0.6923828125 0.017578125 0.681640625 0.0322265625 0.6875 0.0634765625 0.7041015625 0.078125 0.728515625 0.0810546875 0.7490234375 0.080078125 0.763671875 0.0693359375
2 0.8505859375 0.23828125 0.86328125 0.2275390625 0.86328125 0.2060546875 0.8486328125 0.189453125 0.8232421875 0.19140625 0.8125 0.2021484375 0.810546875 0.2216796875 0.830078125 0.2412109375 0.8505859375 0.23828125
2 0.8623046875 0.32421875 0.875 0.3154296875 0.87890625 0.2763671875 0.8740234375 0.26953125 0.8427734375 0.2734375 0.833984375 0.2802734375 0.830078125 0.3056640625 0.841796875 0.3251953125 0.8623046875 0.32421875
2 0.740234375 0.3076171875 0.75 0.3369140625 0.7734375 0.3330078125 0.775390625 0.3173828125 0.7666015625 0.30078125 0.7431640625 0.302734375 0.740234375 0.3076171875
2 0.2412109375 0.298828125 0.2578125 0.2763671875 0.248046875 0.2431640625 0.2294921875 0.228515625 0.2041015625 0.23828125 0.189453125 0.2626953125 0.193359375 0.2900390625 0.2109375 0.3017578125 0.2412109375 0.298828125
2 0.5380859375 0.28515625 0.546875 0.2685546875 0.544921875 0.2470703125 0.5283203125 0.236328125 0.5087890625 0.23828125 0.5 0.2509765625 0.498046875 0.2724609375 0.515625 0.2861328125 0.5380859375 0.28515625
2 0.4462890625 0.142578125 0.462890625 0.1318359375 0.455078125 0.1005859375 0.4482421875 0.095703125 0.4267578125 0.103515625 0.4140625 0.1181640625 0.4140625 0.1298828125 0.4296875 0.1416015625 0.4462890625 0.142578125
2 0.4423828125 0 0.419921875 0.0302734375 0.423828125 0.0478515625 0.435546875 0.0537109375 0.4599609375 0.0546875 0.46484375 0.0498046875 0.466796875 0.0166015625 0.4580078125 0 0.4423828125 0
2 0.404296875 0.4404296875 0.4306640625 0.44140625 0.447265625 0.4306640625 0.451171875 0.4033203125 0.4404296875 0.38671875 0.4111328125 0.38671875 0.39453125 0.4013671875 0.404296875 0.4404296875
2 0.25 0.5927734375 0.28125 0.5810546875 0.279296875 0.5537109375 0.2626953125 0.53515625 0.2470703125 0.53515625 0.2265625 0.5498046875 0.2265625 0.5732421875 0.25 0.5927734375
2 0.2705078125 0.994140625 0.27734375 0.9873046875 0.2724609375 0.94921875 0.2587890625 0.94140625 0.2431640625 0.94140625 0.22265625 0.9521484375 0.21484375 0.9794921875 0.23046875 0.9931640625 0.2705078125 0.994140625
2 0.43359375 0.9091796875 0.4375 0.8857421875 0.431640625 0.8720703125 0.4130859375 0.8515625 0.3701171875 0.859375 0.36328125 0.8896484375 0.3798828125 0.912109375 0.404296875 0.9189453125 0.4228515625 0.91796875 0.43359375 0.9091796875
2 0.625 0.8583984375 0.6171875 0.8388671875 0.5869140625 0.822265625 0.5751953125 0.82421875 0.552734375 0.8427734375 0.544921875 0.8662109375 0.5498046875 0.876953125 0.58203125 0.8916015625 0.6064453125 0.890625 0.625 0.8798828125 0.625 0.8583984375
2 0.7978515625 0.73046875 0.7734375 0.7353515625 0.763671875 0.7568359375 0.765625 0.7705078125 0.7490234375 0.779296875 0.73828125 0.7939453125 0.73828125 0.8173828125 0.751953125 0.8251953125 0.8017578125 0.8203125 0.814453125 0.8076171875 0.822265625 0.7470703125 0.8134765625 0.736328125 0.7978515625 0.73046875
2 0.689453125 0.6923828125 0.69140625 0.6728515625 0.6728515625 0.64453125 0.6474609375 0.640625 0.62890625 0.6572265625 0.623046875 0.6826171875 0.6328125 0.7080078125 0.654296875 0.7236328125 0.6689453125 0.716796875 0.689453125 0.6923828125
2 0.8359375 0.9365234375 0.83984375 0.9599609375 0.8642578125 0.95703125 0.873046875 0.9306640625 0.8583984375 0.921875 0.8447265625 0.923828125 0.8359375 0.9365234375
2 0.87109375 0.9521484375 0.876953125 0.9365234375 0.890625 0.9267578125 0.8798828125 0.90625 0.8662109375 0.90625 0.8564453125 0.919921875 0.83984375 0.9267578125 0.837890625 0.9599609375 0.8544921875 0.9609375 0.87109375 0.9521484375
2 0.3203125 0.4560546875 0.328125 0.4560546875 0.33984375 0.4345703125 0.34765625 0.4130859375 0.3427734375 0.400390625 0.3125 0.4208984375 0.310546875 0.4423828125 0.3203125 0.4560546875
2 0.1142578125 0.427734375 0.1103515625 0.4375 0.1064453125 0.43359375 0.099609375 0.4404296875 0.095703125 0.4580078125 0.08984375 0.4580078125 0.08984375 0.4736328125 0.109375 0.4892578125 0.1298828125 0.490234375 0.146484375 0.4775390625 0.14453125 0.4443359375 0.1357421875 0.431640625 0.1142578125 0.427734375