2 0.7607421875 0.71875 0.7734375 0.7080078125 0.7802734375 0.685546875 0.771484375 0.6572265625 0.7529296875 0.640625 0.7216796875 0.638671875 0.69921875 0.6513671875 0.69921875 0.6884765625 0.7216796875 0.71875 0.7607421875 0.71875
2 0.265625 0.7060546875 0.2529296875 0.703125 0.2138671875 0.71875 0.20703125 0.7314453125 0.2314453125 0.7421875 0.2646484375 0.71875 0.265625 0.7060546875
2 0.1669921875 0.3125 0.2080078125 0.314453125 0.208984375 0.3037109375 0.193359375 0.2900390625 0.189453125 0.2685546875 0.1669921875 0.267578125 0.15625 0.2919921875 0.16015625 0.3056640625 0.1669921875 0.3125
2 0.494140625 0.1572265625 0.4833984375 0.140625 0.4755859375 0.140625 0.46875 0.2001953125 0.4814453125 0.205078125 0.4951171875 0.181640625 0.494140625 0.1572265625
2 0.4755859375 0.087890625 0.4814453125 0.068359375 0.4814453125 0.046875 0.439453125 0.0517578125 0.4755859375 0.087890625
2 0.720703125 0.3837890625 0.7119140625 0.375 0.6982421875 0.369140625 0.68359375 0.3740234375 0.7099609375 0.4140625 0.7236328125 0.400390625 0.720703125 0.3837890625
2 0.861328125 0.5771484375 0.8486328125 0.572265625 0.837890625 0.5849609375 0.83984375 0.6044921875 0.8583984375 0.61328125 0.8623046875 0.58984375 0.861328125 0.5771484375
2 0.8662109375 0.537109375 0.8671875 0.5224609375 0.8603515625 0.51171875 0.828125 0.5205078125 0.828125 0.5341796875 0.8369140625 0.548828125 0.8583984375 0.544921875 0.8662109375 0.537109375
2 0.9033203125 0.498046875 0.869140625 0.5107421875 0.8720703125 0.521484375 0.8857421875 0.52734375 0.9111328125 0.52734375 0.9189453125 0.521484375 0.9033203125 0.498046875
2 0.7861328125 0.2109375 0.7978515625 0.201171875 0.7939453125 0.1875 0.7734375 0.1923828125 0.7861328125 0.2109375
2 0.7783203125 0.0546875 0.779296875 0.0439453125 0.7568359375 0.0234375 0.7197265625 0.01953125 0.708984375 0.0244140625 0.7236328125 0.044921875 0.7666015625 0.05859375 0.7783203125 0.0546875
2 0.6513671875 0.07421875 0.64453125 0.0458984375 0.6259765625 0.037109375 0.623046875 0.0458984375 0.6328125 0.0615234375 0.6337890625 0.099609375 0.646484375 0.0966796875 0.6513671875 0.07421875
2 0.470703125 0.7509765625 0.4541015625 0.734375 0.443359375 0.7509765625 0.443359375 0.7802734375 0.4658203125 0.794921875 0.4755859375 0.783203125 0.470703125 0.7509765625
2 0.6591796875 0.328125 0.6787109375 0.31640625 0.677734375 0.2958984375 0.66796875 0.2841796875 0.6708984375 0.27734375 0.611328125 0.2744140625 0.609375 0.3134765625 0.6142578125 0.318359375 0.6591796875 0.328125
2 0.8251953125 0.412109375 0.8056640625 0.40625 0.7666015625 0.41015625 0.759765625 0.4228515625 0.7841796875 0.447265625 0.8330078125 0.427734375 0.8251953125 0.412109375
2 0.9228515625 0.40625 0.8974609375 0.40234375 0.888671875 0.4091796875 0.8916015625 0.44921875 0.9130859375 0.44921875 0.9248046875 0.431640625 0.9228515625 0.40625
2 0.9228515625 0.939453125 0.9365234375 0.955078125 0.9482421875 0.958984375 0.95703125 0.9326171875 0.9697265625 0.919921875 0.9599609375 0.900390625 0.9404296875 0.896484375 0.9228515625 0.904296875 0.916015625 0.9013671875 0.91015625 0.9267578125 0.9189453125 0.9453125 0.9228515625 0.939453125
2 0.3720703125 0.630859375 0.36328125 0.6064453125 0.3427734375 0.587890625 0.337890625 0.5947265625 0.33984375 0.6298828125 0.3466796875 0.63671875 0.3642578125 0.63671875 0.3720703125 0.630859375
2 0.9658203125 0.341796875 0.9970703125 0.3203125 0.99609375 0.3095703125 0.9873046875 0.3046875 0.9560546875 0.306640625 0.9453125 0.3212890625 0.9453125 0.3349609375 0.9521484375 0.341796875 0.9658203125 0.341796875