2 0.1640625 0.9501953125 0.15234375 0.9443359375 0.1298828125 0.951171875 0.12109375 0.9638671875 0.12109375 0.9775390625 0.1357421875 0.9921875 0.1572265625 0.990234375 0.16796875 0.9755859375 0.1640625 0.9501953125
2 0.0771484375 0.935546875 0.08984375 0.9130859375 0.0859375 0.8955078125 0.06640625 0.8740234375 0.0537109375 0.875 0.033203125 0.8974609375 0.033203125 0.9267578125 0.0400390625 0.9375 0.0537109375 0.943359375 0.0673828125 0.943359375 0.0771484375 0.935546875
2 0.25390625 0.7607421875 0.236328125 0.7490234375 0.2138671875 0.75 0.201171875 0.7626953125 0.203125 0.7822265625 0.2177734375 0.796875 0.2412109375 0.796875 0.255859375 0.7841796875 0.25390625 0.7607421875
2 0.109375 0.7353515625 0.08203125 0.7587890625 0.080078125 0.7802734375 0.1220703125 0.798828125 0.13671875 0.7919921875 0.142578125 0.7626953125 0.1357421875 0.744140625 0.109375 0.7353515625
2 0.326171875 0.9580078125 0.326171875 0.9326171875 0.3046875 0.9208984375 0.2939453125 0.921875 0.28515625 0.9306640625 0.275390625 0.9599609375 0.287109375 0.9853515625 0.2978515625 0.990234375 0.318359375 0.9833984375 0.326171875 0.9580078125
2 0.2744140625 0.4296875 0.2548828125 0.4375 0.248046875 0.4482421875 0.248046875 0.4580078125 0.2724609375 0.482421875 0.2958984375 0.486328125 0.3115234375 0.49609375 0.34375 0.4677734375 0.3505859375 0.451171875 0.36328125 0.4443359375 0.3671875 0.3779296875 0.357421875 0.3623046875 0.3369140625 0.36328125 0.3193359375 0.376953125 0.2939453125 0.373046875 0.2734375 0.3857421875 0.271484375 0.3974609375 0.283203125 0.4130859375 0.2744140625 0.4296875
2 0.126953125 0.3701171875 0.09765625 0.3818359375 0.095703125 0.4111328125 0.1044921875 0.42578125 0.1416015625 0.431640625 0.1484375 0.4189453125 0.15234375 0.3798828125 0.126953125 0.3701171875
2 0.279296875 0.2744140625 0.259765625 0.2568359375 0.2373046875 0.26171875 0.21875 0.2802734375 0.224609375 0.3017578125 0.2431640625 0.318359375 0.2568359375 0.322265625 0.283203125 0.3017578125 0.279296875 0.2744140625
2 0.099609375 0.2607421875 0.083984375 0.2470703125 0.0556640625 0.25 0.044921875 0.2607421875 0.041015625 0.2822265625 0.0458984375 0.3046875 0.0615234375 0.310546875 0.099609375 0.3076171875 0.099609375 0.2607421875
2 0.220703125 0.0068359375 0.2392578125 0.025390625 0.2626953125 0.02734375 0.279296875 0.0009765625 0.2216796875 0 0.220703125 0.0068359375
2 0.490234375 0.1201171875 0.4775390625 0.119140625 0.455078125 0.1357421875 0.4580078125 0.173828125 0.4912109375 0.1796875 0.51171875 0.1708984375 0.509765625 0.1435546875 0.490234375 0.1201171875
2 0.794921875 0.8232421875 0.7724609375 0.822265625 0.759765625 0.8349609375 0.76171875 0.8603515625 0.7783203125 0.880859375 0.810546875 0.8642578125 0.810546875 0.8349609375 0.794921875 0.8232421875
2 0.837890625 0.6884765625 0.82421875 0.6767578125 0.8017578125 0.681640625 0.787109375 0.7041015625 0.791015625 0.7236328125 0.8095703125 0.73828125 0.8291015625 0.736328125 0.83984375 0.7197265625 0.837890625 0.6884765625
2 0.962890625 0.4443359375 0.958984375 0.4248046875 0.9375 0.4111328125 0.9208984375 0.412109375 0.90234375 0.4267578125 0.904296875 0.4521484375 0.912109375 0.4677734375 0.9228515625 0.474609375 0.9482421875 0.470703125 0.962890625 0.4443359375
2 0.927734375 0.1259765625 0.912109375 0.1064453125 0.8857421875 0.107421875 0.87109375 0.1357421875 0.876953125 0.1591796875 0.8935546875 0.17578125 0.9072265625 0.173828125 0.927734375 0.1435546875 0.927734375 0.1259765625
2 0.603515625 0.3056640625 0.5888671875 0.3046875 0.572265625 0.3134765625 0.56640625 0.3349609375 0.5751953125 0.353515625 0.6044921875 0.353515625 0.611328125 0.3447265625 0.603515625 0.3056640625
2 0.62890625 0.4814453125 0.6171875 0.4716796875 0.5849609375 0.47265625 0.57421875 0.4794921875 0.5703125 0.5009765625 0.5869140625 0.525390625 0.6162109375 0.517578125 0.626953125 0.5048828125 0.62890625 0.4814453125
2 0.2080078125 0.861328125 0.203125 0.8818359375 0.2275390625 0.88671875 0.2451171875 0.880859375 0.25 0.8701171875 0.240234375 0.8603515625 0.2080078125 0.861328125
2 0.662109375 0.7509765625 0.6494140625 0.75 0.64453125 0.7568359375 0.642578125 0.7900390625 0.6533203125 0.814453125 0.689453125 0.8017578125 0.68359375 0.7626953125 0.662109375 0.7509765625