2 0.951171875 0.8701171875 0.9638671875 0.87890625 0.9775390625 0.87890625 0.9921875 0.8642578125 0.990234375 0.8427734375 0.9755859375 0.83203125 0.9501953125 0.8359375 0.9443359375 0.84765625 0.951171875 0.8701171875
2 0.9267578125 0.966796875 0.9375 0.9599609375 0.943359375 0.9462890625 0.943359375 0.9326171875 0.935546875 0.9228515625 0.9130859375 0.91015625 0.8955078125 0.9140625 0.8740234375 0.93359375 0.875 0.9462890625 0.8974609375 0.966796875 0.9267578125 0.966796875
2 0.75 0.7861328125 0.7626953125 0.798828125 0.7822265625 0.796875 0.796875 0.7822265625 0.796875 0.7587890625 0.7841796875 0.744140625 0.7607421875 0.74609375 0.7490234375 0.763671875 0.75 0.7861328125
2 0.7353515625 0.890625 0.7587890625 0.91796875 0.7802734375 0.919921875 0.798828125 0.8779296875 0.7919921875 0.86328125 0.7626953125 0.857421875 0.744140625 0.8642578125 0.7353515625 0.890625
2 0.9306640625 0.71484375 0.9599609375 0.724609375 0.9853515625 0.712890625 0.990234375 0.7021484375 0.9833984375 0.681640625 0.9580078125 0.673828125 0.9326171875 0.673828125 0.9208984375 0.6953125 0.921875 0.7060546875 0.9306640625 0.71484375
2 0.482421875 0.7275390625 0.486328125 0.7041015625 0.49609375 0.6884765625 0.4677734375 0.65625 0.451171875 0.6494140625 0.4443359375 0.63671875 0.3779296875 0.6328125 0.3623046875 0.642578125 0.36328125 0.6630859375 0.376953125 0.6806640625 0.373046875 0.7060546875 0.3857421875 0.7265625 0.3974609375 0.728515625 0.4130859375 0.716796875 0.4296875 0.7255859375 0.4375 0.7451171875 0.4482421875 0.751953125 0.4580078125 0.751953125 0.482421875 0.7275390625
2 0.3701171875 0.873046875 0.3818359375 0.90234375 0.4111328125 0.904296875 0.42578125 0.8955078125 0.431640625 0.8583984375 0.4189453125 0.8515625 0.3798828125 0.84765625 0.3701171875 0.873046875
2 0.26171875 0.7626953125 0.2802734375 0.78125 0.3017578125 0.775390625 0.318359375 0.7568359375 0.322265625 0.7431640625 0.3017578125 0.716796875 0.2744140625 0.720703125 0.2568359375 0.740234375 0.26171875 0.7626953125
2 0.25 0.9443359375 0.2607421875 0.955078125 0.2822265625 0.958984375 0.3046875 0.9541015625 0.310546875 0.9384765625 0.3076171875 0.900390625 0.2607421875 0.900390625 0.2470703125 0.916015625 0.25 0.9443359375
2 0.025390625 0.7607421875 0.02734375 0.7373046875 0.0009765625 0.720703125 0 0.7783203125 0.0068359375 0.779296875 0.025390625 0.7607421875
2 0.1201171875 0.509765625 0.119140625 0.5224609375 0.1357421875 0.544921875 0.173828125 0.5419921875 0.1796875 0.5087890625 0.1708984375 0.48828125 0.1435546875 0.490234375 0.1201171875 0.509765625
2 0.8232421875 0.205078125 0.822265625 0.2275390625 0.8349609375 0.240234375 0.8603515625 0.23828125 0.880859375 0.2216796875 0.8642578125 0.189453125 0.8349609375 0.189453125 0.8232421875 0.205078125
2 0.681640625 0.1982421875 0.7041015625 0.212890625 0.7236328125 0.208984375 0.73828125 0.1904296875 0.736328125 0.1708984375 0.7197265625 0.16015625 0.6884765625 0.162109375 0.6767578125 0.17578125 0.681640625 0.1982421875
2 0.4267578125 0.09765625 0.4521484375 0.095703125 0.4677734375 0.087890625 0.474609375 0.0771484375 0.470703125 0.0517578125 0.4443359375 0.037109375 0.4248046875 0.041015625 0.4111328125 0.0625 0.412109375 0.0791015625 0.4267578125 0.09765625
2 0.107421875 0.1142578125 0.1357421875 0.12890625 0.1591796875 0.123046875 0.17578125 0.1064453125 0.173828125 0.0927734375 0.1435546875 0.072265625 0.1259765625 0.072265625 0.1064453125 0.087890625 0.107421875 0.1142578125
2 0.3056640625 0.396484375 0.3046875 0.4111328125 0.3134765625 0.427734375 0.3349609375 0.43359375 0.353515625 0.4248046875 0.353515625 0.3955078125 0.3447265625 0.388671875 0.3056640625 0.396484375
2 0.47265625 0.4150390625 0.4794921875 0.42578125 0.5009765625 0.4296875 0.525390625 0.4130859375 0.517578125 0.3837890625 0.5048828125 0.373046875 0.4814453125 0.37109375 0.4716796875 0.3828125 0.47265625 0.4150390625
2 0.8701171875 0.75 0.8603515625 0.759765625 0.861328125 0.7919921875 0.8818359375 0.796875 0.88671875 0.7724609375 0.880859375 0.7548828125 0.8701171875 0.75
2 0.7509765625 0.337890625 0.75 0.3505859375 0.7568359375 0.35546875 0.7900390625 0.357421875 0.814453125 0.3466796875 0.8017578125 0.310546875 0.7626953125 0.31640625 0.7509765625 0.337890625