2 0.1435546875 0.109375 0.1669921875 0.109375 0.189453125 0.0830078125 0.19140625 0.0693359375 0.1728515625 0.052734375 0.154296875 0.0478515625 0.1240234375 0.052734375 0.11328125 0.0712890625 0.1279296875 0.099609375 0.1435546875 0.109375
2 0.3681640625 0.142578125 0.4072265625 0.146484375 0.41796875 0.1337890625 0.423828125 0.1025390625 0.4013671875 0.08203125 0.384765625 0.0771484375 0.3759765625 0.076171875 0.357421875 0.0927734375 0.353515625 0.1181640625 0.3681640625 0.142578125
2 0.7734375 0.3564453125 0.8017578125 0.38671875 0.8330078125 0.369140625 0.837890625 0.3544921875 0.83203125 0.3232421875 0.8125 0.3134765625 0.7822265625 0.318359375 0.771484375 0.3369140625 0.7734375 0.3564453125
2 0.53125 0.5205078125 0.5576171875 0.541015625 0.5791015625 0.5390625 0.587890625 0.5302734375 0.58984375 0.5009765625 0.57421875 0.4775390625 0.5361328125 0.482421875 0.53125 0.4892578125 0.53125 0.5205078125
2 0.33984375 0.5126953125 0.3544921875 0.529296875 0.3779296875 0.529296875 0.40234375 0.5107421875 0.396484375 0.4814453125 0.369140625 0.4599609375 0.3583984375 0.4609375 0.3359375 0.4912109375 0.33984375 0.5126953125
2 0.3232421875 0.640625 0.3564453125 0.646484375 0.376953125 0.6318359375 0.37890625 0.6162109375 0.3701171875 0.59765625 0.341796875 0.5849609375 0.322265625 0.5869140625 0.30859375 0.6064453125 0.30859375 0.6201171875 0.3232421875 0.640625
2 0.2314453125 0.751953125 0.2646484375 0.748046875 0.26953125 0.7412109375 0.265625 0.7060546875 0.2568359375 0.697265625 0.2421875 0.6943359375 0.2177734375 0.697265625 0.201171875 0.7197265625 0.2314453125 0.751953125
2 0.0263671875 0.796875 0.0576171875 0.802734375 0.08203125 0.7822265625 0.083984375 0.7529296875 0.0595703125 0.7265625 0.048828125 0.7236328125 0.015625 0.7392578125 0.005859375 0.7705078125 0.0263671875 0.796875
2 0.083984375 0.9775390625 0.1123046875 1 0.130859375 0.9931640625 0.138671875 0.9716796875 0.134765625 0.9482421875 0.12109375 0.9365234375 0.1005859375 0.935546875 0.080078125 0.9541015625 0.083984375 0.9775390625
2 0.3154296875 0.974609375 0.3017578125 0.982421875 0.29296875 0.9990234375 0.3505859375 1 0.345703125 0.9853515625 0.328125 0.9755859375 0.3154296875 0.974609375
2 0.5439453125 0.96875 0.529296875 0.9814453125 0.5322265625 1 0.595703125 0.9990234375 0.59375 0.9833984375 0.564453125 0.9658203125 0.5439453125 0.96875
2 0.857421875 0.9287109375 0.8740234375 0.9375 0.9052734375 0.931640625 0.91796875 0.9111328125 0.9140625 0.8896484375 0.88671875 0.8720703125 0.8642578125 0.87890625 0.853515625 0.8994140625 0.857421875 0.9287109375
2 0.8310546875 1 0.826171875 0.9697265625 0.80859375 0.9599609375 0.7646484375 0.962890625 0.751953125 0.9853515625 0.75390625 0.9951171875 0.7587890625 1 0.8310546875 1
2 0.392578125 0.8955078125 0.390625 0.9169921875 0.4052734375 0.931640625 0.4228515625 0.931640625 0.427734375 0.9169921875 0.408203125 0.8916015625 0.392578125 0.8955078125
2 0.66015625 0.5009765625 0.658203125 0.5087890625 0.6650390625 0.517578125 0.6845703125 0.5234375 0.701171875 0.5146484375 0.689453125 0.4833984375 0.66015625 0.5009765625
2 0.162109375 0.2451171875 0.1767578125 0.263671875 0.1962890625 0.26953125 0.20703125 0.2626953125 0.20703125 0.2529296875 0.189453125 0.2373046875 0.1728515625 0.236328125 0.162109375 0.2451171875