2 0.2216796875 0.791015625 0.212890625 0.8037109375 0.2119140625 0.82421875 0.2216796875 0.837890625 0.2470703125 0.83984375 0.2578125 0.8271484375 0.25390625 0.7998046875 0.2392578125 0.7890625 0.2216796875 0.791015625
2 0.3505859375 0.388671875 0.337890625 0.3935546875 0.3369140625 0.416015625 0.3408203125 0.42578125 0.3701171875 0.4453125 0.3916015625 0.443359375 0.404296875 0.4326171875 0.3974609375 0.419921875 0.3505859375 0.388671875
2 0.5341796875 0.333984375 0.5048828125 0.359375 0.5087890625 0.365234375 0.5263671875 0.359375 0.54296875 0.3349609375 0.5341796875 0.333984375
2 0.6279296875 0.599609375 0.6142578125 0.609375 0.5869140625 0.61328125 0.578125 0.6201171875 0.5751953125 0.63671875 0.5849609375 0.642578125 0.6396484375 0.642578125 0.650390625 0.6240234375 0.650390625 0.6044921875 0.6279296875 0.599609375
2 0.046875 0.3154296875 0.04296875 0.2978515625 0.0263671875 0.2890625 0.0009765625 0.291015625 0.0009765625 0.310546875 0.0322265625 0.318359375 0.046875 0.3154296875
2 0.021484375 0.2197265625 0.013671875 0.2333984375 0.0146484375 0.24609375 0.041015625 0.2275390625 0.05078125 0.1943359375 0.0478515625 0.181640625 0.0263671875 0.18359375 0.01953125 0.1943359375 0.021484375 0.2197265625
2 0.8974609375 0.357421875 0.9228515625 0.375 0.96875 0.3310546875 0.96875 0.3251953125 0.9541015625 0.3203125 0.9306640625 0.326171875 0.9072265625 0.341796875 0.8974609375 0.357421875
2 0.8818359375 0.341796875 0.8974609375 0.337890625 0.935546875 0.2919921875 0.9375 0.2861328125 0.9248046875 0.271484375 0.9169921875 0.271484375 0.908203125 0.2822265625 0.8818359375 0.341796875
2 0.865234375 0.8291015625 0.8671875 0.7958984375 0.8603515625 0.787109375 0.845703125 0.8037109375 0.8466796875 0.830078125 0.8564453125 0.83984375 0.865234375 0.8291015625
2 0.86328125 0.6826171875 0.8603515625 0.697265625 0.8837890625 0.69140625 0.896484375 0.6708984375 0.8818359375 0.6640625 0.86328125 0.6826171875
2 0.9609375 0.4853515625 0.955078125 0.4638671875 0.9384765625 0.451171875 0.931640625 0.4541015625 0.9326171875 0.47265625 0.9521484375 0.4921875 0.9609375 0.4853515625
2 0.96484375 0.0830078125 0.943359375 0.1044921875 0.9345703125 0.13671875 0.9755859375 0.138671875 0.982421875 0.1337890625 0.98828125 0.0888671875 0.9833984375 0.060546875 0.96875 0.0654296875 0.96484375 0.0830078125
2 0.3828125 0.6396484375 0.380859375 0.6240234375 0.3642578125 0.625 0.349609375 0.6396484375 0.3486328125 0.6484375 0.3779296875 0.646484375 0.3828125 0.6396484375
2 0.275390625 0.6142578125 0.2744140625 0.626953125 0.2919921875 0.6328125 0.30078125 0.6181640625 0.2841796875 0.609375 0.275390625 0.6142578125