2 0.17578125 0.7763671875 0.1650390625 0.765625 0.14453125 0.7646484375 0.1240234375 0.7734375 0.1171875 0.7841796875 0.115234375 0.8017578125 0.1279296875 0.8203125 0.1591796875 0.81640625 0.177734375 0.7900390625 0.17578125 0.7763671875
2 0.640625 0.8251953125 0.619140625 0.8310546875 0.611328125 0.8662109375 0.6240234375 0.87890625 0.6591796875 0.87890625 0.67578125 0.8662109375 0.673828125 0.8388671875 0.6591796875 0.826171875 0.640625 0.8251953125
2 0.265625 0.9072265625 0.2783203125 0.919921875 0.2958984375 0.91796875 0.30078125 0.9013671875 0.2841796875 0.88671875 0.2734375 0.8857421875 0.267578125 0.8896484375 0.265625 0.9072265625
2 0.56640625 0.8076171875 0.564453125 0.7861328125 0.552734375 0.7822265625 0.533203125 0.7939453125 0.5341796875 0.80859375 0.5615234375 0.8125 0.56640625 0.8076171875
2 0.640625 0.5146484375 0.6103515625 0.515625 0.603515625 0.5302734375 0.6318359375 0.56640625 0.6513671875 0.5703125 0.66796875 0.5595703125 0.67578125 0.5361328125 0.6591796875 0.515625 0.640625 0.5146484375
2 0.796875 0.4697265625 0.779296875 0.4794921875 0.775390625 0.5048828125 0.7939453125 0.521484375 0.8212890625 0.517578125 0.83203125 0.5029296875 0.830078125 0.4775390625 0.8193359375 0.470703125 0.796875 0.4697265625
2 0.744140625 0.3154296875 0.7314453125 0.298828125 0.7109375 0.2958984375 0.689453125 0.3056640625 0.6796875 0.3212890625 0.6796875 0.3330078125 0.6962890625 0.3515625 0.7216796875 0.353515625 0.744140625 0.3388671875 0.744140625 0.3154296875
2 0.525390625 0.2373046875 0.51171875 0.2470703125 0.5185546875 0.275390625 0.5498046875 0.2734375 0.5634765625 0.287109375 0.59375 0.3017578125 0.58984375 0.2744140625 0.5654296875 0.244140625 0.525390625 0.2373046875
2 0.37890625 0.1708984375 0.3642578125 0.158203125 0.3515625 0.1591796875 0.3310546875 0.1640625 0.3203125 0.1806640625 0.32421875 0.2080078125 0.3310546875 0.21484375 0.3623046875 0.212890625 0.37890625 0.1943359375 0.37890625 0.1708984375
2 0.181640625 0.3056640625 0.14453125 0.3251953125 0.146484375 0.3447265625 0.1611328125 0.359375 0.1982421875 0.357421875 0.212890625 0.3408203125 0.212890625 0.3212890625 0.1962890625 0.30859375 0.181640625 0.3056640625
2 0.07421875 0.3759765625 0.06640625 0.3818359375 0.06640625 0.4013671875 0.0791015625 0.41796875 0.0947265625 0.421875 0.10546875 0.4111328125 0.103515625 0.3896484375 0.0830078125 0.375 0.07421875 0.3759765625
2 0.03515625 0.1923828125 0.013671875 0.2080078125 0.009765625 0.2197265625 0.0263671875 0.24609375 0.0517578125 0.23828125 0.064453125 0.2197265625 0.0615234375 0.203125 0.0439453125 0.19140625 0.03515625 0.1923828125
2 0.080078125 0.0595703125 0.060546875 0.0751953125 0.056640625 0.0947265625 0.0810546875 0.11328125 0.0966796875 0.11328125 0.111328125 0.0986328125 0.115234375 0.0830078125 0.0986328125 0.064453125 0.080078125 0.0595703125
2 0.921875 0.1025390625 0.900390625 0.1220703125 0.90234375 0.1435546875 0.9248046875 0.158203125 0.9599609375 0.154296875 0.966796875 0.1455078125 0.96484375 0.1201171875 0.9423828125 0.1015625 0.921875 0.1025390625
2 0.849609375 0.2529296875 0.8388671875 0.2421875 0.826171875 0.2412109375 0.8203125 0.2607421875 0.8271484375 0.271484375 0.8408203125 0.271484375 0.849609375 0.2529296875
2 0.9345703125 0.560546875 0.9462890625 0.55859375 0.958984375 0.5400390625 0.955078125 0.5146484375 0.9501953125 0.5078125 0.943359375 0.5087890625 0.9296875 0.5302734375 0.9345703125 0.560546875
2 0.9951171875 0.6640625 1 0.6630859375 0.998046875 0.5888671875 0.98828125 0.6044921875 0.984375 0.6279296875 0.986328125 0.6552734375 0.9951171875 0.6640625
2 0.875 0.7255859375 0.865234375 0.6923828125 0.8515625 0.6884765625 0.8515625 0.7236328125 0.8642578125 0.740234375 0.8720703125 0.740234375 0.875 0.7255859375
2 0.970703125 0.7548828125 0.953125 0.7607421875 0.951171875 0.7880859375 0.9638671875 0.8046875 0.9892578125 0.806640625 1 0.7900390625 0.99609375 0.7607421875 0.9873046875 0.75390625 0.970703125 0.7548828125
2 0.21484375 0.5537109375 0.21484375 0.5361328125 0.1875 0.5283203125 0.177734375 0.5439453125 0.1982421875 0.564453125 0.2080078125 0.564453125 0.21484375 0.5537109375