2 0.28125 0.7626953125 0.2978515625 0.77734375 0.322265625 0.7802734375 0.3447265625 0.771484375 0.36328125 0.7490234375 0.361328125 0.7138671875 0.35546875 0.7001953125 0.3447265625 0.6953125 0.3056640625 0.701171875 0.279296875 0.7236328125 0.28125 0.7626953125
2 0.859375 0.1318359375 0.86328125 0.1708984375 0.8759765625 0.181640625 0.8984375 0.1826171875 0.9130859375 0.177734375 0.92578125 0.1611328125 0.927734375 0.1181640625 0.921875 0.1025390625 0.9091796875 0.09375 0.8857421875 0.099609375 0.86328125 0.1181640625 0.859375 0.1318359375
2 0.6953125 0.2099609375 0.7080078125 0.1953125 0.734375 0.1904296875 0.736328125 0.1748046875 0.7294921875 0.1640625 0.7021484375 0.15625 0.6875 0.1650390625 0.685546875 0.2080078125 0.6953125 0.2099609375
2 0.484375 0.9111328125 0.50390625 0.8994140625 0.4853515625 0.8984375 0.478515625 0.9091796875 0.484375 0.9111328125
2 0.4794921875 0.828125 0.455078125 0.8388671875 0.458984375 0.8583984375 0.4677734375 0.865234375 0.478515625 0.8642578125 0.5 0.8447265625 0.4794921875 0.828125
2 0.271484375 0.4443359375 0.2197265625 0.439453125 0.2109375 0.4501953125 0.20703125 0.4697265625 0.232421875 0.4736328125 0.2626953125 0.462890625 0.271484375 0.4443359375
2 0.6064453125 0.728515625 0.625 0.7236328125 0.630859375 0.7099609375 0.6259765625 0.693359375 0.5859375 0.7080078125 0.58984375 0.7216796875 0.603515625 0.7353515625 0.6064453125 0.728515625
2 0.912109375 0.4775390625 0.953125 0.4814453125 0.9482421875 0.44140625 0.912109375 0.4775390625
2 0.859375 0.4833984375 0.8564453125 0.47265625 0.8056640625 0.466796875 0.796875 0.4716796875 0.796875 0.4833984375 0.8037109375 0.490234375 0.837890625 0.4951171875 0.859375 0.4833984375
2 0.58984375 0.8154296875 0.58984375 0.7958984375 0.587890625 0.7841796875 0.5654296875 0.771484375 0.5546875 0.7802734375 0.5546875 0.7939453125 0.57421875 0.8330078125 0.58984375 0.8154296875
2 0.693359375 0.6826171875 0.7177734375 0.671875 0.73046875 0.6533203125 0.728515625 0.6142578125 0.7216796875 0.607421875 0.681640625 0.6103515625 0.677734375 0.6474609375 0.66796875 0.6611328125 0.693359375 0.6826171875
2 0.6494140625 0.619140625 0.6357421875 0.623046875 0.62890625 0.6337890625 0.625 0.6533203125 0.630859375 0.6552734375 0.64453125 0.6494140625 0.6494140625 0.619140625
2 0.283203125 0.2158203125 0.2666015625 0.20703125 0.2578125 0.2333984375 0.2841796875 0.265625 0.294921875 0.2646484375 0.296875 0.2392578125 0.283203125 0.2158203125
2 0 0.8154296875 0.0078125 0.8173828125 0.0224609375 0.814453125 0.0546875 0.7802734375 0.0546875 0.7431640625 0.0380859375 0.7265625 0.0146484375 0.724609375 0 0.7314453125 0 0.8154296875