2 0.4833984375 0.11328125 0.486328125 0.1376953125 0.49609375 0.1513671875 0.5029296875 0.1484375 0.5107421875 0.158203125 0.5283203125 0.1640625 0.5361328125 0.154296875 0.5478515625 0.15234375 0.556640625 0.1357421875 0.5625 0.0927734375 0.5283203125 0.076171875 0.5087890625 0.076171875 0.484375 0.0927734375 0.4833984375 0.11328125
2 0.2998046875 0.06640625 0.30859375 0.0830078125 0.3251953125 0.091796875 0.3466796875 0.08984375 0.359375 0.0712890625 0.349609375 0.0419921875 0.3349609375 0.033203125 0.3056640625 0.037109375 0.298828125 0.0458984375 0.2998046875 0.06640625
2 0.6650390625 0.576171875 0.6728515625 0.5859375 0.6845703125 0.5859375 0.693359375 0.5791015625 0.6953125 0.5673828125 0.6884765625 0.55859375 0.6767578125 0.556640625 0.666015625 0.5634765625 0.6650390625 0.576171875
2 0.7158203125 0.474609375 0.7294921875 0.482421875 0.7607421875 0.484375 0.765625 0.4794921875 0.763671875 0.4462890625 0.7353515625 0.44140625 0.7158203125 0.474609375
2 0.8447265625 0.515625 0.8701171875 0.537109375 0.8955078125 0.529296875 0.90625 0.5087890625 0.90625 0.4755859375 0.8916015625 0.46875 0.8603515625 0.470703125 0.84375 0.5009765625 0.8447265625 0.515625
2 0.7216796875 0.30078125 0.7333984375 0.326171875 0.7568359375 0.337890625 0.7783203125 0.33984375 0.7900390625 0.3359375 0.8046875 0.3193359375 0.80859375 0.2900390625 0.791015625 0.2529296875 0.7763671875 0.2421875 0.7607421875 0.2421875 0.7392578125 0.24609375 0.7265625 0.2568359375 0.7216796875 0.30078125
2 0.4228515625 0.919921875 0.4267578125 0.9375 0.4423828125 0.93359375 0.453125 0.9189453125 0.451171875 0.9052734375 0.4267578125 0.904296875 0.4228515625 0.919921875
2 0.4287109375 0.974609375 0.4404296875 0.98828125 0.4765625 0.9990234375 0.474609375 0.9833984375 0.4580078125 0.9609375 0.4306640625 0.953125 0.4287109375 0.974609375
2 0.0439453125 0.814453125 0.0810546875 0.83984375 0.1162109375 0.841796875 0.126953125 0.8349609375 0.12109375 0.7958984375 0.1142578125 0.78515625 0.0986328125 0.77734375 0.0654296875 0.77734375 0.0439453125 0.78515625 0.0439453125 0.814453125
2 0.4892578125 0.2734375 0.4970703125 0.279296875 0.5068359375 0.27734375 0.529296875 0.2626953125 0.546875 0.2294921875 0.5458984375 0.2109375 0.5224609375 0.205078125 0.490234375 0.2099609375 0.4892578125 0.2734375
2 0.3505859375 0.390625 0.3623046875 0.412109375 0.4013671875 0.431640625 0.41015625 0.4306640625 0.408203125 0.4033203125 0.3974609375 0.388671875 0.3583984375 0.375 0.3515625 0.3798828125 0.3505859375 0.390625
2 0.2412109375 0.201171875 0.2451171875 0.208984375 0.2744140625 0.224609375 0.291015625 0.2216796875 0.2890625 0.1650390625 0.2841796875 0.15625 0.26171875 0.1552734375 0.255859375 0.1708984375 0.240234375 0.1787109375 0.2412109375 0.201171875
2 0.2900390625 0.283203125 0.3154296875 0.31640625 0.330078125 0.3115234375 0.328125 0.2841796875 0.3095703125 0.26171875 0.29296875 0.2626953125 0.2900390625 0.283203125
2 0.2470703125 0.701171875 0.2607421875 0.71875 0.2861328125 0.732421875 0.3046875 0.7216796875 0.294921875 0.7021484375 0.2802734375 0.69140625 0.2509765625 0.689453125 0.2470703125 0.701171875
2 0.1962890625 0.732421875 0.2314453125 0.744140625 0.271484375 0.7412109375 0.2587890625 0.724609375 0.2353515625 0.716796875 0.2099609375 0.716796875 0.1953125 0.7236328125 0.1962890625 0.732421875
2 0.1396484375 0.759765625 0.1455078125 0.76953125 0.1611328125 0.76953125 0.169921875 0.7568359375 0.171875 0.7392578125 0.1416015625 0.740234375 0.1396484375 0.759765625
2 0.0908203125 0.681640625 0.1357421875 0.693359375 0.16015625 0.6884765625 0.1396484375 0.66796875 0.0986328125 0.65625 0.091796875 0.6630859375 0.0908203125 0.681640625
2 0.0908203125 0.70703125 0.1123046875 0.7265625 0.1279296875 0.724609375 0.13671875 0.7158203125 0.1337890625 0.70703125 0.1103515625 0.697265625 0.0927734375 0.697265625 0.0908203125 0.70703125