2 0.1064453125 0.96484375 0.0927734375 0.951171875 0.0654296875 0.953125 0.05078125 0.9677734375 0.05078125 0.9951171875 0.1005859375 0.99609375 0.107421875 0.9853515625 0.1064453125 0.96484375
2 0.1787109375 0.7734375 0.1875 0.7626953125 0.1865234375 0.74609375 0.1728515625 0.7265625 0.1513671875 0.724609375 0.1328125 0.7373046875 0.130859375 0.7587890625 0.1572265625 0.775390625 0.1787109375 0.7734375
2 0.1572265625 0.69140625 0.17578125 0.6708984375 0.1748046875 0.654296875 0.1669921875 0.63671875 0.1357421875 0.634765625 0.1171875 0.6513671875 0.1171875 0.6767578125 0.1318359375 0.69140625 0.1572265625 0.69140625
2 0.2587890625 0.7109375 0.2509765625 0.693359375 0.2255859375 0.689453125 0.212890625 0.6982421875 0.21484375 0.7314453125 0.2353515625 0.740234375 0.2578125 0.7216796875 0.2587890625 0.7109375
2 0.3115234375 0.95703125 0.333984375 0.9501953125 0.3427734375 0.923828125 0.3271484375 0.90234375 0.3076171875 0.900390625 0.283203125 0.9150390625 0.279296875 0.9306640625 0.2880859375 0.947265625 0.3115234375 0.95703125
2 0.4765625 0.7412109375 0.4755859375 0.724609375 0.4677734375 0.693359375 0.4482421875 0.6875 0.4248046875 0.689453125 0.3876953125 0.712890625 0.375 0.7392578125 0.353515625 0.7587890625 0.3515625 0.7822265625 0.357421875 0.7939453125 0.3798828125 0.806640625 0.3974609375 0.806640625 0.4169921875 0.791015625 0.4482421875 0.779296875 0.46484375 0.7490234375 0.4765625 0.7412109375
2 0.306640625 0.6689453125 0.3232421875 0.68359375 0.3388671875 0.68359375 0.3544921875 0.67578125 0.3662109375 0.66015625 0.361328125 0.6396484375 0.3505859375 0.630859375 0.3349609375 0.62890625 0.310546875 0.6455078125 0.306640625 0.6689453125
2 0.3623046875 0.474609375 0.3935546875 0.4765625 0.40625 0.4521484375 0.4091796875 0.41015625 0.4033203125 0.392578125 0.388671875 0.3916015625 0.39453125 0.3564453125 0.3857421875 0.34765625 0.3740234375 0.34765625 0.3603515625 0.365234375 0.3154296875 0.375 0.2919921875 0.388671875 0.2734375 0.4150390625 0.283203125 0.4384765625 0.283203125 0.4755859375 0.2890625 0.4873046875 0.3251953125 0.4921875 0.3623046875 0.474609375
2 0.4951171875 1 0.5107421875 0.99609375 0.5126953125 0.986328125 0.4892578125 0.9609375 0.4580078125 0.95703125 0.4072265625 0.974609375 0.400390625 0.9951171875 0.4189453125 1 0.4951171875 1
2 0.7001953125 0.93359375 0.72265625 0.9189453125 0.7275390625 0.890625 0.7177734375 0.87890625 0.6962890625 0.875 0.6787109375 0.880859375 0.654296875 0.9033203125 0.6728515625 0.92578125 0.7001953125 0.93359375
2 0.65234375 0.7431640625 0.6513671875 0.685546875 0.6259765625 0.65234375 0.5908203125 0.6484375 0.5751953125 0.66015625 0.5537109375 0.66015625 0.546875 0.6669921875 0.54296875 0.7041015625 0.548828125 0.7314453125 0.5634765625 0.740234375 0.5869140625 0.73828125 0.59765625 0.7451171875 0.6083984375 0.76953125 0.6376953125 0.775390625 0.64453125 0.7705078125 0.65234375 0.7431640625
2 0.5322265625 0.486328125 0.55078125 0.4736328125 0.5498046875 0.44921875 0.5341796875 0.4296875 0.5107421875 0.427734375 0.494140625 0.4443359375 0.490234375 0.4638671875 0.5048828125 0.482421875 0.5322265625 0.486328125
2 0.6953125 0.5244140625 0.7236328125 0.537109375 0.7451171875 0.537109375 0.751953125 0.5283203125 0.7529296875 0.509765625 0.7421875 0.4892578125 0.7275390625 0.482421875 0.7041015625 0.484375 0.6875 0.5009765625 0.6953125 0.5244140625
2 0.7392578125 0.65625 0.7626953125 0.654296875 0.7822265625 0.6328125 0.771484375 0.6103515625 0.7529296875 0.595703125 0.7236328125 0.6015625 0.7109375 0.6181640625 0.716796875 0.6455078125 0.7392578125 0.65625
2 0.8955078125 0.9921875 0.919921875 0.9716796875 0.9208984375 0.9609375 0.9072265625 0.939453125 0.8837890625 0.9375 0.865234375 0.9541015625 0.8671875 0.9853515625 0.8818359375 0.994140625 0.8955078125 0.9921875
2 0.9541015625 0.474609375 0.9453125 0.4853515625 0.947265625 0.5048828125 0.9638671875 0.5078125 0.9755859375 0.486328125 0.9658203125 0.47265625 0.9541015625 0.474609375
2 0.9794921875 0.107421875 0.98828125 0.1025390625 0.9951171875 0.064453125 0.9873046875 0.052734375 0.9599609375 0.044921875 0.935546875 0.0654296875 0.9296875 0.0927734375 0.9501953125 0.109375 0.9794921875 0.107421875
2 0.9765625 0.3076171875 0.982421875 0.3291015625 0.9931640625 0.33984375 1 0.3388671875 0.9990234375 0.283203125 0.982421875 0.2939453125 0.9765625 0.3076171875
2 0.4404296875 0.130859375 0.4736328125 0.115234375 0.4775390625 0.099609375 0.47265625 0.0810546875 0.4501953125 0.06640625 0.4365234375 0.06640625 0.4140625 0.0908203125 0.419921875 0.1123046875 0.4404296875 0.130859375
2 0.3662109375 0.2890625 0.392578125 0.2705078125 0.3974609375 0.24609375 0.3818359375 0.2265625 0.3525390625 0.220703125 0.32421875 0.2373046875 0.3203125 0.2607421875 0.3310546875 0.27734375 0.3662109375 0.2890625
2 0.107421875 0.3369140625 0.1162109375 0.349609375 0.1435546875 0.34765625 0.166015625 0.3232421875 0.1669921875 0.314453125 0.1591796875 0.296875 0.1435546875 0.2890625 0.1298828125 0.291015625 0.10546875 0.3134765625 0.107421875 0.3369140625
2 0.2451171875 0.373046875 0.236328125 0.3876953125 0.2509765625 0.400390625 0.2646484375 0.392578125 0.2705078125 0.380859375 0.2666015625 0.375 0.2451171875 0.373046875
2 0.0615234375 0.208984375 0.0390625 0.2138671875 0.0498046875 0.234375 0.0693359375 0.234375 0.0712890625 0.2265625 0.0703125 0.2158203125 0.0615234375 0.208984375
2 0.0283203125 0.533203125 0 0.5400390625 0.0009765625 0.6640625 0.0224609375 0.666015625 0.05859375 0.6455078125 0.09375 0.5908203125 0.0966796875 0.55859375 0.09375 0.5478515625 0.0849609375 0.54296875 0.0478515625 0.546875 0.0283203125 0.533203125
2 0.505859375 0.2607421875 0.5068359375 0.236328125 0.4912109375 0.232421875 0.482421875 0.2392578125 0.4873046875 0.26171875 0.505859375 0.2607421875
2 0.5048828125 0.845703125 0.515625 0.8330078125 0.5185546875 0.814453125 0.5048828125 0.80078125 0.4775390625 0.802734375 0.470703125 0.8193359375 0.474609375 0.8408203125 0.4833984375 0.84765625 0.5048828125 0.845703125