2 0.6064453125 0.9296875 0.6220703125 0.939453125 0.6435546875 0.9375 0.669921875 0.9208984375 0.669921875 0.9091796875 0.6630859375 0.90234375 0.6162109375 0.90234375 0.60546875 0.9150390625 0.6064453125 0.9296875
2 0.4013671875 0.7109375 0.390625 0.7177734375 0.3759765625 0.767578125 0.3896484375 0.787109375 0.408203125 0.7783203125 0.412109375 0.7236328125 0.4013671875 0.7109375
2 0.3134765625 0.85546875 0.3193359375 0.865234375 0.3427734375 0.859375 0.365234375 0.8330078125 0.365234375 0.8095703125 0.3486328125 0.80859375 0.3310546875 0.822265625 0.314453125 0.8388671875 0.3134765625 0.85546875
2 0.357421875 0.8759765625 0.3701171875 0.87890625 0.380859375 0.8564453125 0.375 0.7958984375 0.3681640625 0.79296875 0.3583984375 0.806640625 0.3408203125 0.8125 0.3125 0.8388671875 0.3115234375 0.8515625 0.3154296875 0.86328125 0.3310546875 0.8671875 0.3583984375 0.845703125 0.357421875 0.8759765625
2 0.3427734375 0.7109375 0.349609375 0.7001953125 0.34765625 0.6787109375 0.3193359375 0.6796875 0.30859375 0.6923828125 0.3095703125 0.701171875 0.3232421875 0.712890625 0.3427734375 0.7109375
2 0.3603515625 0.599609375 0.3740234375 0.61328125 0.3916015625 0.61328125 0.400390625 0.6044921875 0.400390625 0.5908203125 0.3916015625 0.58203125 0.3779296875 0.580078125 0.359375 0.5927734375 0.3603515625 0.599609375
2 0.3916015625 0.630859375 0.4169921875 0.658203125 0.4248046875 0.658203125 0.447265625 0.6376953125 0.439453125 0.5986328125 0.4169921875 0.59375 0.41015625 0.6103515625 0.392578125 0.6201171875 0.3916015625 0.630859375
2 0.4384765625 0.58203125 0.466796875 0.5517578125 0.466796875 0.5439453125 0.4462890625 0.53125 0.4228515625 0.533203125 0.4130859375 0.568359375 0.4228515625 0.580078125 0.4384765625 0.58203125
2 0.45703125 0.5205078125 0.44921875 0.4853515625 0.4228515625 0.46484375 0.4111328125 0.462890625 0.3896484375 0.470703125 0.3857421875 0.48828125 0.4130859375 0.513671875 0.45703125 0.5205078125
2 0.548828125 0.4638671875 0.5419921875 0.455078125 0.529296875 0.4619140625 0.51953125 0.4892578125 0.5166015625 0.57421875 0.517578125 0.5908203125 0.5224609375 0.591796875 0.548828125 0.5380859375 0.548828125 0.4873046875 0.54296875 0.4794921875 0.548828125 0.4638671875
2 0.5927734375 0.580078125 0.5771484375 0.583984375 0.5751953125 0.59375 0.5986328125 0.607421875 0.619140625 0.6005859375 0.6123046875 0.58984375 0.5927734375 0.580078125
2 0.6513671875 0.650390625 0.642578125 0.6650390625 0.6435546875 0.6796875 0.6748046875 0.681640625 0.681640625 0.6748046875 0.681640625 0.6552734375 0.6513671875 0.650390625
2 0.6572265625 0.70703125 0.6416015625 0.705078125 0.6318359375 0.712890625 0.6435546875 0.73046875 0.6650390625 0.73828125 0.6767578125 0.73828125 0.6953125 0.7255859375 0.69140625 0.7060546875 0.6748046875 0.69140625 0.6572265625 0.70703125
2 0.7412109375 0.83984375 0.720703125 0.8564453125 0.7138671875 0.88671875 0.7353515625 0.892578125 0.7421875 0.8857421875 0.74609375 0.8466796875 0.7412109375 0.83984375
2 0.693359375 0.8935546875 0.697265625 0.8759765625 0.6884765625 0.861328125 0.6650390625 0.85546875 0.646484375 0.8662109375 0.6455078125 0.888671875 0.6845703125 0.900390625 0.693359375 0.8935546875
2 0.0107421875 0.669921875 0 0.6708984375 0.0009765625 0.75 0.01953125 0.7392578125 0.03125 0.7080078125 0.02734375 0.6787109375 0.0107421875 0.669921875
2 0.15234375 0.4072265625 0.154296875 0.3955078125 0.1474609375 0.388671875 0.1318359375 0.392578125 0.103515625 0.4150390625 0.1025390625 0.427734375 0.1357421875 0.423828125 0.15234375 0.4072265625
2 0.0009765625 0.453125 0.01953125 0.4443359375 0.0166015625 0.423828125 0 0.4228515625 0.0009765625 0.453125
2 0.2353515625 0.26953125 0.2177734375 0.271484375 0.2138671875 0.2890625 0.2255859375 0.298828125 0.2578125 0.2939453125 0.2578125 0.2861328125 0.2353515625 0.26953125
2 0.4345703125 0.93359375 0.40625 0.9365234375 0.4072265625 0.966796875 0.4130859375 0.97265625 0.435546875 0.9697265625 0.439453125 0.9384765625 0.4345703125 0.93359375
2 0.4482421875 0.90234375 0.48046875 0.8916015625 0.4501953125 0.85546875 0.439453125 0.8623046875 0.4384765625 0.888671875 0.4482421875 0.90234375
2 0.8955078125 0.47265625 0.8984375 0.4423828125 0.8779296875 0.4140625 0.8486328125 0.4140625 0.814453125 0.4482421875 0.8154296875 0.462890625 0.8330078125 0.47265625 0.8955078125 0.47265625
2 0.2041015625 0.654296875 0.1826171875 0.65234375 0.1484375 0.6708984375 0.142578125 0.6826171875 0.1435546875 0.7109375 0.1669921875 0.732421875 0.1904296875 0.740234375 0.2099609375 0.73828125 0.234375 0.7158203125 0.232421875 0.6767578125 0.2041015625 0.654296875
2 0.1953125 0.4873046875 0.1748046875 0.46875 0.1337890625 0.46484375 0.111328125 0.4794921875 0.1044921875 0.5078125 0.107421875 0.5205078125 0.1220703125 0.533203125 0.1552734375 0.5390625 0.1865234375 0.525390625 0.201171875 0.5009765625 0.1953125 0.4873046875
2 0.3310546875 0.408203125 0.3115234375 0.388671875 0.2724609375 0.376953125 0.2294921875 0.380859375 0.2158203125 0.41796875 0.2314453125 0.443359375 0.2919921875 0.455078125 0.3310546875 0.451171875 0.349609375 0.4267578125 0.349609375 0.4150390625 0.3310546875 0.408203125