2 0.296875 0.8603515625 0.3173828125 0.875 0.3291015625 0.873046875 0.34765625 0.8623046875 0.3486328125 0.837890625 0.3291015625 0.828125 0.3134765625 0.828125 0.30078125 0.8388671875 0.296875 0.8603515625
2 0.251953125 0.5439453125 0.2705078125 0.54296875 0.2919921875 0.5546875 0.30859375 0.5380859375 0.3076171875 0.5234375 0.2900390625 0.5078125 0.2763671875 0.509765625 0.263671875 0.5166015625 0.251953125 0.5439453125
2 0.00390625 0.3369140625 0.0185546875 0.3515625 0.0458984375 0.34765625 0.056640625 0.3349609375 0.0576171875 0.314453125 0.0419921875 0.302734375 0.0185546875 0.302734375 0.00390625 0.3154296875 0.00390625 0.3369140625
2 0.0830078125 0.3359375 0.0615234375 0.34375 0.048828125 0.3701171875 0.0595703125 0.3828125 0.0849609375 0.388671875 0.1015625 0.3798828125 0.1044921875 0.3671875 0.09765625 0.3583984375 0.099609375 0.3388671875 0.0830078125 0.3359375
2 0.1708984375 0.447265625 0.1416015625 0.423828125 0.123046875 0.4384765625 0.123046875 0.4541015625 0.1455078125 0.470703125 0.1591796875 0.466796875 0.1708984375 0.447265625
2 0.30859375 0.0908203125 0.2978515625 0.068359375 0.2763671875 0.068359375 0.271484375 0.0732421875 0.263671875 0.1455078125 0.2783203125 0.166015625 0.3134765625 0.154296875 0.32421875 0.1416015625 0.3271484375 0.123046875 0.326171875 0.0986328125 0.30859375 0.0908203125
2 0.0009765625 0.078125 0.0009765625 0.130859375 0.021484375 0.1201171875 0.0205078125 0.099609375 0.017578125 0.0869140625 0.0009765625 0.078125
2 0.4912109375 0.255859375 0.482421875 0.2626953125 0.478515625 0.2861328125 0.4912109375 0.31640625 0.5029296875 0.318359375 0.521484375 0.3037109375 0.5263671875 0.275390625 0.5234375 0.2646484375 0.5068359375 0.255859375 0.4912109375 0.255859375
2 0.80859375 0.3154296875 0.8271484375 0.341796875 0.8505859375 0.345703125 0.869140625 0.3251953125 0.8681640625 0.30859375 0.8525390625 0.28515625 0.8349609375 0.283203125 0.810546875 0.3037109375 0.80859375 0.3154296875
2 0.677734375 0.4814453125 0.681640625 0.5009765625 0.7041015625 0.525390625 0.7333984375 0.515625 0.7373046875 0.501953125 0.734375 0.4853515625 0.7197265625 0.470703125 0.6982421875 0.46875 0.677734375 0.4814453125
2 0.8603515625 0.53515625 0.8505859375 0.5234375 0.8251953125 0.513671875 0.8076171875 0.517578125 0.80078125 0.5263671875 0.8046875 0.5517578125 0.8251953125 0.572265625 0.8408203125 0.5703125 0.8583984375 0.552734375 0.8681640625 0.552734375 0.8720703125 0.53515625 0.8603515625 0.53515625
2 0.6728515625 0.00390625 0.650390625 0.0185546875 0.64453125 0.0400390625 0.6611328125 0.083984375 0.6943359375 0.0859375 0.7197265625 0.07421875 0.7216796875 0.06640625 0.70703125 0.0283203125 0.6884765625 0.005859375 0.6728515625 0.00390625
2 0.96875 0.2587890625 0.9775390625 0.28515625 1 0.2822265625 0.9990234375 0.2265625 0.978515625 0.2392578125 0.96875 0.2587890625
2 0.9287109375 0.7890625 0.9208984375 0.76171875 0.884765625 0.7666015625 0.8828125 0.7900390625 0.8916015625 0.806640625 0.9111328125 0.80859375 0.9287109375 0.7890625
2 0.759765625 0.8564453125 0.7763671875 0.876953125 0.8115234375 0.876953125 0.818359375 0.8701171875 0.8251953125 0.833984375 0.7939453125 0.82421875 0.7763671875 0.826171875 0.763671875 0.8369140625 0.759765625 0.8564453125
2 0.720703125 0.7197265625 0.7314453125 0.736328125 0.7568359375 0.7421875 0.767578125 0.7333984375 0.7705078125 0.712890625 0.7646484375 0.701171875 0.7353515625 0.6953125 0.72265625 0.7060546875 0.720703125 0.7197265625
2 0.5078125 0.9716796875 0.5341796875 0.99609375 0.5595703125 0.998046875 0.572265625 0.9814453125 0.5712890625 0.962890625 0.5517578125 0.943359375 0.5361328125 0.943359375 0.5087890625 0.962890625 0.5078125 0.9716796875
2 0.3779296875 0.6328125 0.3994140625 0.63671875 0.4248046875 0.615234375 0.4169921875 0.603515625 0.3837890625 0.6015625 0.37109375 0.6103515625 0.3671875 0.6220703125 0.3779296875 0.6328125
2 0.40234375 0.7275390625 0.4189453125 0.7421875 0.4482421875 0.736328125 0.45703125 0.7216796875 0.4560546875 0.69921875 0.4404296875 0.685546875 0.4111328125 0.689453125 0.396484375 0.7080078125 0.40234375 0.7275390625
2 0.5595703125 0.640625 0.5791015625 0.646484375 0.6123046875 0.607421875 0.5947265625 0.58984375 0.5615234375 0.59765625 0.548828125 0.6142578125 0.55078125 0.6298828125 0.5595703125 0.640625