2 0.0693359375 0.701171875 0.091796875 0.6767578125 0.08984375 0.6494140625 0.0712890625 0.63671875 0.0458984375 0.640625 0.0263671875 0.658203125 0.02734375 0.6865234375 0.0419921875 0.701171875 0.0693359375 0.701171875
2 0.1220703125 0.462890625 0.1025390625 0.470703125 0.1064453125 0.4921875 0.126953125 0.4853515625 0.1220703125 0.462890625
2 0.419921875 0.6162109375 0.4296875 0.5908203125 0.3994140625 0.59375 0.3740234375 0.626953125 0.375 0.6416015625 0.3896484375 0.6484375 0.419921875 0.6162109375
2 0.82421875 0.9208984375 0.826171875 0.8916015625 0.8173828125 0.8828125 0.8037109375 0.880859375 0.7822265625 0.904296875 0.787109375 0.9326171875 0.8095703125 0.939453125 0.82421875 0.9208984375
2 0.73828125 0.7822265625 0.744140625 0.7587890625 0.7392578125 0.7265625 0.7265625 0.7353515625 0.7138671875 0.775390625 0.71484375 0.7880859375 0.7236328125 0.79296875 0.73828125 0.7822265625
2 0.7626953125 0.857421875 0.76953125 0.8486328125 0.767578125 0.8330078125 0.7470703125 0.82421875 0.7373046875 0.826171875 0.73828125 0.8544921875 0.7451171875 0.859375 0.7626953125 0.857421875
2 0.7265625 0.8837890625 0.724609375 0.8701171875 0.7158203125 0.861328125 0.7060546875 0.861328125 0.6982421875 0.884765625 0.697265625 0.9033203125 0.7119140625 0.904296875 0.7265625 0.8837890625
2 0.685546875 0.9033203125 0.693359375 0.8603515625 0.6904296875 0.8359375 0.666015625 0.8544921875 0.6533203125 0.8984375 0.6552734375 0.90625 0.6806640625 0.908203125 0.685546875 0.9033203125
2 0.9755859375 0.568359375 0.990234375 0.5458984375 0.9921875 0.5283203125 0.9833984375 0.5234375 0.9716796875 0.529296875 0.9521484375 0.556640625 0.951171875 0.5634765625 0.9619140625 0.5703125 0.9755859375 0.568359375
2 0.935546875 0.5712890625 0.935546875 0.5595703125 0.9228515625 0.546875 0.9130859375 0.54296875 0.9033203125 0.55078125 0.90234375 0.5693359375 0.9072265625 0.57421875 0.935546875 0.5712890625
2 0.841796875 0.5673828125 0.8359375 0.5498046875 0.8291015625 0.54296875 0.8193359375 0.55859375 0.82421875 0.5869140625 0.8369140625 0.5859375 0.841796875 0.5673828125
2 0.80078125 0.5966796875 0.802734375 0.5771484375 0.7978515625 0.5703125 0.7861328125 0.5703125 0.7783203125 0.58203125 0.77734375 0.5908203125 0.7861328125 0.599609375 0.80078125 0.5966796875
2 0.2578125 0.5009765625 0.2578125 0.4814453125 0.2470703125 0.46875 0.2236328125 0.4609375 0.2119140625 0.46484375 0.2109375 0.4931640625 0.2158203125 0.501953125 0.2578125 0.5009765625
2 0.71875 0.7333984375 0.732421875 0.7060546875 0.7177734375 0.693359375 0.6943359375 0.7109375 0.6953125 0.7373046875 0.7060546875 0.7421875 0.71875 0.7333984375
2 0.46875 0.2607421875 0.45703125 0.2353515625 0.4482421875 0.234375 0.4404296875 0.248046875 0.44140625 0.2646484375 0.4658203125 0.28125 0.46875 0.2607421875
2 0.5732421875 0.37109375 0.59765625 0.3603515625 0.595703125 0.3330078125 0.60546875 0.3115234375 0.603515625 0.2919921875 0.5947265625 0.27734375 0.5810546875 0.26953125 0.5673828125 0.2734375 0.5595703125 0.26171875 0.5322265625 0.263671875 0.517578125 0.2763671875 0.515625 0.2939453125 0.5068359375 0.306640625 0.513671875 0.3466796875 0.5263671875 0.361328125 0.5732421875 0.37109375
2 0.5224609375 0.150390625 0.53515625 0.1298828125 0.53515625 0.1162109375 0.5205078125 0.08984375 0.4736328125 0.08984375 0.4677734375 0.119140625 0.46875 0.1357421875 0.4990234375 0.154296875 0.5224609375 0.150390625
2 0.2841796875 0.70703125 0.310546875 0.6884765625 0.314453125 0.6728515625 0.2919921875 0.66796875 0.2744140625 0.67578125 0.2607421875 0.69140625 0.259765625 0.7001953125 0.2666015625 0.70703125 0.2841796875 0.70703125
2 0.1787109375 0.7578125 0.1982421875 0.7578125 0.208984375 0.7509765625 0.22265625 0.7138671875 0.1591796875 0.712890625 0.1533203125 0.720703125 0.154296875 0.7353515625 0.1728515625 0.7421875 0.1787109375 0.7578125
2 0.837890625 0.5185546875 0.8359375 0.5009765625 0.8017578125 0.50390625 0.7919921875 0.525390625 0.7939453125 0.533203125 0.8310546875 0.529296875 0.837890625 0.5185546875