2 0.03515625 0.1064453125 0.048828125 0.0927734375 0.046875 0.0654296875 0.0322265625 0.05078125 0.0048828125 0.05078125 0.00390625 0.1005859375 0.0146484375 0.107421875 0.03515625 0.1064453125
2 0.2265625 0.1787109375 0.2373046875 0.1875 0.25390625 0.1865234375 0.2734375 0.1728515625 0.275390625 0.1513671875 0.2626953125 0.1328125 0.2412109375 0.130859375 0.224609375 0.1572265625 0.2265625 0.1787109375
2 0.30859375 0.1572265625 0.3291015625 0.17578125 0.345703125 0.1748046875 0.36328125 0.1669921875 0.365234375 0.1357421875 0.3486328125 0.1171875 0.3232421875 0.1171875 0.30859375 0.1318359375 0.30859375 0.1572265625
2 0.2890625 0.2587890625 0.306640625 0.2509765625 0.310546875 0.2255859375 0.3017578125 0.212890625 0.2685546875 0.21484375 0.259765625 0.2353515625 0.2783203125 0.2578125 0.2890625 0.2587890625
2 0.04296875 0.3115234375 0.0498046875 0.333984375 0.076171875 0.3427734375 0.09765625 0.3271484375 0.099609375 0.3076171875 0.0849609375 0.283203125 0.0693359375 0.279296875 0.052734375 0.2880859375 0.04296875 0.3115234375
2 0.2587890625 0.4765625 0.275390625 0.4755859375 0.306640625 0.4677734375 0.3125 0.4482421875 0.310546875 0.4248046875 0.287109375 0.3876953125 0.2607421875 0.375 0.2412109375 0.353515625 0.2177734375 0.3515625 0.2060546875 0.357421875 0.193359375 0.3798828125 0.193359375 0.3974609375 0.208984375 0.4169921875 0.220703125 0.4482421875 0.2509765625 0.46484375 0.2587890625 0.4765625
2 0.3310546875 0.306640625 0.31640625 0.3232421875 0.31640625 0.3388671875 0.32421875 0.3544921875 0.33984375 0.3662109375 0.3603515625 0.361328125 0.369140625 0.3505859375 0.37109375 0.3349609375 0.3544921875 0.310546875 0.3310546875 0.306640625
2 0.525390625 0.3623046875 0.5234375 0.3935546875 0.5478515625 0.40625 0.58984375 0.4091796875 0.607421875 0.4033203125 0.6083984375 0.388671875 0.6435546875 0.39453125 0.65234375 0.3857421875 0.65234375 0.3740234375 0.634765625 0.3603515625 0.625 0.3154296875 0.611328125 0.2919921875 0.5849609375 0.2734375 0.5615234375 0.283203125 0.5244140625 0.283203125 0.5126953125 0.2890625 0.5078125 0.3251953125 0.525390625 0.3623046875
2 0 0.4951171875 0.00390625 0.5107421875 0.013671875 0.5126953125 0.0390625 0.4892578125 0.04296875 0.4580078125 0.025390625 0.4072265625 0.0048828125 0.400390625 0 0.4189453125 0 0.4951171875
2 0.06640625 0.7001953125 0.0810546875 0.72265625 0.109375 0.7275390625 0.12109375 0.7177734375 0.125 0.6962890625 0.119140625 0.6787109375 0.0966796875 0.654296875 0.07421875 0.6728515625 0.06640625 0.7001953125
2 0.2568359375 0.65234375 0.314453125 0.6513671875 0.34765625 0.6259765625 0.3515625 0.5908203125 0.33984375 0.5751953125 0.33984375 0.5537109375 0.3330078125 0.546875 0.2958984375 0.54296875 0.2685546875 0.548828125 0.259765625 0.5634765625 0.26171875 0.5869140625 0.2548828125 0.59765625 0.23046875 0.6083984375 0.224609375 0.6376953125 0.2294921875 0.64453125 0.2568359375 0.65234375
2 0.513671875 0.5322265625 0.5263671875 0.55078125 0.55078125 0.5498046875 0.5703125 0.5341796875 0.572265625 0.5107421875 0.5556640625 0.494140625 0.5361328125 0.490234375 0.517578125 0.5048828125 0.513671875 0.5322265625
2 0.4755859375 0.6953125 0.462890625 0.7236328125 0.462890625 0.7451171875 0.4716796875 0.751953125 0.490234375 0.7529296875 0.5107421875 0.7421875 0.517578125 0.7275390625 0.515625 0.7041015625 0.4990234375 0.6875 0.4755859375 0.6953125
2 0.34375 0.7392578125 0.345703125 0.7626953125 0.3671875 0.7822265625 0.3896484375 0.771484375 0.404296875 0.7529296875 0.3984375 0.7236328125 0.3818359375 0.7109375 0.3544921875 0.716796875 0.34375 0.7392578125
2 0.0078125 0.8955078125 0.0283203125 0.919921875 0.0390625 0.9208984375 0.060546875 0.9072265625 0.0625 0.8837890625 0.0458984375 0.865234375 0.0146484375 0.8671875 0.005859375 0.8818359375 0.0078125 0.8955078125
2 0.525390625 0.9541015625 0.5146484375 0.9453125 0.4951171875 0.947265625 0.4921875 0.9638671875 0.513671875 0.9755859375 0.52734375 0.9658203125 0.525390625 0.9541015625
2 0.892578125 0.9794921875 0.8974609375 0.98828125 0.935546875 0.9951171875 0.947265625 0.9873046875 0.955078125 0.9599609375 0.9345703125 0.935546875 0.9072265625 0.9296875 0.890625 0.9501953125 0.892578125 0.9794921875
2 0.6923828125 0.9765625 0.6708984375 0.982421875 0.66015625 0.9931640625 0.6611328125 1 0.716796875 0.9990234375 0.7060546875 0.982421875 0.6923828125 0.9765625
2 0.869140625 0.4404296875 0.884765625 0.4736328125 0.900390625 0.4775390625 0.9189453125 0.47265625 0.93359375 0.4501953125 0.93359375 0.4365234375 0.9091796875 0.4140625 0.8876953125 0.419921875 0.869140625 0.4404296875
2 0.7109375 0.3662109375 0.7294921875 0.392578125 0.75390625 0.3974609375 0.7734375 0.3818359375 0.779296875 0.3525390625 0.7626953125 0.32421875 0.7392578125 0.3203125 0.72265625 0.3310546875 0.7109375 0.3662109375
2 0.6630859375 0.107421875 0.650390625 0.1162109375 0.65234375 0.1435546875 0.6767578125 0.166015625 0.685546875 0.1669921875 0.703125 0.1591796875 0.7109375 0.1435546875 0.708984375 0.1298828125 0.6865234375 0.10546875 0.6630859375 0.107421875
2 0.626953125 0.2451171875 0.6123046875 0.236328125 0.599609375 0.2509765625 0.607421875 0.2646484375 0.619140625 0.2705078125 0.625 0.2666015625 0.626953125 0.2451171875
2 0.791015625 0.0615234375 0.7861328125 0.0390625 0.765625 0.0498046875 0.765625 0.0693359375 0.7734375 0.0712890625 0.7841796875 0.0703125 0.791015625 0.0615234375
2 0.466796875 0.0283203125 0.4599609375 0 0.3359375 0.0009765625 0.333984375 0.0224609375 0.3544921875 0.05859375 0.4091796875 0.09375 0.44140625 0.0966796875 0.4521484375 0.09375 0.45703125 0.0849609375 0.453125 0.0478515625 0.466796875 0.0283203125
2 0.7392578125 0.505859375 0.763671875 0.5068359375 0.767578125 0.4912109375 0.7607421875 0.482421875 0.73828125 0.4873046875 0.7392578125 0.505859375
2 0.154296875 0.5048828125 0.1669921875 0.515625 0.185546875 0.5185546875 0.19921875 0.5048828125 0.197265625 0.4775390625 0.1806640625 0.470703125 0.1591796875 0.474609375 0.15234375 0.4833984375 0.154296875 0.5048828125