2 0.0634765625 0.890625 0.0751953125 0.916015625 0.1025390625 0.91796875 0.1171875 0.9091796875 0.126953125 0.8837890625 0.1162109375 0.861328125 0.0849609375 0.85546875 0.06640625 0.8662109375 0.0634765625 0.890625
2 0.0009765625 0.833984375 0.0322265625 0.826171875 0.041015625 0.8076171875 0.03515625 0.7666015625 0.0107421875 0.75390625 0 0.7607421875 0.0009765625 0.833984375
2 0.0009765625 0.59765625 0.0185546875 0.59375 0.033203125 0.5732421875 0.033203125 0.5537109375 0.0166015625 0.53125 0 0.5341796875 0.0009765625 0.59765625
2 0.0693359375 0.416015625 0.0712890625 0.427734375 0.0849609375 0.427734375 0.107421875 0.4111328125 0.109375 0.3994140625 0.0927734375 0.390625 0.0791015625 0.39453125 0.0693359375 0.416015625
2 0.0009765625 0.353515625 0.0234375 0.3330078125 0.021484375 0.3095703125 0.0029296875 0.294921875 0.0009765625 0.353515625
2 0.0009765625 0.125 0.0302734375 0.140625 0.0517578125 0.13671875 0.064453125 0.1240234375 0.0625 0.0966796875 0.0478515625 0.08203125 0.0283203125 0.08203125 0 0.1064453125 0.0009765625 0.125
2 0.2001953125 0.064453125 0.2197265625 0.083984375 0.2490234375 0.0859375 0.275390625 0.0595703125 0.279296875 0.0439453125 0.2626953125 0.01953125 0.2314453125 0.0078125 0.205078125 0.0263671875 0.2001953125 0.064453125
2 0.2490234375 0.255859375 0.251953125 0.2666015625 0.2626953125 0.271484375 0.2861328125 0.271484375 0.2958984375 0.265625 0.306640625 0.2431640625 0.302734375 0.2177734375 0.2802734375 0.20703125 0.2626953125 0.21484375 0.25 0.2294921875 0.2490234375 0.255859375
2 0.3544921875 0.359375 0.3681640625 0.37890625 0.3955078125 0.376953125 0.412109375 0.3564453125 0.416015625 0.3291015625 0.3955078125 0.310546875 0.3779296875 0.310546875 0.3662109375 0.31640625 0.35546875 0.3330078125 0.3544921875 0.359375
2 0.4716796875 0.375 0.4873046875 0.40234375 0.5048828125 0.40234375 0.5185546875 0.3984375 0.53515625 0.3798828125 0.53515625 0.3603515625 0.5166015625 0.33984375 0.4970703125 0.33984375 0.474609375 0.3525390625 0.4716796875 0.375
2 0.4599609375 0.580078125 0.4814453125 0.591796875 0.5146484375 0.583984375 0.525390625 0.5751953125 0.517578125 0.5595703125 0.517578125 0.5361328125 0.4775390625 0.533203125 0.4609375 0.5537109375 0.4599609375 0.580078125
2 0.6181640625 0.8046875 0.623046875 0.8232421875 0.6357421875 0.837890625 0.6767578125 0.833984375 0.6875 0.8076171875 0.681640625 0.7841796875 0.6572265625 0.771484375 0.6298828125 0.78515625 0.6181640625 0.8046875
2 0.4794921875 0.689453125 0.4912109375 0.703125 0.5146484375 0.6953125 0.517578125 0.6845703125 0.4970703125 0.66015625 0.4892578125 0.66015625 0.478515625 0.6748046875 0.4794921875 0.689453125
2 0.8544921875 0.41015625 0.8837890625 0.42578125 0.8994140625 0.423828125 0.919921875 0.3974609375 0.921875 0.3759765625 0.8994140625 0.353515625 0.8759765625 0.357421875 0.85546875 0.3759765625 0.8544921875 0.41015625
2 0.8916015625 0.169921875 0.9091796875 0.185546875 0.9326171875 0.19140625 0.951171875 0.1630859375 0.947265625 0.1259765625 0.9365234375 0.115234375 0.9130859375 0.119140625 0.890625 0.1474609375 0.8916015625 0.169921875
2 0.8154296875 0.345703125 0.8291015625 0.349609375 0.8408203125 0.341796875 0.845703125 0.3369140625 0.84375 0.3251953125 0.8369140625 0.318359375 0.8291015625 0.3203125 0.814453125 0.3349609375 0.8154296875 0.345703125
2 0.7333984375 0.205078125 0.7470703125 0.20703125 0.76171875 0.1943359375 0.76171875 0.1689453125 0.7568359375 0.1640625 0.734375 0.1826171875 0.7333984375 0.205078125