2 0.201171875 0.2958984375 0.2119140625 0.3125 0.2431640625 0.306640625 0.2548828125 0.287109375 0.255859375 0.2685546875 0.2353515625 0.25 0.2138671875 0.251953125 0.203125 0.2666015625 0.201171875 0.2958984375
2 0.0869140625 0.3984375 0.1181640625 0.40234375 0.130859375 0.3896484375 0.1396484375 0.365234375 0.1298828125 0.345703125 0.1064453125 0.33984375 0.08203125 0.3603515625 0.080078125 0.3857421875 0.0869140625 0.3984375
2 0.29296875 0.8544921875 0.3095703125 0.87890625 0.3349609375 0.87109375 0.3505859375 0.849609375 0.34765625 0.8212890625 0.3232421875 0.8125 0.3154296875 0.8125 0.29296875 0.8408203125 0.29296875 0.8544921875
2 0.037109375 0.7998046875 0.0498046875 0.810546875 0.0791015625 0.8125 0.0966796875 0.796875 0.0947265625 0.779296875 0.0712890625 0.76953125 0.0537109375 0.76953125 0.044921875 0.7744140625 0.037109375 0.7998046875
2 0.1845703125 1 0.1943359375 0.978515625 0.1884765625 0.96484375 0.1728515625 0.962890625 0.150390625 0.9755859375 0.14453125 0.9970703125 0.1845703125 1
2 0.5751953125 0.744140625 0.6083984375 0.7421875 0.6142578125 0.720703125 0.61328125 0.7080078125 0.5927734375 0.689453125 0.5654296875 0.6953125 0.5546875 0.7138671875 0.5751953125 0.744140625
2 0.4677734375 0.369140625 0.4794921875 0.373046875 0.4990234375 0.369140625 0.5126953125 0.345703125 0.5068359375 0.314453125 0.4736328125 0.314453125 0.462890625 0.3212890625 0.45703125 0.3544921875 0.4677734375 0.369140625
2 0.4375 0.1728515625 0.4482421875 0.1875 0.4814453125 0.185546875 0.4892578125 0.16796875 0.490234375 0.1396484375 0.4775390625 0.12890625 0.4560546875 0.138671875 0.4375 0.1611328125 0.4375 0.1728515625
2 0.8271484375 0.796875 0.8486328125 0.7890625 0.859375 0.7763671875 0.8603515625 0.765625 0.8564453125 0.748046875 0.8271484375 0.7421875 0.80859375 0.7509765625 0.80078125 0.7763671875 0.8271484375 0.796875
2 0.8525390625 0.95703125 0.8671875 0.9443359375 0.8701171875 0.931640625 0.8603515625 0.908203125 0.8388671875 0.908203125 0.830078125 0.9150390625 0.82421875 0.9501953125 0.8525390625 0.95703125
2 0.802734375 0.3603515625 0.798828125 0.3798828125 0.78125 0.4052734375 0.78125 0.4228515625 0.8173828125 0.43359375 0.8291015625 0.443359375 0.8486328125 0.435546875 0.859375 0.4248046875 0.857421875 0.4072265625 0.84765625 0.3974609375 0.849609375 0.3818359375 0.87890625 0.3623046875 0.8857421875 0.345703125 0.88671875 0.3388671875 0.8701171875 0.3203125 0.8466796875 0.31640625 0.8310546875 0.33984375 0.802734375 0.3603515625
2 0.9208984375 0.615234375 0.9423828125 0.6171875 0.955078125 0.6064453125 0.9599609375 0.58984375 0.9541015625 0.5703125 0.9345703125 0.568359375 0.912109375 0.5791015625 0.908203125 0.6025390625 0.9208984375 0.615234375
2 0.6572265625 0.638671875 0.6669921875 0.638671875 0.6767578125 0.626953125 0.677734375 0.6123046875 0.6630859375 0.6015625 0.642578125 0.6142578125 0.64453125 0.6259765625 0.6572265625 0.638671875
2 0.5830078125 0.015625 0.5712890625 0.015625 0.55859375 0.0263671875 0.552734375 0.0654296875 0.58203125 0.0908203125 0.5732421875 0.10546875 0.556640625 0.1142578125 0.5615234375 0.1328125 0.6005859375 0.130859375 0.6181640625 0.12109375 0.6328125 0.1064453125 0.6435546875 0.080078125 0.642578125 0.0458984375 0.6318359375 0.033203125 0.6083984375 0.029296875 0.5986328125 0.0390625 0.5830078125 0.015625
2 0.033203125 0.2216796875 0.0498046875 0.23828125 0.0673828125 0.236328125 0.0849609375 0.2109375 0.0859375 0.1982421875 0.0673828125 0.17578125 0.0537109375 0.17578125 0.03125 0.2021484375 0.033203125 0.2216796875