2 0.7587890625 0.955078125 0.75390625 0.9619140625 0.75390625 0.9931640625 0.7646484375 1 0.798828125 0.9990234375 0.8046875 0.9912109375 0.8046875 0.9658203125 0.7880859375 0.953125 0.7587890625 0.955078125
2 0.86328125 0.8330078125 0.8671875 0.8466796875 0.88671875 0.8603515625 0.9140625 0.8349609375 0.9140625 0.8154296875 0.8935546875 0.80078125 0.873046875 0.8076171875 0.86328125 0.8330078125
2 0.82421875 0.6416015625 0.828125 0.6669921875 0.8671875 0.6845703125 0.880859375 0.6494140625 0.876953125 0.6220703125 0.8623046875 0.611328125 0.8310546875 0.619140625 0.82421875 0.6416015625
2 0.513671875 0.6552734375 0.5224609375 0.669921875 0.544921875 0.6767578125 0.56640625 0.6611328125 0.568359375 0.6396484375 0.5244140625 0.6015625 0.513671875 0.6142578125 0.513671875 0.6552734375
2 0.4873046875 0.775390625 0.4765625 0.7822265625 0.466796875 0.8076171875 0.4755859375 0.830078125 0.498046875 0.8330078125 0.517578125 0.8193359375 0.51953125 0.7939453125 0.5068359375 0.77734375 0.4873046875 0.775390625
2 0.466796875 0.8857421875 0.4775390625 0.8984375 0.4921875 0.8974609375 0.513671875 0.8759765625 0.509765625 0.8603515625 0.4912109375 0.84765625 0.4658203125 0.8515625 0.466796875 0.8857421875
2 0.3232421875 0.6796875 0.30078125 0.6943359375 0.298828125 0.7275390625 0.3154296875 0.744140625 0.3359375 0.7451171875 0.3515625 0.7255859375 0.3515625 0.7001953125 0.3408203125 0.685546875 0.3232421875 0.6796875
2 0.1201171875 0.90234375 0.103515625 0.9208984375 0.103515625 0.9482421875 0.1201171875 0.96484375 0.146484375 0.9658203125 0.15625 0.9482421875 0.154296875 0.9169921875 0.1416015625 0.904296875 0.1201171875 0.90234375
2 0.8076171875 0.1171875 0.7763671875 0.12109375 0.763671875 0.1416015625 0.763671875 0.1650390625 0.78515625 0.1787109375 0.8017578125 0.173828125 0.818359375 0.1572265625 0.8203125 0.1298828125 0.8076171875 0.1171875
2 0.3798828125 0.068359375 0.375 0.0830078125 0.380859375 0.0966796875 0.3935546875 0.10546875 0.41015625 0.1044921875 0.421875 0.0966796875 0.416015625 0.0791015625 0.4013671875 0.068359375 0.3798828125 0.068359375
2 0.2080078125 0.015625 0.193359375 0.0341796875 0.193359375 0.0458984375 0.203125 0.0615234375 0.21875 0.0634765625 0.240234375 0.0458984375 0.240234375 0.0283203125 0.2275390625 0.013671875 0.2080078125 0.015625
2 0.0810546875 0.056640625 0.0625 0.0732421875 0.056640625 0.0908203125 0.0712890625 0.119140625 0.091796875 0.1201171875 0.109375 0.1103515625 0.115234375 0.0869140625 0.1025390625 0.0625 0.0810546875 0.056640625
2 0.3330078125 0.142578125 0.31640625 0.1533203125 0.3046875 0.1865234375 0.3212890625 0.212890625 0.33984375 0.2119140625 0.357421875 0.1962890625 0.357421875 0.1767578125 0.3515625 0.1533203125 0.3330078125 0.142578125
2 0.16015625 0.3642578125 0.1728515625 0.37890625 0.19140625 0.3779296875 0.212890625 0.3583984375 0.212890625 0.3291015625 0.1787109375 0.3203125 0.162109375 0.3349609375 0.16015625 0.3642578125
2 0.5546875 0.2138671875 0.564453125 0.2021484375 0.5400390625 0.177734375 0.52734375 0.1865234375 0.525390625 0.1982421875 0.5341796875 0.212890625 0.5546875 0.2138671875
2 0.8876953125 0.26953125 0.884765625 0.2822265625 0.892578125 0.2939453125 0.8994140625 0.30078125 0.912109375 0.2998046875 0.919921875 0.2900390625 0.912109375 0.2724609375 0.9072265625 0.267578125 0.8876953125 0.26953125
2 0.2412109375 0.513671875 0.234375 0.5302734375 0.2421875 0.5634765625 0.2666015625 0.5859375 0.296875 0.5908203125 0.2734375 0.5478515625 0.2734375 0.5205078125 0.2607421875 0.51171875 0.2412109375 0.513671875