2 0.00390625 0.8994140625 0.0048828125 0.94921875 0.0322265625 0.94921875 0.046875 0.9345703125 0.048828125 0.9072265625 0.03515625 0.8935546875 0.0146484375 0.892578125 0.00390625 0.8994140625
2 0.224609375 0.8427734375 0.2412109375 0.869140625 0.2626953125 0.8671875 0.275390625 0.8486328125 0.2734375 0.8271484375 0.25390625 0.8134765625 0.2373046875 0.8125 0.2265625 0.8212890625 0.224609375 0.8427734375
2 0.30859375 0.8681640625 0.3232421875 0.8828125 0.3486328125 0.8828125 0.365234375 0.8642578125 0.36328125 0.8330078125 0.345703125 0.8251953125 0.3291015625 0.82421875 0.30859375 0.8427734375 0.30859375 0.8681640625
2 0.259765625 0.7646484375 0.2685546875 0.78515625 0.3017578125 0.787109375 0.310546875 0.7744140625 0.306640625 0.7490234375 0.2890625 0.7412109375 0.2783203125 0.7421875 0.259765625 0.7646484375
2 0.052734375 0.7119140625 0.0693359375 0.720703125 0.0849609375 0.716796875 0.099609375 0.6923828125 0.09765625 0.6728515625 0.076171875 0.6572265625 0.0498046875 0.666015625 0.04296875 0.6884765625 0.052734375 0.7119140625
2 0.2607421875 0.625 0.287109375 0.6123046875 0.310546875 0.5751953125 0.3125 0.5517578125 0.306640625 0.5322265625 0.275390625 0.5244140625 0.2587890625 0.5234375 0.2509765625 0.53515625 0.220703125 0.5517578125 0.208984375 0.5830078125 0.193359375 0.6025390625 0.193359375 0.6201171875 0.2060546875 0.642578125 0.2177734375 0.6484375 0.2412109375 0.646484375 0.2607421875 0.625
2 0.3310546875 0.693359375 0.3544921875 0.689453125 0.37109375 0.6650390625 0.369140625 0.6494140625 0.3603515625 0.638671875 0.33984375 0.6337890625 0.32421875 0.6455078125 0.31640625 0.6611328125 0.31640625 0.6767578125 0.3310546875 0.693359375
2 0.65234375 0.6259765625 0.65234375 0.6142578125 0.6435546875 0.60546875 0.6083984375 0.611328125 0.607421875 0.5966796875 0.58984375 0.5908203125 0.5478515625 0.59375 0.5234375 0.6064453125 0.525390625 0.6376953125 0.5078125 0.6748046875 0.5126953125 0.7109375 0.5244140625 0.716796875 0.5615234375 0.716796875 0.5849609375 0.7265625 0.611328125 0.7080078125 0.625 0.6845703125 0.634765625 0.6396484375 0.65234375 0.6259765625
2 0 0.5810546875 0.0048828125 0.599609375 0.025390625 0.5927734375 0.04296875 0.5419921875 0.0390625 0.5107421875 0.013671875 0.4873046875 0.00390625 0.4892578125 0 0.5048828125 0 0.5810546875
2 0.07421875 0.3271484375 0.0966796875 0.345703125 0.119140625 0.3212890625 0.125 0.3037109375 0.12109375 0.2822265625 0.109375 0.2724609375 0.0810546875 0.27734375 0.06640625 0.2998046875 0.07421875 0.3271484375
2 0.3330078125 0.453125 0.33984375 0.4462890625 0.33984375 0.4248046875 0.3515625 0.4091796875 0.34765625 0.3740234375 0.314453125 0.3486328125 0.2568359375 0.34765625 0.2294921875 0.35546875 0.224609375 0.3623046875 0.23046875 0.3916015625 0.2548828125 0.40234375 0.26171875 0.4130859375 0.259765625 0.4365234375 0.2685546875 0.451171875 0.2958984375 0.45703125 0.3330078125 0.453125
2 0.517578125 0.4951171875 0.5361328125 0.509765625 0.5556640625 0.505859375 0.572265625 0.4892578125 0.5703125 0.4658203125 0.55078125 0.4501953125 0.5263671875 0.44921875 0.513671875 0.4677734375 0.517578125 0.4951171875
2 0.4755859375 0.3046875 0.4990234375 0.3125 0.515625 0.2958984375 0.517578125 0.2724609375 0.5107421875 0.2578125 0.490234375 0.2470703125 0.4716796875 0.248046875 0.462890625 0.2548828125 0.462890625 0.2763671875 0.4755859375 0.3046875
2 0.3544921875 0.283203125 0.3818359375 0.2890625 0.3984375 0.2763671875 0.404296875 0.2470703125 0.3896484375 0.228515625 0.3671875 0.2177734375 0.345703125 0.2373046875 0.34375 0.2607421875 0.3544921875 0.283203125
2 0.005859375 0.1181640625 0.0146484375 0.1328125 0.0458984375 0.134765625 0.0625 0.1162109375 0.060546875 0.0927734375 0.0390625 0.0791015625 0.0283203125 0.080078125 0.0078125 0.1044921875 0.005859375 0.1181640625
2 0.4921875 0.0361328125 0.4951171875 0.052734375 0.5146484375 0.0546875 0.525390625 0.0458984375 0.52734375 0.0341796875 0.513671875 0.0244140625 0.4921875 0.0361328125
2 0.890625 0.0498046875 0.9072265625 0.0703125 0.9345703125 0.064453125 0.955078125 0.0400390625 0.947265625 0.0126953125 0.935546875 0.0048828125 0.8974609375 0.01171875 0.892578125 0.0205078125 0.890625 0.0498046875
2 0.6611328125 0 0.66015625 0.0068359375 0.6708984375 0.017578125 0.6923828125 0.0234375 0.7060546875 0.017578125 0.716796875 0.0009765625 0.6611328125 0
2 0.8876953125 0.580078125 0.9091796875 0.5859375 0.93359375 0.5634765625 0.93359375 0.5498046875 0.9189453125 0.52734375 0.900390625 0.5224609375 0.884765625 0.5263671875 0.869140625 0.5595703125 0.8876953125 0.580078125
2 0.72265625 0.6689453125 0.7392578125 0.6796875 0.7626953125 0.67578125 0.779296875 0.6474609375 0.7734375 0.6181640625 0.75390625 0.6025390625 0.7294921875 0.607421875 0.7109375 0.6337890625 0.72265625 0.6689453125
2 0.6630859375 0.892578125 0.6865234375 0.89453125 0.708984375 0.8701171875 0.7109375 0.8564453125 0.703125 0.8408203125 0.685546875 0.8330078125 0.6767578125 0.833984375 0.65234375 0.8564453125 0.650390625 0.8837890625 0.6630859375 0.892578125
2 0.607421875 0.7353515625 0.599609375 0.7490234375 0.6123046875 0.763671875 0.626953125 0.7548828125 0.625 0.7333984375 0.619140625 0.7294921875 0.607421875 0.7353515625
2 0.765625 0.9306640625 0.765625 0.9501953125 0.7861328125 0.9609375 0.791015625 0.9384765625 0.7841796875 0.9296875 0.7734375 0.9287109375 0.765625 0.9306640625
2 0.4599609375 1 0.466796875 0.9716796875 0.453125 0.9521484375 0.45703125 0.9150390625 0.4521484375 0.90625 0.44140625 0.9033203125 0.4091796875 0.90625 0.3544921875 0.94140625 0.333984375 0.9775390625 0.3359375 0.9990234375 0.4599609375 1
2 0.763671875 0.4931640625 0.7392578125 0.494140625 0.73828125 0.5126953125 0.7607421875 0.517578125 0.767578125 0.5087890625 0.763671875 0.4931640625
2 0.15234375 0.5166015625 0.1591796875 0.525390625 0.1806640625 0.529296875 0.197265625 0.5224609375 0.19921875 0.4951171875 0.185546875 0.4814453125 0.1669921875 0.484375 0.154296875 0.4951171875 0.15234375 0.5166015625