2 0.8427734375 0.009765625 0.83203125 0.0244140625 0.8359375 0.0498046875 0.84765625 0.0556640625 0.8701171875 0.048828125 0.87890625 0.0361328125 0.87890625 0.0224609375 0.8642578125 0.0078125 0.8427734375 0.009765625
2 0.9462890625 0.056640625 0.9326171875 0.056640625 0.9228515625 0.064453125 0.91015625 0.0869140625 0.9140625 0.1044921875 0.93359375 0.1259765625 0.9462890625 0.125 0.966796875 0.1025390625 0.966796875 0.0732421875 0.9599609375 0.0625 0.9462890625 0.056640625
2 0.7587890625 0.203125 0.744140625 0.2158203125 0.74609375 0.2392578125 0.763671875 0.2509765625 0.7861328125 0.25 0.798828125 0.2373046875 0.796875 0.2177734375 0.7822265625 0.203125 0.7587890625 0.203125
2 0.857421875 0.2373046875 0.8642578125 0.255859375 0.890625 0.2646484375 0.91796875 0.2412109375 0.919921875 0.2197265625 0.8779296875 0.201171875 0.86328125 0.2080078125 0.857421875 0.2373046875
2 0.7021484375 0.009765625 0.681640625 0.0166015625 0.673828125 0.0419921875 0.673828125 0.0673828125 0.6953125 0.0791015625 0.7060546875 0.078125 0.71484375 0.0693359375 0.724609375 0.0400390625 0.712890625 0.0146484375 0.7021484375 0.009765625
2 0.728515625 0.6025390625 0.716796875 0.5869140625 0.7255859375 0.5703125 0.7451171875 0.5625 0.751953125 0.5517578125 0.751953125 0.5419921875 0.7275390625 0.517578125 0.7041015625 0.513671875 0.6884765625 0.50390625 0.65625 0.5322265625 0.6494140625 0.548828125 0.63671875 0.5556640625 0.6328125 0.6220703125 0.642578125 0.6376953125 0.6630859375 0.63671875 0.6806640625 0.623046875 0.7060546875 0.626953125 0.7265625 0.6142578125 0.728515625 0.6025390625
2 0.8515625 0.5810546875 0.84765625 0.6201171875 0.873046875 0.6298828125 0.90234375 0.6181640625 0.904296875 0.5888671875 0.8955078125 0.57421875 0.8583984375 0.568359375 0.8515625 0.5810546875
2 0.7431640625 0.677734375 0.716796875 0.6982421875 0.720703125 0.7255859375 0.740234375 0.7431640625 0.7626953125 0.73828125 0.78125 0.7197265625 0.775390625 0.6982421875 0.7568359375 0.681640625 0.7431640625 0.677734375
2 0.9384765625 0.689453125 0.900390625 0.6923828125 0.900390625 0.7392578125 0.916015625 0.7529296875 0.9443359375 0.75 0.955078125 0.7392578125 0.958984375 0.7177734375 0.9541015625 0.6953125 0.9384765625 0.689453125
2 0.720703125 0.9990234375 0.7783203125 1 0.779296875 0.9931640625 0.7607421875 0.974609375 0.7373046875 0.97265625 0.720703125 0.9990234375
2 0.48828125 0.8291015625 0.490234375 0.8564453125 0.509765625 0.8798828125 0.5224609375 0.880859375 0.544921875 0.8642578125 0.5419921875 0.826171875 0.5087890625 0.8203125 0.48828125 0.8291015625
2 0.189453125 0.1357421875 0.189453125 0.1650390625 0.205078125 0.1767578125 0.2275390625 0.177734375 0.240234375 0.1650390625 0.23828125 0.1396484375 0.2216796875 0.119140625 0.189453125 0.1357421875
2 0.1708984375 0.263671875 0.16015625 0.2802734375 0.162109375 0.3115234375 0.17578125 0.3232421875 0.1982421875 0.318359375 0.212890625 0.2958984375 0.208984375 0.2763671875 0.1904296875 0.26171875 0.1708984375 0.263671875
2 0.0771484375 0.525390625 0.0517578125 0.529296875 0.037109375 0.5556640625 0.041015625 0.5751953125 0.0625 0.5888671875 0.0791015625 0.587890625 0.09765625 0.5732421875 0.095703125 0.5478515625 0.087890625 0.5322265625 0.0771484375 0.525390625
2 0.0927734375 0.826171875 0.072265625 0.8564453125 0.072265625 0.8740234375 0.087890625 0.8935546875 0.1142578125 0.892578125 0.12890625 0.8642578125 0.123046875 0.8408203125 0.1064453125 0.82421875 0.0927734375 0.826171875
2 0.3955078125 0.646484375 0.388671875 0.6552734375 0.396484375 0.6943359375 0.4111328125 0.6953125 0.427734375 0.6865234375 0.43359375 0.6650390625 0.4248046875 0.646484375 0.3955078125 0.646484375
2 0.3837890625 0.482421875 0.373046875 0.4951171875 0.37109375 0.5185546875 0.3828125 0.5283203125 0.4150390625 0.52734375 0.42578125 0.5205078125 0.4296875 0.4990234375 0.4130859375 0.474609375 0.3837890625 0.482421875
2 0.75 0.1298828125 0.759765625 0.1396484375 0.7919921875 0.138671875 0.796875 0.1181640625 0.7724609375 0.11328125 0.7548828125 0.119140625 0.75 0.1298828125
2 0.310546875 0.1982421875 0.31640625 0.2373046875 0.337890625 0.2490234375 0.3505859375 0.25 0.35546875 0.2431640625 0.357421875 0.2099609375 0.3466796875 0.185546875 0.310546875 0.1982421875