2 0.43359375 0.0615234375 0.451171875 0.0419921875 0.451171875 0.0166015625 0.4306640625 0.00390625 0.4130859375 0.00390625 0.390625 0.0244140625 0.392578125 0.0478515625 0.4091796875 0.0625 0.43359375 0.0615234375
2 0.55078125 0.2919921875 0.568359375 0.2744140625 0.568359375 0.2451171875 0.5458984375 0.23828125 0.5244140625 0.2421875 0.51171875 0.2587890625 0.51171875 0.2802734375 0.5283203125 0.29296875 0.55078125 0.2919921875
2 0.947265625 0.0498046875 0.947265625 0.0263671875 0.9326171875 0.01171875 0.9130859375 0.01171875 0.89453125 0.0263671875 0.90234375 0.0615234375 0.919921875 0.0673828125 0.947265625 0.0498046875
2 0.91015625 0.1201171875 0.92578125 0.1044921875 0.92578125 0.0830078125 0.9091796875 0.064453125 0.8857421875 0.068359375 0.869140625 0.0849609375 0.873046875 0.1142578125 0.8857421875 0.12109375 0.91015625 0.1201171875
2 0.830078125 0.2783203125 0.849609375 0.2626953125 0.8515625 0.2353515625 0.8310546875 0.216796875 0.8076171875 0.21875 0.791015625 0.2373046875 0.79296875 0.2607421875 0.8115234375 0.27734375 0.830078125 0.2783203125
2 0.583984375 0.4638671875 0.611328125 0.4521484375 0.6171875 0.4287109375 0.591796875 0.3837890625 0.5732421875 0.37890625 0.546875 0.3994140625 0.544921875 0.4384765625 0.5693359375 0.462890625 0.583984375 0.4638671875
2 0.37109375 0.3388671875 0.3935546875 0.326171875 0.3984375 0.3115234375 0.3818359375 0.28125 0.3583984375 0.27734375 0.3359375 0.2939453125 0.330078125 0.3173828125 0.3408203125 0.3359375 0.37109375 0.3388671875
2 0.1015625 0.1357421875 0.126953125 0.1240234375 0.1328125 0.1005859375 0.1162109375 0.08203125 0.0888671875 0.078125 0.0703125 0.1005859375 0.0703125 0.1181640625 0.0791015625 0.134765625 0.1015625 0.1357421875
2 0.3505859375 0.474609375 0.359375 0.4755859375 0.3818359375 0.470703125 0.3984375 0.4482421875 0.396484375 0.4345703125 0.3837890625 0.41796875 0.3544921875 0.416015625 0.33984375 0.4287109375 0.333984375 0.4521484375 0.3505859375 0.474609375
2 0.228515625 0.5888671875 0.251953125 0.5712890625 0.255859375 0.5498046875 0.2353515625 0.525390625 0.2236328125 0.5234375 0.201171875 0.5419921875 0.1953125 0.5654296875 0.2119140625 0.587890625 0.228515625 0.5888671875
2 0.103515625 0.6181640625 0.1162109375 0.615234375 0.1328125 0.5927734375 0.1318359375 0.568359375 0.0869140625 0.568359375 0.07421875 0.5771484375 0.07421875 0.6103515625 0.0869140625 0.619140625 0.103515625 0.6181640625
2 0.357421875 0.8193359375 0.37890625 0.8076171875 0.3828125 0.7861328125 0.3583984375 0.765625 0.3369140625 0.767578125 0.322265625 0.7841796875 0.32421875 0.8076171875 0.3408203125 0.8203125 0.357421875 0.8193359375
2 0.4775390625 0.619140625 0.5 0.6201171875 0.517578125 0.6103515625 0.5234375 0.5927734375 0.521484375 0.5732421875 0.5107421875 0.55859375 0.4853515625 0.564453125 0.466796875 0.5849609375 0.46875 0.6123046875 0.4775390625 0.619140625
2 0.810546875 0.7431640625 0.8291015625 0.736328125 0.841796875 0.7138671875 0.837890625 0.6904296875 0.8154296875 0.6796875 0.7939453125 0.6875 0.783203125 0.7060546875 0.78515625 0.7275390625 0.810546875 0.7431640625
2 0.751953125 0.9736328125 0.771484375 0.9619140625 0.775390625 0.9326171875 0.7587890625 0.9140625 0.7373046875 0.91015625 0.72265625 0.9326171875 0.720703125 0.9580078125 0.7333984375 0.97265625 0.751953125 0.9736328125
2 0.4873046875 0.97265625 0.4716796875 0.97265625 0.4609375 0.9794921875 0.4599609375 1 0.486328125 0.9990234375 0.494140625 0.9853515625 0.4873046875 0.97265625
2 0.1982421875 0.958984375 0.2109375 0.9580078125 0.2236328125 0.93359375 0.234375 0.9365234375 0.240234375 0.9052734375 0.2177734375 0.884765625 0.1767578125 0.8828125 0.1640625 0.9033203125 0.1640625 0.9208984375 0.1982421875 0.958984375
2 0.701171875 0.3095703125 0.716796875 0.2978515625 0.71875 0.2822265625 0.7099609375 0.265625 0.6865234375 0.263671875 0.671875 0.2802734375 0.669921875 0.2978515625 0.6767578125 0.30859375 0.701171875 0.3095703125
2 0.7265625 0.1591796875 0.7265625 0.1474609375 0.7080078125 0.123046875 0.6962890625 0.125 0.6875 0.1337890625 0.68359375 0.1572265625 0.71484375 0.1611328125 0.7265625 0.1591796875