2 0.828125 0.6865234375 0.8388671875 0.69921875 0.8603515625 0.703125 0.875 0.6826171875 0.873046875 0.6708984375 0.8623046875 0.65234375 0.837890625 0.6513671875 0.828125 0.6708984375 0.828125 0.6865234375
2 0.509765625 0.7236328125 0.5166015625 0.736328125 0.5439453125 0.748046875 0.54296875 0.7294921875 0.5546875 0.7080078125 0.5380859375 0.69140625 0.5234375 0.6923828125 0.5078125 0.7099609375 0.509765625 0.7236328125
2 0.302734375 0.9814453125 0.3154296875 0.99609375 0.3369140625 0.99609375 0.3515625 0.9814453125 0.34765625 0.9541015625 0.3349609375 0.943359375 0.314453125 0.9423828125 0.302734375 0.9580078125 0.302734375 0.9814453125
2 0.3583984375 0.90234375 0.3388671875 0.900390625 0.3359375 0.9169921875 0.34375 0.9384765625 0.3701171875 0.951171875 0.3828125 0.9404296875 0.388671875 0.9150390625 0.3798828125 0.8984375 0.3671875 0.8955078125 0.3583984375 0.90234375
2 0.470703125 0.8544921875 0.466796875 0.8408203125 0.447265625 0.8291015625 0.423828125 0.8583984375 0.4384765625 0.876953125 0.4541015625 0.876953125 0.470703125 0.8544921875
2 0.123046875 0.6728515625 0.0986328125 0.673828125 0.0908203125 0.69140625 0.068359375 0.7021484375 0.068359375 0.7236328125 0.0732421875 0.728515625 0.1455078125 0.736328125 0.166015625 0.7216796875 0.154296875 0.6865234375 0.1416015625 0.67578125 0.123046875 0.6728515625
2 0.099609375 0.9794921875 0.0869140625 0.982421875 0.078125 0.9990234375 0.130859375 0.9990234375 0.1201171875 0.978515625 0.099609375 0.9794921875
2 0.2646484375 0.4765625 0.255859375 0.4931640625 0.255859375 0.5087890625 0.2626953125 0.517578125 0.2861328125 0.521484375 0.31640625 0.5087890625 0.318359375 0.4970703125 0.3037109375 0.478515625 0.275390625 0.4736328125 0.2646484375 0.4765625
2 0.283203125 0.1650390625 0.3037109375 0.189453125 0.3154296875 0.19140625 0.341796875 0.1728515625 0.345703125 0.1494140625 0.3251953125 0.130859375 0.30859375 0.1318359375 0.28515625 0.1474609375 0.283203125 0.1650390625
2 0.470703125 0.2802734375 0.46875 0.3017578125 0.4814453125 0.322265625 0.5009765625 0.318359375 0.525390625 0.2958984375 0.515625 0.2666015625 0.501953125 0.2626953125 0.4853515625 0.265625 0.470703125 0.2802734375
2 0.552734375 0.1318359375 0.53515625 0.1279296875 0.53515625 0.1396484375 0.5234375 0.1494140625 0.513671875 0.1748046875 0.517578125 0.1923828125 0.5263671875 0.19921875 0.5517578125 0.1953125 0.572265625 0.1748046875 0.5703125 0.1591796875 0.552734375 0.1416015625 0.552734375 0.1318359375
2 0.0283203125 0.29296875 0.005859375 0.3115234375 0.00390625 0.3271484375 0.0185546875 0.349609375 0.0400390625 0.35546875 0.083984375 0.3388671875 0.0859375 0.3056640625 0.07421875 0.2802734375 0.06640625 0.2783203125 0.0283203125 0.29296875
2 0.2265625 0.0009765625 0.2392578125 0.021484375 0.2587890625 0.03125 0.28515625 0.0224609375 0.2822265625 0 0.2265625 0.0009765625
2 0.806640625 0.1083984375 0.80859375 0.0888671875 0.7890625 0.0712890625 0.76171875 0.0791015625 0.7666015625 0.115234375 0.7900390625 0.1171875 0.806640625 0.1083984375
2 0.826171875 0.2236328125 0.8369140625 0.236328125 0.8564453125 0.240234375 0.876953125 0.2236328125 0.876953125 0.1884765625 0.8701171875 0.181640625 0.833984375 0.1748046875 0.82421875 0.2060546875 0.826171875 0.2236328125
2 0.6953125 0.2646484375 0.7060546875 0.27734375 0.7197265625 0.279296875 0.736328125 0.2685546875 0.7421875 0.2431640625 0.7333984375 0.232421875 0.712890625 0.2294921875 0.701171875 0.2353515625 0.6953125 0.2646484375
2 0.943359375 0.4638671875 0.962890625 0.4912109375 0.9716796875 0.4921875 0.99609375 0.4658203125 0.998046875 0.4404296875 0.9814453125 0.427734375 0.962890625 0.4287109375 0.943359375 0.4482421875 0.943359375 0.4638671875
2 0.6103515625 0.62890625 0.6220703125 0.6328125 0.6328125 0.6220703125 0.63671875 0.6005859375 0.615234375 0.5751953125 0.603515625 0.5830078125 0.6015625 0.6162109375 0.6103515625 0.62890625
2 0.689453125 0.5888671875 0.7080078125 0.603515625 0.7275390625 0.59765625 0.7421875 0.5810546875 0.736328125 0.5517578125 0.7216796875 0.54296875 0.69921875 0.5439453125 0.685546875 0.5595703125 0.689453125 0.5888671875
2 0.6142578125 0.451171875 0.6298828125 0.44921875 0.640625 0.4404296875 0.646484375 0.4208984375 0.607421875 0.3876953125 0.58984375 0.4052734375 0.59765625 0.4384765625 0.6142578125 0.451171875