2 0.12890625 0.9072265625 0.1103515625 0.908203125 0.0859375 0.9345703125 0.1005859375 0.95703125 0.1162109375 0.96484375 0.1455078125 0.9609375 0.158203125 0.9423828125 0.15234375 0.9189453125 0.1396484375 0.908203125 0.12890625 0.9072265625
2 0.263671875 0.9072265625 0.244140625 0.9013671875 0.2158203125 0.908203125 0.2109375 0.9248046875 0.21484375 0.9482421875 0.2353515625 0.958984375 0.2587890625 0.94921875 0.26953125 0.9306640625 0.263671875 0.9072265625
2 0.8125 0.9189453125 0.7890625 0.9013671875 0.7626953125 0.90625 0.74609375 0.9326171875 0.759765625 0.9560546875 0.7783203125 0.966796875 0.8056640625 0.9609375 0.814453125 0.9482421875 0.8125 0.9189453125
2 0.470703125 0.7490234375 0.45703125 0.7392578125 0.4365234375 0.740234375 0.427734375 0.7548828125 0.427734375 0.7724609375 0.4462890625 0.78515625 0.4599609375 0.78515625 0.47265625 0.7724609375 0.470703125 0.7490234375
2 0.4375 0.7138671875 0.416015625 0.6904296875 0.3984375 0.6923828125 0.390625 0.7041015625 0.390625 0.7236328125 0.4033203125 0.736328125 0.4208984375 0.73828125 0.431640625 0.7314453125 0.4375 0.7138671875
2 0.375 0.6298828125 0.353515625 0.6123046875 0.3271484375 0.615234375 0.314453125 0.6318359375 0.318359375 0.6552734375 0.3388671875 0.671875 0.3623046875 0.669921875 0.376953125 0.6513671875 0.375 0.6298828125
2 0.09375 0.7080078125 0.095703125 0.6845703125 0.08203125 0.6689453125 0.048828125 0.6728515625 0.046875 0.7001953125 0.0537109375 0.712890625 0.0810546875 0.71484375 0.09375 0.7080078125
2 0.119140625 0.5283203125 0.10546875 0.5205078125 0.0830078125 0.521484375 0.064453125 0.5400390625 0.06640625 0.5654296875 0.0888671875 0.5859375 0.1123046875 0.58203125 0.130859375 0.5576171875 0.119140625 0.5283203125
2 0.84765625 0.6552734375 0.830078125 0.6298828125 0.8056640625 0.62890625 0.787109375 0.6416015625 0.78515625 0.6748046875 0.7939453125 0.689453125 0.8291015625 0.69140625 0.841796875 0.6826171875 0.84765625 0.6552734375
2 0.68359375 0.5654296875 0.6572265625 0.56640625 0.6484375 0.5732421875 0.646484375 0.6103515625 0.6611328125 0.623046875 0.6865234375 0.625 0.70703125 0.6064453125 0.70703125 0.5869140625 0.69921875 0.5712890625 0.68359375 0.5654296875
2 0.80859375 0.4267578125 0.787109375 0.4052734375 0.7666015625 0.404296875 0.751953125 0.4248046875 0.7578125 0.4580078125 0.7705078125 0.46875 0.7900390625 0.46875 0.810546875 0.4580078125 0.80859375 0.4267578125
2 0.95703125 0.3818359375 0.939453125 0.3662109375 0.9130859375 0.369140625 0.896484375 0.3935546875 0.90234375 0.4130859375 0.9228515625 0.427734375 0.9482421875 0.42578125 0.95703125 0.4150390625 0.95703125 0.3818359375
2 0.9228515625 0.498046875 0.923828125 0.4833984375 0.904296875 0.4677734375 0.8974609375 0.466796875 0.890625 0.4755859375 0.89453125 0.4912109375 0.9013671875 0.498046875 0.9228515625 0.498046875
2 0.587890625 0.8154296875 0.5791015625 0.80078125 0.56640625 0.7958984375 0.548828125 0.8017578125 0.55078125 0.8115234375 0.5966796875 0.849609375 0.603515625 0.8251953125 0.587890625 0.8154296875
2 0.3974609375 0.27734375 0.3798828125 0.28515625 0.375 0.2919921875 0.380859375 0.3115234375 0.4033203125 0.333984375 0.4423828125 0.3359375 0.451171875 0.3232421875 0.44921875 0.2998046875 0.4287109375 0.279296875 0.41796875 0.2783203125 0.3974609375 0.27734375
2 0.3818359375 0.44140625 0.3994140625 0.443359375 0.40625 0.4287109375 0.396484375 0.4169921875 0.3779296875 0.41796875 0.365234375 0.4267578125 0.3818359375 0.44140625
2 0.109375 0.3349609375 0.0859375 0.3193359375 0.0615234375 0.326171875 0.05078125 0.3447265625 0.056640625 0.3701171875 0.0771484375 0.3828125 0.0908203125 0.3828125 0.115234375 0.3583984375 0.109375 0.3349609375
2 0.29296875 0.2158203125 0.27734375 0.2001953125 0.2431640625 0.20703125 0.236328125 0.2138671875 0.234375 0.2392578125 0.2529296875 0.259765625 0.2861328125 0.26171875 0.296875 0.2529296875 0.29296875 0.2158203125
2 0.197265625 0.0458984375 0.1796875 0.0341796875 0.1552734375 0.037109375 0.138671875 0.0478515625 0.13671875 0.0751953125 0.1533203125 0.091796875 0.1806640625 0.091796875 0.19921875 0.0712890625 0.197265625 0.0458984375
2 0.31640625 0.0498046875 0.3046875 0.0517578125 0.302734375 0.0673828125 0.2890625 0.0791015625 0.287109375 0.1044921875 0.2978515625 0.123046875 0.3310546875 0.130859375 0.34765625 0.1005859375 0.33203125 0.0556640625 0.31640625 0.0498046875
2 0.529296875 0.1591796875 0.5009765625 0.16015625 0.482421875 0.1728515625 0.484375 0.2080078125 0.5087890625 0.228515625 0.5244140625 0.2265625 0.5400390625 0.21484375 0.55078125 0.1943359375 0.544921875 0.1689453125 0.529296875 0.1591796875
2 0.69921875 0.0263671875 0.677734375 0.0107421875 0.6474609375 0.01171875 0.638671875 0.0263671875 0.640625 0.0537109375 0.6630859375 0.07421875 0.6904296875 0.068359375 0.69921875 0.0498046875 0.69921875 0.0263671875