2 0.7216796875 0.28125 0.69921875 0.3115234375 0.69921875 0.3486328125 0.7216796875 0.361328125 0.7529296875 0.359375 0.771484375 0.3427734375 0.7802734375 0.314453125 0.7734375 0.2919921875 0.7607421875 0.28125 0.7216796875 0.28125
2 0.2646484375 0.28125 0.2314453125 0.2578125 0.20703125 0.2685546875 0.2138671875 0.28125 0.2529296875 0.296875 0.265625 0.2939453125 0.2646484375 0.28125
2 0.1669921875 0.732421875 0.189453125 0.7314453125 0.193359375 0.7099609375 0.208984375 0.6962890625 0.2080078125 0.685546875 0.1669921875 0.6875 0.16015625 0.6943359375 0.15625 0.7080078125 0.1669921875 0.732421875
2 0.4951171875 0.818359375 0.4814453125 0.794921875 0.46875 0.7998046875 0.4755859375 0.859375 0.4833984375 0.859375 0.494140625 0.8427734375 0.4951171875 0.818359375
2 0.4814453125 0.931640625 0.4755859375 0.912109375 0.439453125 0.9482421875 0.4814453125 0.953125 0.4814453125 0.931640625
2 0.7236328125 0.599609375 0.7099609375 0.5859375 0.68359375 0.6259765625 0.6982421875 0.630859375 0.7119140625 0.625 0.720703125 0.6162109375 0.7236328125 0.599609375
2 0.8623046875 0.41015625 0.8583984375 0.38671875 0.83984375 0.3955078125 0.837890625 0.4150390625 0.8486328125 0.427734375 0.861328125 0.4228515625 0.8623046875 0.41015625
2 0.8603515625 0.48828125 0.8671875 0.4775390625 0.8662109375 0.462890625 0.8583984375 0.455078125 0.8369140625 0.451171875 0.828125 0.4658203125 0.828125 0.4794921875 0.8603515625 0.48828125
2 0.9189453125 0.478515625 0.9111328125 0.47265625 0.8857421875 0.47265625 0.8720703125 0.478515625 0.869140625 0.4892578125 0.9033203125 0.501953125 0.9189453125 0.478515625
2 0.7978515625 0.798828125 0.7861328125 0.7890625 0.7734375 0.8076171875 0.7939453125 0.8125 0.7978515625 0.798828125
2 0.7568359375 0.9765625 0.779296875 0.9560546875 0.7783203125 0.9453125 0.7666015625 0.94140625 0.7236328125 0.955078125 0.708984375 0.9755859375 0.7197265625 0.98046875 0.7568359375 0.9765625
2 0.6259765625 0.962890625 0.64453125 0.9541015625 0.6513671875 0.92578125 0.646484375 0.9033203125 0.6337890625 0.900390625 0.6328125 0.9384765625 0.623046875 0.9541015625 0.6259765625 0.962890625
2 0.4755859375 0.216796875 0.4658203125 0.205078125 0.443359375 0.2197265625 0.443359375 0.2490234375 0.4541015625 0.265625 0.470703125 0.2490234375 0.4755859375 0.216796875
2 0.611328125 0.7255859375 0.6708984375 0.72265625 0.66796875 0.7158203125 0.677734375 0.7041015625 0.6787109375 0.68359375 0.6591796875 0.671875 0.6142578125 0.681640625 0.609375 0.6865234375 0.611328125 0.7255859375
2 0.8330078125 0.572265625 0.7841796875 0.552734375 0.759765625 0.5771484375 0.7666015625 0.58984375 0.8056640625 0.59375 0.8251953125 0.587890625 0.8330078125 0.572265625
2 0.9248046875 0.568359375 0.9130859375 0.55078125 0.8916015625 0.55078125 0.888671875 0.5908203125 0.8974609375 0.59765625 0.9228515625 0.59375 0.9248046875 0.568359375
2 0.95703125 0.0673828125 0.9482421875 0.041015625 0.9365234375 0.044921875 0.9228515625 0.060546875 0.9189453125 0.0546875 0.91015625 0.0732421875 0.916015625 0.0986328125 0.9228515625 0.095703125 0.9404296875 0.103515625 0.9599609375 0.099609375 0.9697265625 0.080078125 0.95703125 0.0673828125
2 0.3427734375 0.412109375 0.36328125 0.3935546875 0.3720703125 0.369140625 0.3642578125 0.36328125 0.3466796875 0.36328125 0.33984375 0.3701171875 0.337890625 0.4052734375 0.3427734375 0.412109375
2 0.9453125 0.6787109375 0.9560546875 0.693359375 0.9873046875 0.6953125 0.99609375 0.6904296875 0.9970703125 0.6796875 0.9658203125 0.658203125 0.9521484375 0.658203125 0.9453125 0.6650390625 0.9453125 0.6787109375