2 0.568359375 0.5185546875 0.5869140625 0.533203125 0.6103515625 0.533203125 0.62109375 0.5244140625 0.62109375 0.4931640625 0.6015625 0.4794921875 0.5791015625 0.478515625 0.560546875 0.4912109375 0.568359375 0.5185546875
2 0.76953125 0.6650390625 0.7822265625 0.677734375 0.8134765625 0.67578125 0.82421875 0.6591796875 0.81640625 0.6279296875 0.802734375 0.6181640625 0.7861328125 0.619140625 0.767578125 0.6435546875 0.76953125 0.6650390625
2 0.5439453125 0.798828125 0.5693359375 0.8046875 0.5859375 0.7939453125 0.591796875 0.7724609375 0.5751953125 0.75 0.55859375 0.7451171875 0.53515625 0.7587890625 0.52734375 0.7783203125 0.5439453125 0.798828125
2 0.421875 0.6513671875 0.4462890625 0.666015625 0.4599609375 0.6640625 0.478515625 0.6494140625 0.47265625 0.6181640625 0.453125 0.6044921875 0.4248046875 0.611328125 0.41796875 0.6279296875 0.421875 0.6513671875
2 0.283203125 0.6494140625 0.3017578125 0.669921875 0.3291015625 0.66796875 0.33984375 0.6552734375 0.341796875 0.6318359375 0.32421875 0.6044921875 0.3017578125 0.60546875 0.283203125 0.6220703125 0.283203125 0.6494140625
2 0.240234375 0.4599609375 0.2490234375 0.48046875 0.2763671875 0.4921875 0.29296875 0.4794921875 0.296875 0.4521484375 0.275390625 0.4326171875 0.2490234375 0.431640625 0.240234375 0.4599609375
2 0.400390625 0.4365234375 0.4287109375 0.453125 0.4462890625 0.451171875 0.466796875 0.4248046875 0.45703125 0.3935546875 0.439453125 0.3857421875 0.4306640625 0.384765625 0.3984375 0.4130859375 0.400390625 0.4365234375
2 0.22265625 0.1943359375 0.2431640625 0.2109375 0.2666015625 0.205078125 0.28125 0.1845703125 0.28125 0.1708984375 0.2578125 0.1474609375 0.2373046875 0.150390625 0.220703125 0.1708984375 0.22265625 0.1943359375
2 0.072265625 0.1181640625 0.0869140625 0.130859375 0.1044921875 0.130859375 0.12109375 0.1220703125 0.12109375 0.0869140625 0.103515625 0.0751953125 0.0869140625 0.07421875 0.068359375 0.0888671875 0.072265625 0.1181640625
2 0.0341796875 0.107421875 0.0615234375 0.09765625 0.068359375 0.0869140625 0.064453125 0.0654296875 0.0576171875 0.056640625 0.044921875 0.0537109375 0.0263671875 0.0546875 0.013671875 0.0712890625 0.017578125 0.0966796875 0.0341796875 0.107421875
2 0.216796875 0.0654296875 0.2431640625 0.08984375 0.2578125 0.0849609375 0.265625 0.0634765625 0.26171875 0.0244140625 0.248046875 0.0146484375 0.2158203125 0.0234375 0.212890625 0.0361328125 0.216796875 0.0654296875
2 0.50390625 0.2119140625 0.5166015625 0.228515625 0.53515625 0.2060546875 0.541015625 0.1728515625 0.529296875 0.1220703125 0.513671875 0.0947265625 0.5009765625 0.09765625 0.494140625 0.1064453125 0.494140625 0.1181640625 0.484375 0.1337890625 0.484375 0.1572265625 0.509765625 0.1982421875 0.50390625 0.2119140625
2 0.6982421875 0.21484375 0.7255859375 0.21875 0.736328125 0.2080078125 0.73828125 0.1806640625 0.7294921875 0.1640625 0.71484375 0.1591796875 0.7001953125 0.16015625 0.681640625 0.1904296875 0.6982421875 0.21484375
2 0.912109375 0.2626953125 0.9267578125 0.283203125 0.9599609375 0.283203125 0.974609375 0.2685546875 0.97265625 0.2373046875 0.953125 0.2255859375 0.9287109375 0.228515625 0.9140625 0.2470703125 0.912109375 0.2626953125
2 0.9765625 0.5107421875 0.974609375 0.5283203125 0.9794921875 0.5390625 0.9990234375 0.54296875 1 0.5166015625 0.990234375 0.5087890625 0.9765625 0.5107421875
2 0.5703125 0.9072265625 0.5791015625 0.92578125 0.6044921875 0.931640625 0.62109375 0.9150390625 0.619140625 0.8876953125 0.58984375 0.8681640625 0.572265625 0.8720703125 0.5703125 0.9072265625
2 0.08203125 0.9130859375 0.1064453125 0.931640625 0.1357421875 0.923828125 0.140625 0.9111328125 0.12890625 0.8759765625 0.115234375 0.8701171875 0.0986328125 0.869140625 0.08203125 0.8896484375 0.08203125 0.9130859375
2 0.009765625 0.5947265625 0.0283203125 0.611328125 0.0478515625 0.609375 0.064453125 0.5927734375 0.0625 0.5634765625 0.04296875 0.5498046875 0.0166015625 0.552734375 0.005859375 0.5712890625 0.009765625 0.5947265625