2 0.1396484375 0.130859375 0.1181640625 0.12109375 0.091796875 0.1357421875 0.087890625 0.1689453125 0.12109375 0.1826171875 0.142578125 0.1708984375 0.146484375 0.1474609375 0.1396484375 0.130859375
2 0.998046875 0.0791015625 0.9931640625 0.07421875 0.9560546875 0.080078125 0.931640625 0.1083984375 0.931640625 0.1318359375 0.955078125 0.1474609375 0.9775390625 0.146484375 0.99609375 0.1220703125 0.998046875 0.0791015625
2 0.974609375 0.3173828125 0.974609375 0.2822265625 0.9677734375 0.2734375 0.9443359375 0.2734375 0.9208984375 0.287109375 0.89453125 0.3173828125 0.8974609375 0.333984375 0.931640625 0.3447265625 0.9521484375 0.345703125 0.966796875 0.3330078125 0.974609375 0.3173828125
2 0.9228515625 0.427734375 0.9033203125 0.431640625 0.87890625 0.4677734375 0.875 0.4853515625 0.8818359375 0.498046875 0.89453125 0.5009765625 0.9169921875 0.5 0.939453125 0.4736328125 0.9228515625 0.427734375
2 0.93359375 0.7294921875 0.93359375 0.7041015625 0.9248046875 0.689453125 0.9150390625 0.685546875 0.8876953125 0.68359375 0.859375 0.7216796875 0.86328125 0.7373046875 0.87890625 0.7470703125 0.892578125 0.7666015625 0.9072265625 0.767578125 0.912109375 0.7509765625 0.93359375 0.7294921875
2 0.64453125 0.6787109375 0.6083984375 0.6484375 0.599609375 0.6513671875 0.599609375 0.6611328125 0.583984375 0.6787109375 0.576171875 0.7001953125 0.5830078125 0.716796875 0.6015625 0.7255859375 0.6318359375 0.72265625 0.6484375 0.6943359375 0.64453125 0.6787109375
2 0.16796875 0.7353515625 0.1796875 0.7138671875 0.1474609375 0.685546875 0.115234375 0.7060546875 0.1171875 0.7333984375 0.09765625 0.7373046875 0.1015625 0.7998046875 0.123046875 0.8134765625 0.1435546875 0.8046875 0.16796875 0.7724609375 0.16796875 0.7353515625
2 0.1328125 0.5693359375 0.1328125 0.5576171875 0.0849609375 0.515625 0.068359375 0.5283203125 0.0595703125 0.544921875 0.0439453125 0.54296875 0.0390625 0.5478515625 0.0390625 0.5849609375 0.0458984375 0.59765625 0.0859375 0.6025390625 0.0966796875 0.603515625 0.1162109375 0.59375 0.1328125 0.5693359375
2 0.9248046875 0.8828125 0.9111328125 0.876953125 0.904296875 0.9013671875 0.9140625 0.9111328125 0.9287109375 0.912109375 0.93359375 0.8955078125 0.9248046875 0.8828125
2 0.8466796875 0.9140625 0.826171875 0.9208984375 0.8359375 0.9423828125 0.8466796875 0.943359375 0.85546875 0.9345703125 0.8466796875 0.9140625
2 0.9443359375 0.958984375 0.9189453125 0.95703125 0.896484375 0.9716796875 0.890625 0.9990234375 0.9599609375 1 0.966796875 0.9873046875 0.9443359375 0.958984375
2 0.5029296875 0.11328125 0.4814453125 0.109375 0.474609375 0.1240234375 0.498046875 0.1435546875 0.513671875 0.1416015625 0.515625 0.1240234375 0.5029296875 0.11328125