2 0.2119140625 0.6875 0.201171875 0.7041015625 0.203125 0.7333984375 0.2138671875 0.748046875 0.2353515625 0.75 0.255859375 0.7314453125 0.2548828125 0.712890625 0.2431640625 0.693359375 0.2119140625 0.6875
2 0.1181640625 0.59765625 0.0869140625 0.6015625 0.080078125 0.6142578125 0.08203125 0.6396484375 0.1064453125 0.66015625 0.1298828125 0.654296875 0.1396484375 0.634765625 0.130859375 0.6103515625 0.1181640625 0.59765625
2 0.3095703125 0.12109375 0.29296875 0.1455078125 0.29296875 0.1591796875 0.3154296875 0.1875 0.3232421875 0.1875 0.34765625 0.1787109375 0.3505859375 0.150390625 0.3349609375 0.12890625 0.3095703125 0.12109375
2 0.0498046875 0.189453125 0.037109375 0.2001953125 0.044921875 0.2255859375 0.0537109375 0.23046875 0.0712890625 0.23046875 0.0947265625 0.220703125 0.0966796875 0.203125 0.0791015625 0.1875 0.0498046875 0.189453125
2 0.1728515625 0.037109375 0.1884765625 0.03515625 0.1943359375 0.021484375 0.1845703125 0 0.14453125 0.0029296875 0.150390625 0.0244140625 0.1728515625 0.037109375
2 0.5546875 0.2861328125 0.5654296875 0.3046875 0.5927734375 0.310546875 0.61328125 0.2919921875 0.6142578125 0.279296875 0.6083984375 0.2578125 0.5751953125 0.255859375 0.5546875 0.2861328125
2 0.4794921875 0.626953125 0.4677734375 0.630859375 0.45703125 0.6455078125 0.462890625 0.6787109375 0.4736328125 0.685546875 0.5068359375 0.685546875 0.5126953125 0.654296875 0.4990234375 0.630859375 0.4794921875 0.626953125
2 0.4482421875 0.8125 0.4375 0.8271484375 0.4375 0.8388671875 0.4560546875 0.861328125 0.4775390625 0.87109375 0.490234375 0.8603515625 0.4892578125 0.83203125 0.4814453125 0.814453125 0.4482421875 0.8125
2 0.8486328125 0.2109375 0.8271484375 0.203125 0.80078125 0.2236328125 0.80859375 0.2490234375 0.8271484375 0.2578125 0.8564453125 0.251953125 0.8603515625 0.234375 0.859375 0.2236328125 0.8486328125 0.2109375
2 0.82421875 0.0498046875 0.830078125 0.0849609375 0.8388671875 0.091796875 0.8603515625 0.091796875 0.8701171875 0.068359375 0.8671875 0.0556640625 0.8525390625 0.04296875 0.82421875 0.0498046875
2 0.78125 0.5947265625 0.798828125 0.6201171875 0.802734375 0.6396484375 0.8310546875 0.66015625 0.8466796875 0.68359375 0.8701171875 0.6796875 0.88671875 0.6611328125 0.8857421875 0.654296875 0.87890625 0.6376953125 0.849609375 0.6181640625 0.84765625 0.6025390625 0.857421875 0.5927734375 0.859375 0.5751953125 0.8486328125 0.564453125 0.8291015625 0.556640625 0.8173828125 0.56640625 0.78125 0.5771484375 0.78125 0.5947265625
2 0.9423828125 0.3828125 0.9208984375 0.384765625 0.908203125 0.3974609375 0.912109375 0.4208984375 0.9345703125 0.431640625 0.9541015625 0.4296875 0.9599609375 0.41015625 0.955078125 0.3935546875 0.9423828125 0.3828125
2 0.64453125 0.3740234375 0.642578125 0.3857421875 0.6630859375 0.3984375 0.677734375 0.3876953125 0.6767578125 0.373046875 0.6669921875 0.361328125 0.6572265625 0.361328125 0.64453125 0.3740234375
2 0.5712890625 0.984375 0.5830078125 0.984375 0.5986328125 0.9609375 0.6083984375 0.970703125 0.6318359375 0.966796875 0.642578125 0.9541015625 0.6435546875 0.919921875 0.6328125 0.8935546875 0.6181640625 0.87890625 0.6005859375 0.869140625 0.5615234375 0.8671875 0.556640625 0.8857421875 0.5732421875 0.89453125 0.58203125 0.9091796875 0.552734375 0.9345703125 0.55859375 0.9736328125 0.5712890625 0.984375
2 0.0498046875 0.76171875 0.033203125 0.7783203125 0.03125 0.7978515625 0.0537109375 0.82421875 0.0673828125 0.82421875 0.0859375 0.8017578125 0.0849609375 0.7890625 0.0673828125 0.763671875 0.0498046875 0.76171875