2 0.1064453125 0 0.041015625 0.0009765625 0.0390625 0.0146484375 0.0556640625 0.041015625 0.08203125 0.0400390625 0.103515625 0.0263671875 0.1064453125 0
2 0.06640625 0.2646484375 0.0625 0.2880859375 0.0751953125 0.310546875 0.115234375 0.3154296875 0.138671875 0.2802734375 0.138671875 0.2666015625 0.119140625 0.2490234375 0.1103515625 0.228515625 0.0927734375 0.2265625 0.083984375 0.2353515625 0.08203125 0.2490234375 0.06640625 0.2646484375
2 0.3681640625 0.337890625 0.39453125 0.3466796875 0.41796875 0.3173828125 0.423828125 0.2900390625 0.3994140625 0.2734375 0.3818359375 0.271484375 0.3681640625 0.275390625 0.35546875 0.2900390625 0.3515625 0.3154296875 0.3681640625 0.337890625
2 0.431640625 0.4404296875 0.4462890625 0.45703125 0.458984375 0.4560546875 0.4912109375 0.453125 0.49609375 0.4482421875 0.494140625 0.4306640625 0.4775390625 0.40625 0.4384765625 0.400390625 0.42578125 0.4111328125 0.435546875 0.4306640625 0.431640625 0.4404296875
2 0.830078125 0.2294921875 0.830078125 0.2666015625 0.822265625 0.2822265625 0.8349609375 0.30078125 0.85546875 0.3095703125 0.880859375 0.2958984375 0.87109375 0.2802734375 0.87109375 0.2666015625 0.8984375 0.2587890625 0.896484375 0.2021484375 0.8720703125 0.1875 0.83984375 0.2099609375 0.830078125 0.2294921875
2 0.884765625 0.8759765625 0.91015625 0.8603515625 0.912109375 0.8330078125 0.9013671875 0.822265625 0.8720703125 0.814453125 0.857421875 0.8251953125 0.8515625 0.8544921875 0.8720703125 0.876953125 0.884765625 0.8759765625
2 0.068359375 0.8876953125 0.068359375 0.8681640625 0.0419921875 0.845703125 0.0166015625 0.849609375 0.0078125 0.8759765625 0.013671875 0.8974609375 0.052734375 0.9052734375 0.068359375 0.8876953125
2 0.056640625 0.7216796875 0.0771484375 0.712890625 0.10546875 0.6767578125 0.0966796875 0.666015625 0.0654296875 0.65234375 0.0400390625 0.65625 0.025390625 0.6806640625 0.02734375 0.7197265625 0.056640625 0.7216796875
2 0.548828125 0.7294921875 0.57421875 0.7138671875 0.57421875 0.6845703125 0.5595703125 0.66796875 0.5263671875 0.662109375 0.51953125 0.6689453125 0.5234375 0.7216796875 0.5283203125 0.728515625 0.548828125 0.7294921875
2 0.52734375 0.8798828125 0.5107421875 0.861328125 0.5009765625 0.85546875 0.484375 0.8603515625 0.482421875 0.8759765625 0.4892578125 0.884765625 0.521484375 0.8896484375 0.52734375 0.8798828125
2 0.9111328125 0.943359375 0.9140625 0.9326171875 0.8916015625 0.91796875 0.8486328125 0.919921875 0.833984375 0.9306640625 0.8466796875 0.94140625 0.876953125 0.9443359375 0.9111328125 0.943359375
2 0.8857421875 0.462890625 0.91015625 0.4716796875 0.9345703125 0.44921875 0.95703125 0.4462890625 0.9384765625 0.41015625 0.9033203125 0.39453125 0.873046875 0.4150390625 0.865234375 0.4287109375 0.865234375 0.4462890625 0.8857421875 0.462890625