2 0.8271484375 0.052734375 0.80859375 0.0693359375 0.810546875 0.0830078125 0.8330078125 0.109375 0.8564453125 0.109375 0.8720703125 0.099609375 0.88671875 0.0712890625 0.8759765625 0.052734375 0.845703125 0.0478515625 0.8271484375 0.052734375
2 0.5986328125 0.08203125 0.576171875 0.1025390625 0.58203125 0.1337890625 0.5927734375 0.146484375 0.6318359375 0.142578125 0.646484375 0.1181640625 0.642578125 0.0927734375 0.6240234375 0.076171875 0.615234375 0.0771484375 0.5986328125 0.08203125
2 0.162109375 0.3544921875 0.1669921875 0.369140625 0.1982421875 0.38671875 0.2265625 0.3564453125 0.228515625 0.3369140625 0.2177734375 0.318359375 0.1875 0.3134765625 0.16796875 0.3232421875 0.162109375 0.3544921875
2 0.412109375 0.5302734375 0.4208984375 0.5390625 0.4423828125 0.541015625 0.46875 0.5205078125 0.46875 0.4892578125 0.4638671875 0.482421875 0.42578125 0.4775390625 0.41015625 0.5009765625 0.412109375 0.5302734375
2 0.59765625 0.5107421875 0.6220703125 0.529296875 0.6455078125 0.529296875 0.66015625 0.5126953125 0.6640625 0.4912109375 0.6416015625 0.4609375 0.630859375 0.4599609375 0.603515625 0.4814453125 0.59765625 0.5107421875
2 0.6298828125 0.59765625 0.62109375 0.6162109375 0.623046875 0.6318359375 0.6435546875 0.646484375 0.6767578125 0.640625 0.69140625 0.6201171875 0.69140625 0.6064453125 0.677734375 0.5869140625 0.658203125 0.5849609375 0.6298828125 0.59765625
2 0.734375 0.7060546875 0.73046875 0.7412109375 0.7353515625 0.748046875 0.7685546875 0.751953125 0.798828125 0.7197265625 0.7822265625 0.697265625 0.7578125 0.6943359375 0.7431640625 0.697265625 0.734375 0.7060546875
2 0.916015625 0.7529296875 0.91796875 0.7822265625 0.9423828125 0.802734375 0.9736328125 0.796875 0.994140625 0.7705078125 0.984375 0.7392578125 0.951171875 0.7236328125 0.9404296875 0.7265625 0.916015625 0.7529296875
2 0.861328125 0.9716796875 0.869140625 0.9931640625 0.8876953125 1 0.916015625 0.9775390625 0.919921875 0.9541015625 0.8994140625 0.935546875 0.87890625 0.9365234375 0.865234375 0.9482421875 0.861328125 0.9716796875
2 0.6982421875 0.982421875 0.6845703125 0.974609375 0.671875 0.9755859375 0.654296875 0.9853515625 0.6494140625 1 0.70703125 0.9990234375 0.6982421875 0.982421875
2 0.470703125 0.9814453125 0.4560546875 0.96875 0.435546875 0.9658203125 0.40625 0.9833984375 0.404296875 0.9990234375 0.4677734375 1 0.470703125 0.9814453125
2 0.08203125 0.9111328125 0.0947265625 0.931640625 0.1259765625 0.9375 0.142578125 0.9287109375 0.146484375 0.8994140625 0.1357421875 0.87890625 0.11328125 0.8720703125 0.0859375 0.8896484375 0.08203125 0.9111328125
2 0.2412109375 1 0.24609375 0.9951171875 0.248046875 0.9853515625 0.2353515625 0.962890625 0.19140625 0.9599609375 0.173828125 0.9697265625 0.1689453125 1 0.2412109375 1
2 0.609375 0.9169921875 0.607421875 0.8955078125 0.591796875 0.8916015625 0.572265625 0.9169921875 0.5771484375 0.931640625 0.5947265625 0.931640625 0.609375 0.9169921875
2 0.341796875 0.5087890625 0.33984375 0.5009765625 0.310546875 0.4833984375 0.298828125 0.5146484375 0.3154296875 0.5234375 0.3349609375 0.517578125 0.341796875 0.5087890625
2 0.8037109375 0.26953125 0.8232421875 0.263671875 0.837890625 0.2451171875 0.8271484375 0.236328125 0.810546875 0.2373046875 0.79296875 0.2529296875 0.79296875 0.2626953125 0.8037109375 0.26953125