2 0.46875 0.9990234375 0.490234375 0.9736328125 0.48828125 0.9638671875 0.4736328125 0.947265625 0.4482421875 0.943359375 0.427734375 0.9619140625 0.42578125 0.9833984375 0.4345703125 1 0.46875 0.9990234375
2 0.2333984375 0.833984375 0.2060546875 0.826171875 0.17578125 0.8369140625 0.1865234375 0.876953125 0.224609375 0.8779296875 0.240234375 0.8564453125 0.2333984375 0.833984375
2 0.11328125 0.8017578125 0.1171875 0.7724609375 0.1103515625 0.763671875 0.0791015625 0.76171875 0.0703125 0.7919921875 0.0771484375 0.8046875 0.09375 0.8095703125 0.11328125 0.8017578125
2 0.255859375 0.7412109375 0.2685546875 0.736328125 0.27734375 0.7216796875 0.27734375 0.7060546875 0.2607421875 0.693359375 0.2333984375 0.701171875 0.228515625 0.7119140625 0.234375 0.7373046875 0.255859375 0.7412109375
2 0.439453125 0.6357421875 0.4453125 0.6083984375 0.4267578125 0.59765625 0.4052734375 0.595703125 0.3984375 0.6123046875 0.400390625 0.6279296875 0.423828125 0.6455078125 0.439453125 0.6357421875
2 0.578125 0.7451171875 0.595703125 0.7294921875 0.59765625 0.7041015625 0.5830078125 0.6875 0.5595703125 0.6875 0.54296875 0.7021484375 0.54296875 0.7236328125 0.5517578125 0.73828125 0.578125 0.7451171875
2 0.701171875 0.8603515625 0.697265625 0.8369140625 0.6845703125 0.828125 0.6552734375 0.833984375 0.650390625 0.8583984375 0.6669921875 0.873046875 0.685546875 0.8740234375 0.701171875 0.8603515625
2 0.712890625 0.5537109375 0.736328125 0.5400390625 0.73828125 0.5263671875 0.7294921875 0.513671875 0.7119140625 0.5078125 0.6953125 0.5166015625 0.689453125 0.5341796875 0.7021484375 0.552734375 0.712890625 0.5537109375
2 0.984375 0.3505859375 0.99609375 0.3369140625 0.994140625 0.3134765625 0.9794921875 0.302734375 0.9501953125 0.306640625 0.939453125 0.3193359375 0.9453125 0.3408203125 0.9638671875 0.3515625 0.984375 0.3505859375
2 0.505859375 0.3193359375 0.51953125 0.2978515625 0.521484375 0.2744140625 0.5126953125 0.2578125 0.4931640625 0.255859375 0.474609375 0.2666015625 0.47265625 0.2958984375 0.4853515625 0.314453125 0.505859375 0.3193359375
2 0.4296875 0.3154296875 0.431640625 0.2919921875 0.4248046875 0.287109375 0.4033203125 0.291015625 0.396484375 0.2978515625 0.400390625 0.3095703125 0.423828125 0.3212890625 0.4296875 0.3154296875
2 0.294921875 0.5263671875 0.3203125 0.4970703125 0.3203125 0.4814453125 0.2978515625 0.46875 0.2744140625 0.474609375 0.263671875 0.4873046875 0.259765625 0.5068359375 0.2705078125 0.525390625 0.294921875 0.5263671875
2 0.1435546875 0.5546875 0.1572265625 0.5703125 0.177734375 0.5712890625 0.197265625 0.5458984375 0.197265625 0.5244140625 0.1884765625 0.515625 0.1630859375 0.515625 0.1435546875 0.533203125 0.126953125 0.5380859375 0.126953125 0.5478515625 0.1435546875 0.5546875
2 0.138671875 0.2880859375 0.125 0.3095703125 0.126953125 0.3310546875 0.13671875 0.3408203125 0.130859375 0.3486328125 0.1484375 0.3525390625 0.181640625 0.3330078125 0.19140625 0.3037109375 0.203125 0.2978515625 0.2001953125 0.291015625 0.1884765625 0.283203125 0.1748046875 0.2890625 0.12890625 0.2802734375 0.138671875 0.2880859375
2 0.3115234375 0.05859375 0.333984375 0.0615234375 0.345703125 0.0576171875 0.353515625 0.0380859375 0.3515625 0.0263671875 0.3408203125 0.01171875 0.3251953125 0.00390625 0.3115234375 0.005859375 0.296875 0.0380859375 0.3115234375 0.05859375
2 0.677734375 0.3349609375 0.7021484375 0.328125 0.708984375 0.3193359375 0.708984375 0.2939453125 0.6943359375 0.28125 0.6669921875 0.28515625 0.658203125 0.2978515625 0.662109375 0.3310546875 0.677734375 0.3349609375
2 1 0.0791015625 0.9951171875 0.078125 0.978515625 0.0927734375 0.9765625 0.1201171875 0.9892578125 0.130859375 1 0.1318359375 1 0.0791015625