2 0.0751953125 0.083984375 0.0634765625 0.109375 0.06640625 0.1337890625 0.0849609375 0.14453125 0.1162109375 0.138671875 0.126953125 0.1162109375 0.1171875 0.0908203125 0.1025390625 0.08203125 0.0751953125 0.083984375
2 0 0.2392578125 0.0107421875 0.24609375 0.03515625 0.2333984375 0.041015625 0.1923828125 0.0322265625 0.173828125 0.0009765625 0.166015625 0 0.2392578125
2 0 0.4658203125 0.0166015625 0.46875 0.033203125 0.4462890625 0.033203125 0.4267578125 0.0185546875 0.40625 0.0009765625 0.40234375 0 0.4658203125
2 0.0693359375 0.583984375 0.0791015625 0.60546875 0.0927734375 0.609375 0.109375 0.6005859375 0.107421875 0.5888671875 0.0849609375 0.572265625 0.0712890625 0.572265625 0.0693359375 0.583984375
2 0.0234375 0.6669921875 0.0009765625 0.646484375 0.0029296875 0.705078125 0.021484375 0.6904296875 0.0234375 0.6669921875
2 0.0302734375 0.859375 0.0009765625 0.875 0 0.8935546875 0.0283203125 0.91796875 0.0478515625 0.91796875 0.0625 0.9033203125 0.064453125 0.8759765625 0.0517578125 0.86328125 0.0302734375 0.859375
2 0.2197265625 0.916015625 0.2001953125 0.935546875 0.205078125 0.9736328125 0.2314453125 0.9921875 0.2626953125 0.98046875 0.279296875 0.9560546875 0.275390625 0.9404296875 0.2490234375 0.9140625 0.2197265625 0.916015625
2 0.2861328125 0.728515625 0.2626953125 0.728515625 0.251953125 0.7333984375 0.2490234375 0.744140625 0.25 0.7705078125 0.2626953125 0.78515625 0.2802734375 0.79296875 0.302734375 0.7822265625 0.306640625 0.7568359375 0.2958984375 0.734375 0.2861328125 0.728515625
2 0.3955078125 0.623046875 0.3681640625 0.62109375 0.3544921875 0.640625 0.35546875 0.6669921875 0.3662109375 0.68359375 0.3779296875 0.689453125 0.3955078125 0.689453125 0.416015625 0.6708984375 0.412109375 0.6435546875 0.3955078125 0.623046875
2 0.5048828125 0.59765625 0.4873046875 0.59765625 0.4716796875 0.625 0.474609375 0.6474609375 0.4970703125 0.66015625 0.5166015625 0.66015625 0.53515625 0.6396484375 0.53515625 0.6201171875 0.5185546875 0.6015625 0.5048828125 0.59765625
2 0.4814453125 0.408203125 0.4599609375 0.419921875 0.4609375 0.4462890625 0.4775390625 0.466796875 0.517578125 0.4638671875 0.517578125 0.4404296875 0.525390625 0.4248046875 0.5146484375 0.416015625 0.4814453125 0.408203125
2 0.623046875 0.1767578125 0.6181640625 0.1953125 0.6298828125 0.21484375 0.6572265625 0.228515625 0.681640625 0.2158203125 0.6875 0.1923828125 0.6767578125 0.166015625 0.6357421875 0.162109375 0.623046875 0.1767578125
2 0.4794921875 0.310546875 0.478515625 0.3251953125 0.4892578125 0.33984375 0.4970703125 0.33984375 0.517578125 0.3154296875 0.5146484375 0.3046875 0.4912109375 0.296875 0.4794921875 0.310546875
2 0.8837890625 0.57421875 0.8544921875 0.58984375 0.85546875 0.6240234375 0.8759765625 0.642578125 0.8994140625 0.646484375 0.921875 0.6240234375 0.919921875 0.6025390625 0.8994140625 0.576171875 0.8837890625 0.57421875
2 0.9091796875 0.814453125 0.8916015625 0.830078125 0.890625 0.8525390625 0.9130859375 0.880859375 0.9365234375 0.884765625 0.947265625 0.8740234375 0.951171875 0.8369140625 0.9326171875 0.80859375 0.9091796875 0.814453125
2 0.8291015625 0.650390625 0.8154296875 0.654296875 0.814453125 0.6650390625 0.8291015625 0.6796875 0.8369140625 0.681640625 0.84375 0.6748046875 0.845703125 0.6630859375 0.8408203125 0.658203125 0.8291015625 0.650390625
2 0.734375 0.8173828125 0.7568359375 0.8359375 0.76171875 0.8310546875 0.76171875 0.8056640625 0.7470703125 0.79296875 0.7333984375 0.794921875 0.734375 0.8173828125