2 0.87890625 0.8818359375 0.869140625 0.8603515625 0.8525390625 0.853515625 0.8291015625 0.857421875 0.8173828125 0.87890625 0.8310546875 0.912109375 0.8642578125 0.908203125 0.87890625 0.8818359375
2 0.8916015625 0.068359375 0.919921875 0.0439453125 0.92578125 0.0068359375 0.9208984375 0.001953125 0.8779296875 0.00390625 0.853515625 0.0224609375 0.8525390625 0.044921875 0.8681640625 0.068359375 0.8916015625 0.068359375
2 0.6552734375 0.068359375 0.666015625 0.1025390625 0.6826171875 0.10546875 0.712890625 0.0791015625 0.7265625 0.0556640625 0.7265625 0.0322265625 0.7177734375 0.025390625 0.6826171875 0.025390625 0.6669921875 0.033203125 0.654296875 0.0478515625 0.6552734375 0.068359375
2 0.5146484375 0.125 0.5322265625 0.12109375 0.568359375 0.0966796875 0.572265625 0.0771484375 0.5263671875 0.060546875 0.5 0.0830078125 0.4990234375 0.10546875 0.501953125 0.1181640625 0.5146484375 0.125
2 0.232421875 0.0927734375 0.2333984375 0.107421875 0.2529296875 0.12109375 0.2626953125 0.13671875 0.2783203125 0.140625 0.31640625 0.1123046875 0.314453125 0.0849609375 0.310546875 0.0751953125 0.2958984375 0.06640625 0.2705078125 0.06640625 0.2490234375 0.087890625 0.232421875 0.0927734375
2 0.2744140625 0.3984375 0.283203125 0.4169921875 0.2998046875 0.423828125 0.3212890625 0.416015625 0.3388671875 0.400390625 0.3486328125 0.400390625 0.3515625 0.3916015625 0.3212890625 0.35546875 0.3056640625 0.3515625 0.27734375 0.3681640625 0.2744140625 0.3984375
2 0.1865234375 0.876953125 0.2001953125 0.8984375 0.2626953125 0.90234375 0.2666015625 0.8828125 0.2939453125 0.884765625 0.314453125 0.8525390625 0.2861328125 0.8203125 0.2646484375 0.83203125 0.2275390625 0.83203125 0.1953125 0.8564453125 0.1865234375 0.876953125
2 0.40625 0.8837890625 0.396484375 0.9033203125 0.3974609375 0.9140625 0.40234375 0.9541015625 0.4150390625 0.9609375 0.4521484375 0.9609375 0.45703125 0.9560546875 0.455078125 0.9404296875 0.4716796875 0.931640625 0.484375 0.9150390625 0.4423828125 0.8671875 0.4306640625 0.8671875 0.40625 0.8837890625
2 0.1044921875 0.06640625 0.087890625 0.0712890625 0.0888671875 0.0859375 0.0986328125 0.095703125 0.123046875 0.0888671875 0.1171875 0.0751953125 0.1044921875 0.06640625
2 0.0576171875 0.1640625 0.0791015625 0.173828125 0.0859375 0.1533203125 0.0654296875 0.14453125 0.056640625 0.1533203125 0.0576171875 0.1640625
2 0.0126953125 0.033203125 0 0.0400390625 0.0009765625 0.109375 0.0283203125 0.103515625 0.04296875 0.0810546875 0.041015625 0.0556640625 0.0126953125 0.033203125
2 0.8759765625 0.484375 0.8583984375 0.486328125 0.8564453125 0.501953125 0.8759765625 0.525390625 0.890625 0.5185546875 0.88671875 0.4970703125 0.8759765625 0.484375