2 0.3505859375 0.08984375 0.36328125 0.0712890625 0.359375 0.0458984375 0.341796875 0.0263671875 0.3134765625 0.02734375 0.298828125 0.0419921875 0.298828125 0.0693359375 0.3232421875 0.091796875 0.3505859375 0.08984375
2 0.5078125 0.1064453125 0.5146484375 0.126953125 0.537109375 0.1220703125 0.529296875 0.1025390625 0.5078125 0.1064453125
2 0.40625 0.3994140625 0.373046875 0.3740234375 0.3583984375 0.375 0.3515625 0.3896484375 0.3837890625 0.419921875 0.4091796875 0.4296875 0.40625 0.3994140625
2 0.1171875 0.8173828125 0.119140625 0.8037109375 0.095703125 0.7822265625 0.0673828125 0.787109375 0.060546875 0.8095703125 0.0791015625 0.82421875 0.1083984375 0.826171875 0.1171875 0.8173828125
2 0.2734375 0.7392578125 0.2646484375 0.7265625 0.224609375 0.7138671875 0.2119140625 0.71484375 0.20703125 0.7236328125 0.2177734375 0.73828125 0.2412109375 0.744140625 0.2734375 0.7392578125
2 0.1669921875 0.767578125 0.17578125 0.7470703125 0.173828125 0.7373046875 0.1455078125 0.73828125 0.140625 0.7451171875 0.142578125 0.7626953125 0.1513671875 0.76953125 0.1669921875 0.767578125
2 0.138671875 0.7158203125 0.138671875 0.7060546875 0.115234375 0.6982421875 0.0966796875 0.697265625 0.095703125 0.7119140625 0.1162109375 0.7265625 0.1298828125 0.724609375 0.138671875 0.7158203125
2 0.1640625 0.6904296875 0.1455078125 0.666015625 0.1015625 0.6533203125 0.09375 0.6552734375 0.091796875 0.6806640625 0.0966796875 0.685546875 0.1396484375 0.693359375 0.1640625 0.6904296875
2 0.4716796875 0.9921875 0.4765625 0.9833984375 0.470703125 0.9716796875 0.443359375 0.9521484375 0.4365234375 0.951171875 0.4296875 0.9619140625 0.431640625 0.9755859375 0.4541015625 0.990234375 0.4716796875 0.9921875
2 0.453125 0.9228515625 0.45703125 0.9130859375 0.44921875 0.9033203125 0.4306640625 0.90234375 0.42578125 0.9072265625 0.4287109375 0.935546875 0.4404296875 0.935546875 0.453125 0.9228515625
2 0.45703125 0.8291015625 0.44140625 0.8193359375 0.4130859375 0.82421875 0.4140625 0.8369140625 0.4326171875 0.841796875 0.4501953125 0.8359375 0.45703125 0.8291015625
2 0.4296875 0.7978515625 0.4296875 0.7861328125 0.41796875 0.7783203125 0.4091796875 0.77734375 0.400390625 0.7861328125 0.4033203125 0.80078125 0.4228515625 0.802734375 0.4296875 0.7978515625
2 0.53125 0.2470703125 0.5390625 0.2236328125 0.53515625 0.2119140625 0.5068359375 0.2109375 0.498046875 0.2158203125 0.4990234375 0.2578125 0.5185546875 0.2578125 0.53125 0.2470703125
2 0.306640625 0.7177734375 0.2890625 0.6943359375 0.2626953125 0.6953125 0.2578125 0.7060546875 0.2666015625 0.71875 0.2939453125 0.732421875 0.306640625 0.7177734375
2 0.765625 0.4482421875 0.751953125 0.4404296875 0.7353515625 0.44140625 0.71875 0.4658203125 0.7392578125 0.46875 0.7646484375 0.45703125 0.765625 0.4482421875
2 0.6669921875 0.595703125 0.6884765625 0.60546875 0.7080078125 0.603515625 0.72265625 0.5947265625 0.73046875 0.5810546875 0.7265625 0.5673828125 0.73828125 0.5595703125 0.736328125 0.5322265625 0.7236328125 0.517578125 0.7060546875 0.515625 0.693359375 0.5068359375 0.6533203125 0.513671875 0.638671875 0.5263671875 0.62890625 0.5732421875 0.6396484375 0.59765625 0.6669921875 0.595703125
2 0.8837890625 0.53515625 0.91015625 0.5205078125 0.91015625 0.4736328125 0.880859375 0.4677734375 0.8642578125 0.46875 0.845703125 0.4990234375 0.849609375 0.5224609375 0.8701171875 0.53515625 0.8837890625 0.53515625
2 0.3271484375 0.314453125 0.33203125 0.2919921875 0.32421875 0.2744140625 0.30859375 0.2607421875 0.2998046875 0.259765625 0.29296875 0.2666015625 0.29296875 0.2841796875 0.3115234375 0.310546875 0.3271484375 0.314453125
2 0.2490234375 0.208984375 0.2861328125 0.22265625 0.287109375 0.1591796875 0.279296875 0.1533203125 0.2646484375 0.154296875 0.2578125 0.1728515625 0.2421875 0.1787109375 0.2421875 0.1982421875 0.2490234375 0.208984375
2 0.49609375 0.8017578125 0.474609375 0.7919921875 0.466796875 0.7939453125 0.470703125 0.8310546875 0.4814453125 0.837890625 0.4990234375 0.8359375 0.49609375 0.8017578125