2 0.1083984375 0.17578125 0.0810546875 0.17578125 0.0595703125 0.19140625 0.064453125 0.2099609375 0.0771484375 0.21875 0.1025390625 0.21484375 0.119140625 0.1943359375 0.1083984375 0.17578125
2 0.2412109375 0.2578125 0.2177734375 0.265625 0.2041015625 0.27734375 0.2197265625 0.287109375 0.2353515625 0.28515625 0.2607421875 0.275390625 0.271484375 0.2607421875 0.2412109375 0.2578125
2 0.306640625 0.2802734375 0.2880859375 0.26953125 0.2646484375 0.28125 0.2470703125 0.302734375 0.2509765625 0.310546875 0.2861328125 0.30859375 0.306640625 0.2802734375
2 0.4228515625 0.197265625 0.4072265625 0.197265625 0.4013671875 0.203125 0.400390625 0.2138671875 0.4091796875 0.22265625 0.4208984375 0.220703125 0.431640625 0.2099609375 0.4228515625 0.197265625
2 0.4423828125 0.181640625 0.4609375 0.1708984375 0.4462890625 0.1640625 0.4130859375 0.16796875 0.4150390625 0.177734375 0.4306640625 0.181640625 0.4423828125 0.181640625
2 0.541015625 0.1708984375 0.541015625 0.1630859375 0.5205078125 0.166015625 0.5009765625 0.181640625 0.5009765625 0.19140625 0.5166015625 0.189453125 0.541015625 0.1708984375
2 0.466796875 0.1904296875 0.4462890625 0.208984375 0.4580078125 0.21484375 0.4892578125 0.203125 0.498046875 0.1689453125 0.4853515625 0.166015625 0.4921875 0.1708984375 0.4716796875 0.171875 0.466796875 0.1904296875
2 0.4541015625 0.009765625 0.4384765625 0.017578125 0.4306640625 0.03125 0.43359375 0.0458984375 0.4443359375 0.048828125 0.466796875 0.0341796875 0.4765625 0.0126953125 0.4541015625 0.009765625
2 0.427734375 0.0654296875 0.4248046875 0.0859375 0.42578125 0.0947265625 0.4365234375 0.099609375 0.4521484375 0.09765625 0.455078125 0.0908203125 0.447265625 0.0693359375 0.4384765625 0.064453125 0.427734375 0.0654296875
2 0.5 0.7841796875 0.5361328125 0.787109375 0.529296875 0.7548828125 0.5146484375 0.7421875 0.4970703125 0.744140625 0.5 0.7841796875
2 0.41015625 0.5751953125 0.3896484375 0.578125 0.3525390625 0.61328125 0.353515625 0.6220703125 0.3642578125 0.62890625 0.3916015625 0.6171875 0.40625 0.6005859375 0.41015625 0.5751953125
2 0.2998046875 0.935546875 0.298828125 0.9521484375 0.3095703125 0.966796875 0.3408203125 0.970703125 0.353515625 0.9638671875 0.365234375 0.9306640625 0.3544921875 0.91015625 0.3251953125 0.908203125 0.306640625 0.9208984375 0.2998046875 0.935546875
2 0.2451171875 0.79296875 0.2412109375 0.8046875 0.240234375 0.8212890625 0.2578125 0.8291015625 0.2666015625 0.84765625 0.287109375 0.8427734375 0.2880859375 0.77734375 0.2763671875 0.77734375 0.2451171875 0.79296875
2 0.3134765625 0.6875 0.2919921875 0.71875 0.29296875 0.7353515625 0.2998046875 0.7421875 0.3095703125 0.740234375 0.330078125 0.7158203125 0.33203125 0.6923828125 0.3232421875 0.685546875 0.3134765625 0.6875
2 0.17578125 0.2626953125 0.1611328125 0.23046875 0.1474609375 0.232421875 0.1396484375 0.24609375 0.140625 0.2568359375 0.1494140625 0.263671875 0.17578125 0.2626953125
2 0.1259765625 0.275390625 0.1123046875 0.275390625 0.0927734375 0.2890625 0.091796875 0.3017578125 0.1005859375 0.3046875 0.1357421875 0.294921875 0.13671875 0.2841796875 0.1259765625 0.275390625
2 0.0625 0.2607421875 0.0498046875 0.25 0.0263671875 0.26171875 0.025390625 0.2763671875 0.0400390625 0.283203125 0.0556640625 0.283203125 0.064453125 0.2724609375 0.0625 0.2607421875
2 0.763671875 0.5517578125 0.7626953125 0.544921875 0.7392578125 0.53515625 0.7216796875 0.537109375 0.7392578125 0.560546875 0.7568359375 0.55859375 0.763671875 0.5517578125
2 0.697265625 0.4345703125 0.6953125 0.4228515625 0.6845703125 0.4140625 0.6669921875 0.423828125 0.6728515625 0.443359375 0.6884765625 0.443359375 0.697265625 0.4345703125
2 0.724609375 0.7333984375 0.7392578125 0.75390625 0.7626953125 0.76171875 0.7890625 0.7529296875 0.80859375 0.7099609375 0.80859375 0.6884765625 0.7841796875 0.662109375 0.7451171875 0.666015625 0.728515625 0.6826171875 0.7236328125 0.697265625 0.724609375 0.7333984375
2 0.884765625 0.1318359375 0.87890625 0.1025390625 0.8642578125 0.099609375 0.8486328125 0.107421875 0.8515625 0.1416015625 0.8759765625 0.146484375 0.884765625 0.1318359375
2 0.9755859375 0.03125 0.99609375 0.0146484375 0.9814453125 0.009765625 0.9267578125 0.025390625 0.9287109375 0.037109375 0.9443359375 0.0390625 0.9755859375 0.03125
2 0.533203125 0.8935546875 0.53515625 0.8759765625 0.5166015625 0.87109375 0.5068359375 0.8828125 0.505859375 0.8935546875 0.5224609375 0.900390625 0.533203125 0.8935546875
2 0.3232421875 0.046875 0.3251953125 0.056640625 0.3408203125 0.056640625 0.3857421875 0.046875 0.396484375 0.0380859375 0.396484375 0.0302734375 0.3837890625 0.017578125 0.3623046875 0.01171875 0.3408203125 0.0234375 0.3232421875 0.046875
2 0.3349609375 0.1015625 0.3583984375 0.09765625 0.361328125 0.0888671875 0.3408203125 0.08203125 0.3232421875 0.09375 0.3349609375 0.1015625
2 0.8447265625 0.494140625 0.85546875 0.5205078125 0.8681640625 0.533203125 0.9013671875 0.53125 0.908203125 0.5224609375 0.90625 0.4794921875 0.8935546875 0.470703125 0.8662109375 0.466796875 0.849609375 0.4794921875 0.8447265625 0.494140625