2 0.7919921875 0.10546875 0.7802734375 0.080078125 0.7548828125 0.076171875 0.7373046875 0.083984375 0.732421875 0.0888671875 0.734375 0.1357421875 0.7392578125 0.140625 0.7744140625 0.142578125 0.791015625 0.1181640625 0.7919921875 0.10546875
2 0.9990234375 0.01171875 0.9794921875 0.01171875 0.962890625 0.0244140625 0.96484375 0.0595703125 0.9755859375 0.0703125 1 0.0712890625 0.9990234375 0.01171875
2 0.5439453125 0.17578125 0.5361328125 0.15625 0.5146484375 0.154296875 0.49609375 0.1689453125 0.490234375 0.1923828125 0.5048828125 0.2109375 0.5244140625 0.216796875 0.54296875 0.1943359375 0.5439453125 0.17578125
2 0.5712890625 0.251953125 0.5615234375 0.23828125 0.5419921875 0.228515625 0.5283203125 0.23046875 0.517578125 0.2431640625 0.52734375 0.2724609375 0.5458984375 0.283203125 0.5703125 0.2763671875 0.5712890625 0.251953125
2 0.7080078125 0.427734375 0.6884765625 0.40625 0.6630859375 0.408203125 0.650390625 0.4287109375 0.658203125 0.4619140625 0.6689453125 0.470703125 0.6982421875 0.46484375 0.708984375 0.4462890625 0.7080078125 0.427734375
2 0.6748046875 0.943359375 0.671875 0.9306640625 0.6591796875 0.91796875 0.6357421875 0.919921875 0.6171875 0.9326171875 0.6171875 0.9658203125 0.6357421875 0.978515625 0.6572265625 0.982421875 0.67578125 0.9619140625 0.6748046875 0.943359375
2 0.8173828125 0.970703125 0.80078125 0.9443359375 0.7861328125 0.9375 0.7626953125 0.94140625 0.75 0.9560546875 0.75390625 0.9833984375 0.7705078125 0.99609375 0.7998046875 0.994140625 0.818359375 0.9775390625 0.8173828125 0.970703125
2 0.9853515625 0.9375 0.9697265625 0.91796875 0.9404296875 0.919921875 0.931640625 0.9306640625 0.9375 0.9658203125 0.9482421875 0.97265625 0.9794921875 0.96875 0.986328125 0.9619140625 0.9853515625 0.9375
2 0.8681640625 0.689453125 0.8525390625 0.66015625 0.8232421875 0.66796875 0.81640625 0.6826171875 0.8125 0.7255859375 0.8349609375 0.732421875 0.8564453125 0.7265625 0.869140625 0.7099609375 0.8681640625 0.689453125
2 0.4560546875 0.736328125 0.451171875 0.7236328125 0.4365234375 0.71484375 0.4130859375 0.71484375 0.400390625 0.7255859375 0.40234375 0.7509765625 0.4208984375 0.76953125 0.4462890625 0.763671875 0.455078125 0.7529296875 0.4560546875 0.736328125
2 0.4580078125 0.951171875 0.4443359375 0.935546875 0.4169921875 0.935546875 0.404296875 0.9482421875 0.404296875 0.9716796875 0.4228515625 0.990234375 0.4443359375 0.990234375 0.455078125 0.9775390625 0.4580078125 0.951171875
2 0.3173828125 0.748046875 0.3017578125 0.734375 0.2763671875 0.73828125 0.263671875 0.7509765625 0.265625 0.7802734375 0.2802734375 0.79296875 0.3037109375 0.79296875 0.318359375 0.7685546875 0.3173828125 0.748046875
2 0.1923828125 0.810546875 0.1806640625 0.791015625 0.1474609375 0.7890625 0.1328125 0.8076171875 0.134765625 0.8291015625 0.1533203125 0.845703125 0.1708984375 0.84765625 0.189453125 0.8291015625 0.1923828125 0.810546875
2 0.1298828125 0.6875 0.1240234375 0.677734375 0.0927734375 0.67578125 0.078125 0.7080078125 0.0908203125 0.71875 0.1123046875 0.71875 0.125 0.7099609375 0.1298828125 0.6875
2 0.3037109375 0.443359375 0.2939453125 0.427734375 0.2763671875 0.421875 0.2548828125 0.427734375 0.24609375 0.4462890625 0.255859375 0.4697265625 0.2763671875 0.478515625 0.30078125 0.4677734375 0.3037109375 0.443359375
2 0.4755859375 0.611328125 0.47265625 0.5966796875 0.4619140625 0.58984375 0.447265625 0.6064453125 0.4453125 0.6181640625 0.4560546875 0.630859375 0.4736328125 0.6328125 0.4755859375 0.611328125
2 0.0244140625 0.646484375 0.0166015625 0.634765625 0.0009765625 0.630859375 0 0.6669921875 0.0185546875 0.669921875 0.025390625 0.6591796875 0.0244140625 0.646484375
2 0.1240234375 0.318359375 0.1142578125 0.3046875 0.0830078125 0.30859375 0.07421875 0.3251953125 0.076171875 0.3525390625 0.0908203125 0.361328125 0.1142578125 0.359375 0.125 0.3408203125 0.1240234375 0.318359375
2 0.0712890625 0.19140625 0.0595703125 0.17578125 0.0361328125 0.169921875 0.015625 0.1923828125 0.013671875 0.2197265625 0.0224609375 0.228515625 0.0498046875 0.232421875 0.072265625 0.2080078125 0.0712890625 0.19140625
2 0.1982421875 0.0078125 0.1962890625 0 0.140625 0.0009765625 0.14453125 0.0263671875 0.1591796875 0.041015625 0.1904296875 0.037109375 0.197265625 0.0302734375 0.1982421875 0.0078125
2 0.4912109375 0 0.435546875 0.0029296875 0.4501953125 0.021484375 0.4814453125 0.021484375 0.4921875 0.0126953125 0.4912109375 0
2 0.6181640625 0.09765625 0.5908203125 0.076171875 0.580078125 0.0908203125 0.6005859375 0.130859375 0.61328125 0.1220703125 0.6181640625 0.09765625
2 0.7861328125 0.3203125 0.7705078125 0.3046875 0.7548828125 0.3046875 0.7412109375 0.3125 0.736328125 0.3173828125 0.736328125 0.3505859375 0.7548828125 0.361328125 0.7763671875 0.359375 0.787109375 0.3466796875 0.7861328125 0.3203125