2 0.0419921875 0.8203125 0.0283203125 0.80078125 0.0048828125 0.80078125 0 0.8095703125 0.001953125 0.8564453125 0.0185546875 0.857421875 0.0361328125 0.849609375 0.0419921875 0.8203125
2 0.2333984375 0.947265625 0.2099609375 0.927734375 0.1845703125 0.927734375 0.169921875 0.9580078125 0.1884765625 0.98046875 0.2177734375 0.986328125 0.232421875 0.9697265625 0.2333984375 0.947265625
2 0.3525390625 0.923828125 0.36328125 0.9091796875 0.3623046875 0.88671875 0.3388671875 0.873046875 0.3095703125 0.876953125 0.30078125 0.8857421875 0.3046875 0.9111328125 0.3212890625 0.923828125 0.3525390625 0.923828125
2 0.4677734375 0.744140625 0.478515625 0.7314453125 0.4775390625 0.712890625 0.4638671875 0.6953125 0.4365234375 0.697265625 0.423828125 0.7138671875 0.427734375 0.7431640625 0.4384765625 0.751953125 0.4677734375 0.744140625
2 0.2216796875 0.47265625 0.1884765625 0.453125 0.1650390625 0.455078125 0.15625 0.4619140625 0.15625 0.4912109375 0.1884765625 0.509765625 0.20703125 0.5009765625 0.2216796875 0.47265625
2 0.2587890625 0.48046875 0.27734375 0.4677734375 0.2822265625 0.44921875 0.2763671875 0.427734375 0.2509765625 0.427734375 0.234375 0.4423828125 0.228515625 0.4697265625 0.2451171875 0.482421875 0.2587890625 0.48046875
2 0.1376953125 0.265625 0.142578125 0.2607421875 0.1435546875 0.224609375 0.1181640625 0.20703125 0.0888671875 0.2109375 0.078125 0.2314453125 0.080078125 0.2529296875 0.0927734375 0.265625 0.1376953125 0.265625
2 0.1337890625 0.39453125 0.1123046875 0.380859375 0.0986328125 0.380859375 0.078125 0.4013671875 0.078125 0.4130859375 0.0966796875 0.41796875 0.1279296875 0.404296875 0.1337890625 0.39453125
2 0.0146484375 0 0.01171875 0.0166015625 0.0244140625 0.03515625 0.0595703125 0.03515625 0.072265625 0.0224609375 0.0732421875 0 0.0146484375 0
2 0.3466796875 0.263671875 0.361328125 0.2470703125 0.3623046875 0.23046875 0.3486328125 0.212890625 0.3232421875 0.208984375 0.306640625 0.2216796875 0.3046875 0.2451171875 0.3212890625 0.263671875 0.3466796875 0.263671875
2 0.4619140625 0.341796875 0.470703125 0.3310546875 0.4697265625 0.310546875 0.4560546875 0.29296875 0.4287109375 0.291015625 0.408203125 0.3076171875 0.408203125 0.3349609375 0.4287109375 0.34765625 0.4619140625 0.341796875
2 0.4990234375 0.359375 0.48828125 0.3759765625 0.5087890625 0.37890625 0.5341796875 0.3671875 0.5361328125 0.359375 0.5185546875 0.34765625 0.4990234375 0.359375
2 0.6865234375 0.18359375 0.7255859375 0.185546875 0.7314453125 0.15234375 0.7138671875 0.130859375 0.7001953125 0.12890625 0.650390625 0.1435546875 0.6640625 0.1572265625 0.66796875 0.1748046875 0.6865234375 0.18359375
2 0.58984375 0.5380859375 0.6103515625 0.552734375 0.6201171875 0.552734375 0.6328125 0.5380859375 0.6318359375 0.5234375 0.5986328125 0.525390625 0.58984375 0.5380859375
2 0.7685546875 0.560546875 0.7509765625 0.54296875 0.7275390625 0.544921875 0.716796875 0.5615234375 0.720703125 0.5966796875 0.7568359375 0.595703125 0.76953125 0.5791015625 0.7685546875 0.560546875
2 0.7763671875 0.736328125 0.794921875 0.7158203125 0.7939453125 0.697265625 0.7744140625 0.681640625 0.7470703125 0.681640625 0.736328125 0.6943359375 0.73828125 0.7216796875 0.7529296875 0.736328125 0.7763671875 0.736328125
2 0.8291015625 0.865234375 0.845703125 0.8466796875 0.8466796875 0.822265625 0.8251953125 0.806640625 0.7978515625 0.810546875 0.787109375 0.8349609375 0.791015625 0.8544921875 0.8095703125 0.8671875 0.8291015625 0.865234375
2 0.8505859375 0.849609375 0.849609375 0.8251953125 0.8251953125 0.806640625 0.8017578125 0.80859375 0.7890625 0.8193359375 0.7890625 0.8544921875 0.8095703125 0.869140625 0.8232421875 0.869140625 0.8486328125 0.892578125 0.8720703125 0.890625 0.8837890625 0.859375 0.8720703125 0.8515625 0.8505859375 0.849609375
2 0.9716796875 0.595703125 0.9921875 0.5751953125 0.9912109375 0.5546875 0.9697265625 0.541015625 0.9423828125 0.544921875 0.93359375 0.5615234375 0.935546875 0.5849609375 0.9501953125 0.595703125 0.9716796875 0.595703125
2 0.9658203125 0.380859375 0.978515625 0.3642578125 0.9853515625 0.33984375 0.9638671875 0.32421875 0.9384765625 0.32421875 0.9248046875 0.33203125 0.916015625 0.3466796875 0.9326171875 0.380859375 0.9658203125 0.380859375
2 0.9814453125 0.248046875 0.99609375 0.2314453125 0.9970703125 0.20703125 0.9833984375 0.189453125 0.9521484375 0.19140625 0.9375 0.2119140625 0.94140625 0.2353515625 0.9619140625 0.25 0.9814453125 0.248046875
2 0.9619140625 0.064453125 0.970703125 0.0576171875 0.9736328125 0.037109375 0.9638671875 0.013671875 0.9365234375 0.013671875 0.91796875 0.0322265625 0.91796875 0.0537109375 0.9326171875 0.068359375 0.9619140625 0.064453125
2 0.6669921875 1 0.6708984375 0.982421875 0.6494140625 0.97265625 0.634765625 0.9833984375 0.630859375 0.9990234375 0.6669921875 1