2 0.1318359375 0.150390625 0.142578125 0.1513671875 0.1611328125 0.142578125 0.171875 0.1259765625 0.171875 0.1005859375 0.1630859375 0.09375 0.1416015625 0.095703125 0.12109375 0.1123046875 0.123046875 0.1396484375 0.1318359375 0.150390625
2 0.2744140625 0.140625 0.302734375 0.1396484375 0.318359375 0.1220703125 0.31640625 0.0927734375 0.2958984375 0.078125 0.2626953125 0.08203125 0.251953125 0.0947265625 0.251953125 0.1162109375 0.259765625 0.1337890625 0.2744140625 0.140625
2 0.650390625 0.5869140625 0.671875 0.5927734375 0.6884765625 0.58984375 0.724609375 0.5693359375 0.73046875 0.5517578125 0.73046875 0.5263671875 0.7255859375 0.521484375 0.6826171875 0.51953125 0.65234375 0.5380859375 0.650390625 0.5869140625
2 0.439453125 0.5224609375 0.44140625 0.5458984375 0.4560546875 0.5703125 0.4873046875 0.58203125 0.513671875 0.5810546875 0.5458984375 0.5703125 0.572265625 0.5380859375 0.57421875 0.5009765625 0.5576171875 0.484375 0.5400390625 0.484375 0.5068359375 0.50390625 0.4521484375 0.5078125 0.439453125 0.5224609375
2 0.013671875 0.5302734375 0.0419921875 0.525390625 0.0546875 0.5087890625 0.052734375 0.4814453125 0.0302734375 0.466796875 0.0126953125 0.466796875 0.001953125 0.4794921875 0.00390625 0.5263671875 0.013671875 0.5302734375
2 0.0302734375 0.537109375 0.0244140625 0.537109375 0.01171875 0.5556640625 0.013671875 0.5673828125 0.02734375 0.5712890625 0.0390625 0.5537109375 0.0302734375 0.537109375
2 0.0888671875 0.623046875 0.0751953125 0.625 0.068359375 0.6337890625 0.0703125 0.6474609375 0.083984375 0.6513671875 0.091796875 0.6435546875 0.0888671875 0.623046875
2 0.330078125 0.3369140625 0.3203125 0.3623046875 0.369140625 0.3740234375 0.400390625 0.3505859375 0.40234375 0.3291015625 0.3857421875 0.3203125 0.380859375 0.3076171875 0.3564453125 0.29296875 0.3544921875 0.28515625 0.34375 0.3271484375 0.330078125 0.3369140625
2 0.953125 0.4150390625 0.955078125 0.3916015625 0.9345703125 0.376953125 0.908203125 0.4052734375 0.908203125 0.4228515625 0.9208984375 0.431640625 0.939453125 0.4306640625 0.953125 0.4150390625
2 0.833984375 0.4580078125 0.833984375 0.4365234375 0.8076171875 0.423828125 0.7939453125 0.423828125 0.8046875 0.4560546875 0.8173828125 0.470703125 0.826171875 0.4716796875 0.833984375 0.4580078125
2 0.83203125 0.6259765625 0.8564453125 0.619140625 0.86328125 0.6025390625 0.8544921875 0.587890625 0.8232421875 0.58203125 0.81640625 0.5888671875 0.81640625 0.6123046875 0.8212890625 0.625 0.83203125 0.6259765625
2 0.78125 0.7783203125 0.7919921875 0.7890625 0.8046875 0.7880859375 0.8203125 0.7587890625 0.7802734375 0.75 0.78125 0.7783203125
2 0.8828125 0.6689453125 0.8701171875 0.658203125 0.845703125 0.6611328125 0.8525390625 0.677734375 0.873046875 0.6787109375 0.8818359375 0.67578125 0.8828125 0.6689453125
2 0.013671875 0.9443359375 0.017578125 0.9775390625 0.029296875 0.9814453125 0.04296875 0.9638671875 0.04296875 0.9541015625 0.03125 0.9423828125 0.0234375 0.9189453125 0.0146484375 0.912109375 0.0048828125 0.9140625 0.001953125 0.9248046875 0.013671875 0.9443359375
2 0.064453125 0.4306640625 0.0302734375 0.427734375 0.02734375 0.4560546875 0.0458984375 0.470703125 0.052734375 0.4697265625 0.06640625 0.4443359375 0.064453125 0.4306640625
2 0.69140625 0.2587890625 0.693359375 0.2392578125 0.6865234375 0.228515625 0.6708984375 0.2265625 0.65234375 0.2412109375 0.640625 0.2705078125 0.65625 0.2724609375 0.69140625 0.2587890625