2 0.412109375 0.9130859375 0.40234375 0.8876953125 0.3896484375 0.87890625 0.3779296875 0.8828125 0.37890625 0.9208984375 0.3876953125 0.927734375 0.404296875 0.9267578125 0.412109375 0.9130859375
2 0.55078125 0.6181640625 0.56640625 0.6025390625 0.568359375 0.5830078125 0.5634765625 0.57421875 0.5439453125 0.56640625 0.53515625 0.5751953125 0.529296875 0.6064453125 0.5361328125 0.615234375 0.55078125 0.6181640625
2 0.9560546875 0.068359375 0.9755859375 0.072265625 0.978515625 0.0595703125 0.9677734375 0.046875 0.9443359375 0.03515625 0.94140625 0.0517578125 0.951171875 0.0732421875 0.9560546875 0.068359375
2 0.46875 0.2177734375 0.470703125 0.1962890625 0.4599609375 0.1796875 0.4326171875 0.1796875 0.42578125 0.1962890625 0.43359375 0.2197265625 0.451171875 0.2236328125 0.46875 0.2177734375
2 0.544921875 0.2451171875 0.5625 0.2294921875 0.5517578125 0.20703125 0.5087890625 0.203125 0.501953125 0.2080078125 0.5 0.2197265625 0.5087890625 0.23046875 0.5361328125 0.24609375 0.544921875 0.2451171875
2 0.740234375 0.9462890625 0.740234375 0.9248046875 0.7333984375 0.916015625 0.7021484375 0.919921875 0.6953125 0.9267578125 0.7138671875 0.951171875 0.73046875 0.9541015625 0.740234375 0.9462890625
2 0.646484375 0.8466796875 0.650390625 0.8193359375 0.666015625 0.8017578125 0.666015625 0.7880859375 0.6513671875 0.779296875 0.642578125 0.7822265625 0.625 0.8154296875 0.6328125 0.8427734375 0.646484375 0.8466796875
2 0.8955078125 0.505859375 0.935546875 0.5244140625 0.9453125 0.5185546875 0.947265625 0.5009765625 0.9423828125 0.494140625 0.9384765625 0.498046875 0.8955078125 0.478515625 0.884765625 0.4853515625 0.884765625 0.4951171875 0.8955078125 0.505859375
2 0.744140625 0.3017578125 0.7353515625 0.29296875 0.7041015625 0.287109375 0.70703125 0.3173828125 0.72265625 0.3212890625 0.7392578125 0.3125 0.744140625 0.3017578125
2 0.2294921875 0.8984375 0.2138671875 0.900390625 0.21484375 0.9267578125 0.2294921875 0.9375 0.2421875 0.9365234375 0.251953125 0.9091796875 0.2294921875 0.8984375
2 0.310546875 0.9326171875 0.2861328125 0.912109375 0.27734375 0.9423828125 0.2841796875 0.953125 0.3046875 0.9560546875 0.3125 0.9443359375 0.310546875 0.9326171875
2 0.6494140625 0.6796875 0.6455078125 0.697265625 0.60546875 0.7041015625 0.59765625 0.7294921875 0.6064453125 0.7578125 0.6474609375 0.751953125 0.67578125 0.7587890625 0.6806640625 0.732421875 0.6923828125 0.732421875 0.6982421875 0.724609375 0.7197265625 0.724609375 0.73046875 0.7158203125 0.6943359375 0.69921875 0.6748046875 0.673828125 0.6494140625 0.6796875