2 0.6494140625 0.91015625 0.63671875 0.9287109375 0.640625 0.9541015625 0.658203125 0.9736328125 0.6865234375 0.97265625 0.701171875 0.9580078125 0.701171875 0.9306640625 0.6767578125 0.908203125 0.6494140625 0.91015625
2 0.4921875 0.8935546875 0.4853515625 0.873046875 0.462890625 0.8779296875 0.470703125 0.8974609375 0.4921875 0.8935546875
2 0.59375 0.6005859375 0.626953125 0.6259765625 0.6416015625 0.625 0.6484375 0.6103515625 0.6162109375 0.580078125 0.5908203125 0.5703125 0.59375 0.6005859375
2 0.8828125 0.1826171875 0.880859375 0.1962890625 0.904296875 0.2177734375 0.9326171875 0.212890625 0.939453125 0.1904296875 0.9208984375 0.17578125 0.8916015625 0.173828125 0.8828125 0.1826171875
2 0.7265625 0.2607421875 0.7353515625 0.2734375 0.775390625 0.2861328125 0.7880859375 0.28515625 0.79296875 0.2763671875 0.7822265625 0.26171875 0.7587890625 0.255859375 0.7265625 0.2607421875
2 0.8330078125 0.232421875 0.82421875 0.2529296875 0.826171875 0.2626953125 0.8544921875 0.26171875 0.859375 0.2548828125 0.857421875 0.2373046875 0.8486328125 0.23046875 0.8330078125 0.232421875
2 0.861328125 0.2841796875 0.861328125 0.2939453125 0.884765625 0.3017578125 0.9033203125 0.302734375 0.904296875 0.2880859375 0.8837890625 0.2734375 0.8701171875 0.275390625 0.861328125 0.2841796875
2 0.8359375 0.3095703125 0.8544921875 0.333984375 0.8984375 0.3466796875 0.90625 0.3447265625 0.908203125 0.3193359375 0.9033203125 0.314453125 0.8603515625 0.306640625 0.8359375 0.3095703125
2 0.5283203125 0.0078125 0.5234375 0.0166015625 0.529296875 0.0283203125 0.556640625 0.0478515625 0.5634765625 0.048828125 0.5703125 0.0380859375 0.568359375 0.0244140625 0.5458984375 0.009765625 0.5283203125 0.0078125
2 0.546875 0.0771484375 0.54296875 0.0869140625 0.55078125 0.0966796875 0.5693359375 0.09765625 0.57421875 0.0927734375 0.5712890625 0.064453125 0.5595703125 0.064453125 0.546875 0.0771484375
2 0.54296875 0.1708984375 0.55859375 0.1806640625 0.5869140625 0.17578125 0.5859375 0.1630859375 0.5673828125 0.158203125 0.5498046875 0.1640625 0.54296875 0.1708984375
2 0.5703125 0.2021484375 0.5703125 0.2138671875 0.58203125 0.2216796875 0.5908203125 0.22265625 0.599609375 0.2138671875 0.5966796875 0.19921875 0.5771484375 0.197265625 0.5703125 0.2021484375
2 0.46875 0.7529296875 0.4609375 0.7763671875 0.46484375 0.7880859375 0.4931640625 0.7890625 0.501953125 0.7841796875 0.5009765625 0.7421875 0.4814453125 0.7421875 0.46875 0.7529296875
2 0.693359375 0.2822265625 0.7109375 0.3056640625 0.7373046875 0.3046875 0.7421875 0.2939453125 0.7333984375 0.28125 0.7060546875 0.267578125 0.693359375 0.2822265625
2 0.234375 0.5517578125 0.248046875 0.5595703125 0.2646484375 0.55859375 0.28125 0.5341796875 0.2607421875 0.53125 0.2353515625 0.54296875 0.234375 0.5517578125
2 0.3330078125 0.404296875 0.3115234375 0.39453125 0.2919921875 0.396484375 0.27734375 0.4052734375 0.26953125 0.4189453125 0.2734375 0.4326171875 0.26171875 0.4404296875 0.263671875 0.4677734375 0.2763671875 0.482421875 0.2939453125 0.484375 0.306640625 0.4931640625 0.3466796875 0.486328125 0.361328125 0.4736328125 0.37109375 0.4267578125 0.3603515625 0.40234375 0.3330078125 0.404296875
2 0.1162109375 0.46484375 0.08984375 0.4794921875 0.08984375 0.5263671875 0.119140625 0.5322265625 0.1357421875 0.53125 0.154296875 0.5009765625 0.150390625 0.4775390625 0.1298828125 0.46484375 0.1162109375 0.46484375
2 0.6728515625 0.685546875 0.66796875 0.7080078125 0.67578125 0.7255859375 0.69140625 0.7392578125 0.7001953125 0.740234375 0.70703125 0.7333984375 0.70703125 0.7158203125 0.6884765625 0.689453125 0.6728515625 0.685546875
2 0.7509765625 0.791015625 0.7138671875 0.77734375 0.712890625 0.8408203125 0.720703125 0.8466796875 0.7353515625 0.845703125 0.7421875 0.8271484375 0.7578125 0.8212890625 0.7578125 0.8017578125 0.7509765625 0.791015625
2 0.50390625 0.1982421875 0.525390625 0.2080078125 0.533203125 0.2060546875 0.529296875 0.1689453125 0.5185546875 0.162109375 0.5009765625 0.1640625 0.50390625 0.1982421875