2 0.99609375 0.4130859375 0.9755859375 0.390625 0.9521484375 0.392578125 0.9375 0.4091796875 0.9384765625 0.43359375 0.9580078125 0.451171875 0.9833984375 0.451171875 0.99609375 0.4306640625 0.99609375 0.4130859375
2 0.7578125 0.5244140625 0.7412109375 0.51171875 0.7197265625 0.51171875 0.70703125 0.5283203125 0.7080078125 0.55078125 0.7255859375 0.568359375 0.7548828125 0.568359375 0.76171875 0.5458984375 0.7578125 0.5244140625
2 0.9736328125 0.89453125 0.9384765625 0.90234375 0.9326171875 0.919921875 0.9501953125 0.947265625 0.9736328125 0.947265625 0.98828125 0.9326171875 0.98828125 0.9130859375 0.9736328125 0.89453125
2 0.931640625 0.8857421875 0.9150390625 0.869140625 0.8857421875 0.873046875 0.87890625 0.8857421875 0.8798828125 0.91015625 0.8955078125 0.92578125 0.9169921875 0.92578125 0.935546875 0.9091796875 0.931640625 0.8857421875
2 0.78125 0.8076171875 0.7626953125 0.791015625 0.7392578125 0.79296875 0.72265625 0.8115234375 0.7216796875 0.830078125 0.7373046875 0.849609375 0.7646484375 0.8515625 0.783203125 0.8310546875 0.78125 0.8076171875
2 0.62109375 0.5732421875 0.6005859375 0.546875 0.5615234375 0.544921875 0.537109375 0.5693359375 0.5361328125 0.583984375 0.5478515625 0.611328125 0.5712890625 0.6171875 0.6162109375 0.591796875 0.62109375 0.5732421875
2 0.72265625 0.3583984375 0.7060546875 0.3359375 0.6826171875 0.330078125 0.6640625 0.3408203125 0.6611328125 0.37109375 0.673828125 0.3935546875 0.6884765625 0.3984375 0.71875 0.3818359375 0.72265625 0.3583984375
2 0.921875 0.0888671875 0.8994140625 0.0703125 0.8818359375 0.0703125 0.865234375 0.0791015625 0.8642578125 0.1015625 0.8759765625 0.126953125 0.8994140625 0.1328125 0.91796875 0.1162109375 0.921875 0.0888671875
2 0.5654296875 0.396484375 0.58203125 0.3837890625 0.583984375 0.3544921875 0.5712890625 0.33984375 0.5478515625 0.333984375 0.525390625 0.3505859375 0.5244140625 0.359375 0.529296875 0.3818359375 0.5517578125 0.3984375 0.5654296875 0.396484375
2 0.4765625 0.2236328125 0.4580078125 0.201171875 0.4345703125 0.1953125 0.412109375 0.2119140625 0.4111328125 0.228515625 0.4287109375 0.251953125 0.4501953125 0.255859375 0.474609375 0.2353515625 0.4765625 0.2236328125
2 0.431640625 0.0869140625 0.4228515625 0.07421875 0.3896484375 0.07421875 0.380859375 0.0869140625 0.3818359375 0.103515625 0.384765625 0.1162109375 0.4072265625 0.1328125 0.431640625 0.1318359375 0.431640625 0.0869140625
2 0.232421875 0.3369140625 0.2158203125 0.322265625 0.1923828125 0.32421875 0.1796875 0.3408203125 0.1806640625 0.357421875 0.1923828125 0.37890625 0.2138671875 0.3828125 0.234375 0.3583984375 0.232421875 0.3369140625
2 0.4267578125 0.521484375 0.44140625 0.5107421875 0.435546875 0.4853515625 0.4150390625 0.466796875 0.3876953125 0.46875 0.380859375 0.4775390625 0.3798828125 0.5 0.3896484375 0.517578125 0.4072265625 0.5234375 0.4267578125 0.521484375
2 0.3203125 0.8154296875 0.3125 0.7939453125 0.2939453125 0.783203125 0.2724609375 0.78515625 0.2568359375 0.810546875 0.263671875 0.8291015625 0.2861328125 0.841796875 0.3095703125 0.837890625 0.3203125 0.8154296875
2 0.08984375 0.7373046875 0.0673828125 0.72265625 0.0419921875 0.720703125 0.02734375 0.7333984375 0.0263671875 0.751953125 0.0380859375 0.771484375 0.0673828125 0.775390625 0.0859375 0.7587890625 0.08984375 0.7373046875
2 0.0009765625 0.486328125 0.0146484375 0.494140625 0.02734375 0.4873046875 0.02734375 0.4716796875 0.0205078125 0.4609375 0 0.4599609375 0.0009765625 0.486328125
2 0.0947265625 0.240234375 0.115234375 0.2177734375 0.1171875 0.1767578125 0.0966796875 0.1640625 0.0791015625 0.1640625 0.041015625 0.1982421875 0.0419921875 0.2109375 0.06640625 0.2236328125 0.0634765625 0.234375 0.0947265625 0.240234375
2 0.736328125 0.6865234375 0.7197265625 0.671875 0.7021484375 0.669921875 0.69140625 0.6767578125 0.6904296875 0.701171875 0.7021484375 0.716796875 0.7177734375 0.71875 0.734375 0.7099609375 0.736328125 0.6865234375
2 0.8662109375 0.6875 0.8427734375 0.68359375 0.8388671875 0.71484375 0.8408203125 0.7265625 0.8525390625 0.7265625 0.876953125 0.7080078125 0.875 0.6962890625 0.8662109375 0.6875