2 0.8837890625 0.03515625 0.8544921875 0.0390625 0.841796875 0.0576171875 0.84765625 0.0810546875 0.8603515625 0.091796875 0.87109375 0.0927734375 0.8896484375 0.091796875 0.9140625 0.0654296875 0.8994140625 0.04296875 0.8837890625 0.03515625
2 0.78515625 0.0517578125 0.7646484375 0.041015625 0.7412109375 0.05078125 0.73046875 0.0693359375 0.736328125 0.0927734375 0.755859375 0.0986328125 0.7841796875 0.091796875 0.7890625 0.0751953125 0.78515625 0.0517578125
2 0.240234375 0.0439453125 0.2216796875 0.033203125 0.1943359375 0.0390625 0.185546875 0.0517578125 0.1875 0.0810546875 0.2109375 0.0986328125 0.2373046875 0.09375 0.25390625 0.0673828125 0.240234375 0.0439453125
2 0.572265625 0.2275390625 0.5537109375 0.21484375 0.5400390625 0.21484375 0.52734375 0.2275390625 0.529296875 0.2509765625 0.54296875 0.2607421875 0.5634765625 0.259765625 0.572265625 0.2451171875 0.572265625 0.2275390625
2 0.609375 0.2763671875 0.5966796875 0.263671875 0.5791015625 0.26171875 0.568359375 0.2685546875 0.5625 0.2861328125 0.583984375 0.3095703125 0.6015625 0.3076171875 0.609375 0.2958984375 0.609375 0.2763671875
2 0.681640625 0.3447265625 0.6611328125 0.328125 0.6376953125 0.330078125 0.623046875 0.3486328125 0.625 0.3701171875 0.646484375 0.3876953125 0.6728515625 0.384765625 0.685546875 0.3681640625 0.681640625 0.3447265625
2 0.953125 0.2998046875 0.9462890625 0.287109375 0.9189453125 0.28515625 0.90625 0.2919921875 0.904296875 0.3154296875 0.91796875 0.3310546875 0.951171875 0.3271484375 0.953125 0.2998046875
2 0.93359375 0.4345703125 0.9111328125 0.4140625 0.8876953125 0.41796875 0.869140625 0.4423828125 0.880859375 0.4716796875 0.89453125 0.4794921875 0.9169921875 0.478515625 0.935546875 0.4599609375 0.93359375 0.4345703125
2 0.21484375 0.3251953125 0.2060546875 0.310546875 0.1708984375 0.30859375 0.158203125 0.3173828125 0.15234375 0.3447265625 0.169921875 0.3701171875 0.1943359375 0.37109375 0.212890625 0.3583984375 0.21484375 0.3251953125
2 0.3388671875 0.376953125 0.3134765625 0.375 0.29296875 0.3935546875 0.29296875 0.4130859375 0.30078125 0.4287109375 0.31640625 0.4345703125 0.3427734375 0.43359375 0.3515625 0.4267578125 0.353515625 0.3896484375 0.3388671875 0.376953125
2 0.2421875 0.5419921875 0.2294921875 0.53125 0.2099609375 0.53125 0.189453125 0.5419921875 0.19140625 0.5732421875 0.212890625 0.5947265625 0.2333984375 0.595703125 0.248046875 0.5751953125 0.2421875 0.5419921875
2 0.09765625 0.5869140625 0.0771484375 0.572265625 0.0517578125 0.57421875 0.04296875 0.5849609375 0.04296875 0.6181640625 0.060546875 0.6337890625 0.0869140625 0.630859375 0.103515625 0.6064453125 0.09765625 0.5869140625
2 0.109375 0.5244140625 0.10546875 0.5087890625 0.0986328125 0.501953125 0.0771484375 0.501953125 0.076171875 0.5166015625 0.095703125 0.5322265625 0.1025390625 0.533203125 0.109375 0.5244140625
2 0.44921875 0.1884765625 0.4033203125 0.150390625 0.396484375 0.1748046875 0.412109375 0.1845703125 0.4208984375 0.19921875 0.43359375 0.2041015625 0.451171875 0.1982421875 0.44921875 0.1884765625
2 0.5966796875 0.666015625 0.5576171875 0.6640625 0.548828125 0.6767578125 0.55078125 0.7001953125 0.5712890625 0.720703125 0.58203125 0.7216796875 0.6025390625 0.72265625 0.6201171875 0.71484375 0.625 0.7080078125 0.619140625 0.6884765625 0.5966796875 0.666015625
2 0.6220703125 0.58203125 0.634765625 0.5732421875 0.6181640625 0.55859375 0.6005859375 0.556640625 0.59375 0.5712890625 0.603515625 0.5830078125 0.6220703125 0.58203125
2 0.943359375 0.6298828125 0.9228515625 0.6171875 0.9091796875 0.6171875 0.884765625 0.6416015625 0.890625 0.6650390625 0.9140625 0.6806640625 0.9384765625 0.673828125 0.94921875 0.6552734375 0.943359375 0.6298828125
2 0.765625 0.7607421875 0.7470703125 0.740234375 0.7138671875 0.73828125 0.703125 0.7470703125 0.70703125 0.7841796875 0.72265625 0.7998046875 0.7568359375 0.79296875 0.763671875 0.7861328125 0.765625 0.7607421875
2 0.86328125 0.9248046875 0.8466796875 0.908203125 0.8193359375 0.908203125 0.80078125 0.9287109375 0.802734375 0.9541015625 0.8203125 0.9658203125 0.8447265625 0.962890625 0.861328125 0.9521484375 0.86328125 0.9248046875
2 0.712890625 0.8955078125 0.7021484375 0.876953125 0.6689453125 0.869140625 0.65234375 0.8994140625 0.66796875 0.9443359375 0.68359375 0.9501953125 0.6953125 0.9482421875 0.697265625 0.9326171875 0.7109375 0.9208984375 0.712890625 0.8955078125
2 0.4912109375 0.771484375 0.4755859375 0.7734375 0.4599609375 0.78515625 0.44921875 0.8056640625 0.455078125 0.8310546875 0.470703125 0.8408203125 0.4990234375 0.83984375 0.517578125 0.8271484375 0.515625 0.7919921875 0.4912109375 0.771484375
2 0.359375 0.9462890625 0.3369140625 0.92578125 0.3095703125 0.931640625 0.30078125 0.9501953125 0.30078125 0.9736328125 0.322265625 0.9892578125 0.3525390625 0.98828125 0.361328125 0.9736328125 0.359375 0.9462890625