2 0.201171875 0.0009765625 0.1953125 0.0087890625 0.1953125 0.0341796875 0.2119140625 0.046875 0.2412109375 0.044921875 0.24609375 0.0380859375 0.24609375 0.0068359375 0.2353515625 0 0.201171875 0.0009765625
2 0.11328125 0.1396484375 0.0859375 0.1650390625 0.0859375 0.1845703125 0.1064453125 0.19921875 0.126953125 0.1923828125 0.13671875 0.1669921875 0.1328125 0.1533203125 0.11328125 0.1396484375
2 0.1328125 0.3154296875 0.119140625 0.3505859375 0.123046875 0.3779296875 0.1376953125 0.388671875 0.1689453125 0.380859375 0.17578125 0.3583984375 0.171875 0.3330078125 0.1328125 0.3154296875
2 0.455078125 0.3232421875 0.43359375 0.3388671875 0.431640625 0.3603515625 0.4755859375 0.3984375 0.486328125 0.3857421875 0.486328125 0.3447265625 0.4775390625 0.330078125 0.455078125 0.3232421875
2 0.501953125 0.1669921875 0.482421875 0.1806640625 0.48046875 0.2060546875 0.4931640625 0.22265625 0.5126953125 0.224609375 0.5234375 0.2177734375 0.533203125 0.1923828125 0.5244140625 0.169921875 0.501953125 0.1669921875
2 0.5078125 0.1025390625 0.486328125 0.1240234375 0.490234375 0.1396484375 0.5087890625 0.15234375 0.5341796875 0.1484375 0.533203125 0.1142578125 0.5224609375 0.1015625 0.5078125 0.1025390625
2 0.6640625 0.2548828125 0.6484375 0.2744140625 0.6484375 0.2998046875 0.6591796875 0.314453125 0.6767578125 0.3203125 0.69921875 0.3056640625 0.701171875 0.2724609375 0.6845703125 0.255859375 0.6640625 0.2548828125
2 0.853515625 0.0341796875 0.84375 0.0517578125 0.845703125 0.0830078125 0.8583984375 0.095703125 0.8798828125 0.09765625 0.896484375 0.0791015625 0.896484375 0.0517578125 0.8798828125 0.03515625 0.853515625 0.0341796875
2 0.21484375 0.8212890625 0.1982421875 0.826171875 0.181640625 0.8427734375 0.1796875 0.8701171875 0.1923828125 0.8828125 0.2236328125 0.87890625 0.236328125 0.8583984375 0.236328125 0.8349609375 0.21484375 0.8212890625
2 0.58984375 0.8955078125 0.578125 0.9033203125 0.583984375 0.9208984375 0.5986328125 0.931640625 0.6201171875 0.931640625 0.625 0.9169921875 0.619140625 0.9033203125 0.6064453125 0.89453125 0.58984375 0.8955078125
2 0.78125 0.9365234375 0.759765625 0.9541015625 0.759765625 0.9716796875 0.7724609375 0.986328125 0.7919921875 0.984375 0.806640625 0.9658203125 0.806640625 0.9541015625 0.796875 0.9384765625 0.78125 0.9365234375
2 0.908203125 0.8798828125 0.890625 0.8896484375 0.884765625 0.9130859375 0.8974609375 0.9375 0.9189453125 0.943359375 0.9375 0.9267578125 0.943359375 0.9091796875 0.9287109375 0.880859375 0.908203125 0.8798828125
2 0.66015625 0.7880859375 0.642578125 0.8037109375 0.642578125 0.8232421875 0.6484375 0.8466796875 0.6669921875 0.857421875 0.68359375 0.8466796875 0.6953125 0.8134765625 0.6787109375 0.787109375 0.66015625 0.7880859375
2 0.80859375 0.6220703125 0.787109375 0.6416015625 0.787109375 0.6708984375 0.8212890625 0.6796875 0.837890625 0.6650390625 0.83984375 0.6357421875 0.8271484375 0.62109375 0.80859375 0.6220703125
2 0.4453125 0.7861328125 0.435546875 0.7978515625 0.4599609375 0.822265625 0.47265625 0.8134765625 0.474609375 0.8017578125 0.4658203125 0.787109375 0.4453125 0.7861328125
2 0.087890625 0.7001953125 0.080078125 0.7099609375 0.087890625 0.7275390625 0.0927734375 0.732421875 0.1123046875 0.73046875 0.115234375 0.7177734375 0.107421875 0.7060546875 0.1005859375 0.69921875 0.087890625 0.7001953125
2 0.703125 0.4091796875 0.7265625 0.4521484375 0.7265625 0.4794921875 0.7392578125 0.48828125 0.7587890625 0.486328125 0.765625 0.4697265625 0.7578125 0.4365234375 0.7333984375 0.4140625 0.703125 0.4091796875