2 0.78515625 0.8095703125 0.8017578125 0.828125 0.8271484375 0.826171875 0.837890625 0.8076171875 0.8359375 0.7861328125 0.8232421875 0.77734375 0.8056640625 0.77734375 0.7861328125 0.794921875 0.78515625 0.8095703125
2 0.783203125 0.2763671875 0.75390625 0.2568359375 0.744140625 0.2294921875 0.7314453125 0.21875 0.7001953125 0.22265625 0.69140625 0.2529296875 0.6650390625 0.25 0.6513671875 0.275390625 0.65625 0.3369140625 0.6728515625 0.3515625 0.7041015625 0.35546875 0.7177734375 0.375 0.7548828125 0.376953125 0.76953125 0.3505859375 0.79296875 0.3291015625 0.794921875 0.3173828125 0.783203125 0.2763671875
2 0.5810546875 0.1171875 0.6005859375 0.1171875 0.630859375 0.0986328125 0.630859375 0.0888671875 0.615234375 0.0673828125 0.5947265625 0.05859375 0.5771484375 0.05859375 0.5693359375 0.080078125 0.568359375 0.0947265625 0.5810546875 0.1171875
2 0.5 0.2939453125 0.5166015625 0.310546875 0.5341796875 0.3125 0.546875 0.3017578125 0.548828125 0.2724609375 0.5341796875 0.248046875 0.5146484375 0.251953125 0.4970703125 0.271484375 0.5 0.2939453125
2 0.3251953125 0.259765625 0.345703125 0.2451171875 0.361328125 0.2197265625 0.361328125 0.2099609375 0.3525390625 0.19921875 0.3056640625 0.197265625 0.294921875 0.2119140625 0.2939453125 0.234375 0.296875 0.2509765625 0.3056640625 0.259765625 0.3251953125 0.259765625
2 0.173828125 0.0810546875 0.1904296875 0.095703125 0.2099609375 0.095703125 0.2265625 0.0654296875 0.21875 0.0419921875 0.2138671875 0.037109375 0.1904296875 0.037109375 0.1708984375 0.052734375 0.173828125 0.0810546875
2 0.08984375 0.2236328125 0.0986328125 0.23046875 0.1123046875 0.23046875 0.125 0.2119140625 0.123046875 0.1982421875 0.1083984375 0.185546875 0.0947265625 0.18359375 0.0869140625 0.19921875 0.08984375 0.2236328125
2 0.2802734375 0.681640625 0.28125 0.7060546875 0.2919921875 0.71875 0.3115234375 0.720703125 0.322265625 0.7138671875 0.322265625 0.6904296875 0.3134765625 0.6796875 0.2802734375 0.681640625
2 0.4697265625 0.9140625 0.478515625 0.9443359375 0.5048828125 0.955078125 0.517578125 0.9326171875 0.515625 0.9091796875 0.5048828125 0.900390625 0.4853515625 0.900390625 0.4697265625 0.9140625
2 0.6005859375 0.642578125 0.59765625 0.5966796875 0.609375 0.5830078125 0.607421875 0.5537109375 0.5947265625 0.544921875 0.5693359375 0.544921875 0.55078125 0.5576171875 0.5439453125 0.57421875 0.546875 0.5908203125 0.564453125 0.6083984375 0.5625 0.6259765625 0.5703125 0.6435546875 0.6005859375 0.642578125
2 0.384765625 0.4228515625 0.3974609375 0.4453125 0.4208984375 0.435546875 0.43359375 0.4208984375 0.43359375 0.4033203125 0.4169921875 0.388671875 0.4013671875 0.390625 0.3857421875 0.408203125 0.384765625 0.4228515625
2 0.2685546875 0.568359375 0.2509765625 0.583984375 0.2607421875 0.61328125 0.2783203125 0.61328125 0.2890625 0.6064453125 0.2890625 0.5947265625 0.2685546875 0.568359375
2 0.23046875 0.4306640625 0.2412109375 0.44140625 0.2568359375 0.44140625 0.28515625 0.4208984375 0.28515625 0.4111328125 0.2626953125 0.39453125 0.2470703125 0.392578125 0.2314453125 0.421875 0.23046875 0.4306640625
2 0.0849609375 0.41015625 0.08984375 0.4306640625 0.1044921875 0.439453125 0.14453125 0.4365234375 0.14453125 0.4189453125 0.1279296875 0.400390625 0.0986328125 0.400390625 0.0849609375 0.41015625
2 0.0966796875 0.92578125 0.1025390625 0.966796875 0.1298828125 0.966796875 0.15625 0.9443359375 0.1484375 0.9208984375 0.1318359375 0.908203125 0.1201171875 0.908203125 0.0966796875 0.92578125
2 0.0263671875 0.701171875 0.0009765625 0.705078125 0.0009765625 0.7421875 0.0224609375 0.7421875 0.037109375 0.7314453125 0.037109375 0.7138671875 0.0263671875 0.701171875