2 0.8994140625 0.99609375 0.94921875 0.9951171875 0.94921875 0.9677734375 0.9345703125 0.953125 0.9072265625 0.951171875 0.8935546875 0.96484375 0.892578125 0.9853515625 0.8994140625 0.99609375
2 0.8427734375 0.775390625 0.869140625 0.7587890625 0.8671875 0.7373046875 0.8486328125 0.724609375 0.8271484375 0.7265625 0.8134765625 0.74609375 0.8125 0.7626953125 0.8212890625 0.7734375 0.8427734375 0.775390625
2 0.8681640625 0.69140625 0.8828125 0.6767578125 0.8828125 0.6513671875 0.8642578125 0.634765625 0.8330078125 0.63671875 0.8251953125 0.654296875 0.82421875 0.6708984375 0.8427734375 0.69140625 0.8681640625 0.69140625
2 0.7646484375 0.740234375 0.78515625 0.7314453125 0.787109375 0.6982421875 0.7744140625 0.689453125 0.7490234375 0.693359375 0.7412109375 0.7109375 0.7421875 0.7216796875 0.7646484375 0.740234375
2 0.7119140625 0.947265625 0.720703125 0.9306640625 0.716796875 0.9150390625 0.6923828125 0.900390625 0.6728515625 0.90234375 0.6572265625 0.923828125 0.666015625 0.9501953125 0.6884765625 0.95703125 0.7119140625 0.947265625
2 0.625 0.7392578125 0.6123046875 0.712890625 0.5751953125 0.689453125 0.5517578125 0.6875 0.5322265625 0.693359375 0.5244140625 0.724609375 0.5234375 0.7412109375 0.53515625 0.7490234375 0.5517578125 0.779296875 0.5830078125 0.791015625 0.6025390625 0.806640625 0.6201171875 0.806640625 0.642578125 0.7939453125 0.6484375 0.7822265625 0.646484375 0.7587890625 0.625 0.7392578125
2 0.693359375 0.6689453125 0.689453125 0.6455078125 0.6650390625 0.62890625 0.6494140625 0.630859375 0.638671875 0.6396484375 0.6337890625 0.66015625 0.6455078125 0.67578125 0.6611328125 0.68359375 0.6767578125 0.68359375 0.693359375 0.6689453125
2 0.6259765625 0.34765625 0.6142578125 0.34765625 0.60546875 0.3564453125 0.611328125 0.3916015625 0.5966796875 0.392578125 0.5908203125 0.41015625 0.59375 0.4521484375 0.6064453125 0.4765625 0.6376953125 0.474609375 0.6748046875 0.4921875 0.7109375 0.4873046875 0.716796875 0.4755859375 0.716796875 0.4384765625 0.7265625 0.4150390625 0.7080078125 0.388671875 0.6845703125 0.375 0.6396484375 0.365234375 0.6259765625 0.34765625
2 0.5810546875 1 0.599609375 0.9951171875 0.5927734375 0.974609375 0.5419921875 0.95703125 0.5107421875 0.9609375 0.4873046875 0.986328125 0.4892578125 0.99609375 0.5048828125 1 0.5810546875 1
2 0.3271484375 0.92578125 0.345703125 0.9033203125 0.3212890625 0.880859375 0.3037109375 0.875 0.2822265625 0.87890625 0.2724609375 0.890625 0.27734375 0.9189453125 0.2998046875 0.93359375 0.3271484375 0.92578125
2 0.453125 0.6669921875 0.4462890625 0.66015625 0.4248046875 0.66015625 0.4091796875 0.6484375 0.3740234375 0.65234375 0.3486328125 0.685546875 0.34765625 0.7431640625 0.35546875 0.7705078125 0.3623046875 0.775390625 0.3916015625 0.76953125 0.40234375 0.7451171875 0.4130859375 0.73828125 0.4365234375 0.740234375 0.451171875 0.7314453125 0.45703125 0.7041015625 0.453125 0.6669921875
2 0.4951171875 0.482421875 0.509765625 0.4638671875 0.505859375 0.4443359375 0.4892578125 0.427734375 0.4658203125 0.4296875 0.4501953125 0.44921875 0.44921875 0.4736328125 0.4677734375 0.486328125 0.4951171875 0.482421875
2 0.3046875 0.5244140625 0.3125 0.5009765625 0.2958984375 0.484375 0.2724609375 0.482421875 0.2578125 0.4892578125 0.2470703125 0.509765625 0.248046875 0.5283203125 0.2548828125 0.537109375 0.2763671875 0.537109375 0.3046875 0.5244140625
2 0.283203125 0.6455078125 0.2890625 0.6181640625 0.2763671875 0.6015625 0.2470703125 0.595703125 0.228515625 0.6103515625 0.2177734375 0.6328125 0.2373046875 0.654296875 0.2607421875 0.65625 0.283203125 0.6455078125
2 0.1181640625 0.994140625 0.1328125 0.9853515625 0.134765625 0.9541015625 0.1162109375 0.9375 0.0927734375 0.939453125 0.0791015625 0.9609375 0.080078125 0.9716796875 0.1044921875 0.9921875 0.1181640625 0.994140625
2 0.0361328125 0.5078125 0.052734375 0.5048828125 0.0546875 0.4853515625 0.0458984375 0.474609375 0.0341796875 0.47265625 0.0244140625 0.486328125 0.0361328125 0.5078125
2 0.0498046875 0.109375 0.0703125 0.0927734375 0.064453125 0.0654296875 0.0400390625 0.044921875 0.0126953125 0.052734375 0.0048828125 0.064453125 0.01171875 0.1025390625 0.0205078125 0.107421875 0.0498046875 0.109375
2 0 0.3388671875 0.0068359375 0.33984375 0.017578125 0.3291015625 0.0234375 0.3076171875 0.017578125 0.2939453125 0.0009765625 0.283203125 0 0.3388671875
2 0.580078125 0.1123046875 0.5859375 0.0908203125 0.5634765625 0.06640625 0.5498046875 0.06640625 0.52734375 0.0810546875 0.5224609375 0.099609375 0.5263671875 0.115234375 0.5595703125 0.130859375 0.580078125 0.1123046875
2 0.6689453125 0.27734375 0.6796875 0.2607421875 0.67578125 0.2373046875 0.6474609375 0.220703125 0.6181640625 0.2265625 0.6025390625 0.24609375 0.607421875 0.2705078125 0.6337890625 0.2890625 0.6689453125 0.27734375
2 0.892578125 0.3369140625 0.89453125 0.3134765625 0.8701171875 0.291015625 0.8564453125 0.2890625 0.8408203125 0.296875 0.8330078125 0.314453125 0.833984375 0.3232421875 0.8564453125 0.34765625 0.8837890625 0.349609375 0.892578125 0.3369140625
2 0.7353515625 0.392578125 0.7490234375 0.400390625 0.763671875 0.3876953125 0.7548828125 0.373046875 0.7333984375 0.375 0.7294921875 0.380859375 0.7353515625 0.392578125
2 0.9306640625 0.234375 0.9501953125 0.234375 0.9609375 0.2138671875 0.9384765625 0.208984375 0.9296875 0.2158203125 0.9287109375 0.2265625 0.9306640625 0.234375
2 1 0.5400390625 0.9716796875 0.533203125 0.9521484375 0.546875 0.9150390625 0.54296875 0.90625 0.5478515625 0.9033203125 0.55859375 0.90625 0.5908203125 0.94140625 0.6455078125 0.9775390625 0.666015625 0.9990234375 0.6640625 1 0.5400390625
2 0.4931640625 0.236328125 0.494140625 0.2607421875 0.5126953125 0.26171875 0.517578125 0.2392578125 0.5087890625 0.232421875 0.4931640625 0.236328125
2 0.5166015625 0.84765625 0.525390625 0.8408203125 0.529296875 0.8193359375 0.5224609375 0.802734375 0.4951171875 0.80078125 0.4814453125 0.814453125 0.484375 0.8330078125 0.4951171875 0.845703125 0.5166015625 0.84765625