2 0.8251953125 0.259765625 0.837890625 0.2490234375 0.837890625 0.2275390625 0.8271484375 0.21484375 0.806640625 0.2138671875 0.7890625 0.2236328125 0.7890625 0.2451171875 0.8076171875 0.259765625 0.8251953125 0.259765625
2 0.87890625 0.0751953125 0.845703125 0.1025390625 0.8408203125 0.123046875 0.8681640625 0.11328125 0.8984375 0.0888671875 0.8935546875 0.078125 0.87890625 0.0751953125
2 0.4326171875 0.404296875 0.44140625 0.3896484375 0.44140625 0.3681640625 0.4208984375 0.337890625 0.404296875 0.3369140625 0.388671875 0.3427734375 0.388671875 0.3564453125 0.423828125 0.4033203125 0.4326171875 0.404296875
2 0.369140625 0.5048828125 0.369140625 0.4931640625 0.359375 0.4912109375 0.33203125 0.5283203125 0.3251953125 0.548828125 0.3427734375 0.548828125 0.359375 0.5263671875 0.369140625 0.5048828125
2 0.609375 0.6123046875 0.59765625 0.6318359375 0.6005859375 0.642578125 0.6201171875 0.646484375 0.6357421875 0.64453125 0.640625 0.6376953125 0.640625 0.5810546875 0.6376953125 0.576171875 0.623046875 0.5771484375 0.611328125 0.5888671875 0.609375 0.6123046875
2 0.73828125 0.0576171875 0.7275390625 0.041015625 0.71875 0.0400390625 0.703125 0.0556640625 0.69921875 0.0791015625 0.7255859375 0.0859375 0.736328125 0.0751953125 0.73828125 0.0576171875
2 0.3515625 0.8974609375 0.3203125 0.9345703125 0.318359375 0.9658203125 0.3232421875 0.970703125 0.37109375 0.9267578125 0.357421875 0.8974609375 0.3515625 0.8974609375
2 0.490234375 0.9560546875 0.4755859375 0.935546875 0.4609375 0.9326171875 0.4521484375 0.93359375 0.451171875 0.9423828125 0.4619140625 0.955078125 0.4755859375 0.9609375 0.490234375 0.9560546875
2 0.33984375 0.8935546875 0.341796875 0.8857421875 0.330078125 0.8837890625 0.3134765625 0.8984375 0.2744140625 0.9140625 0.26953125 0.9248046875 0.2880859375 0.9375 0.33984375 0.8935546875
2 0.0595703125 0.97265625 0.05859375 0.9853515625 0.0888671875 0.990234375 0.0966796875 0.984375 0.1318359375 0.982421875 0.13671875 0.9404296875 0.125 0.9365234375 0.1005859375 0.947265625 0.0810546875 0.966796875 0.0595703125 0.97265625
2 0.8115234375 0.869140625 0.8271484375 0.865234375 0.8359375 0.8544921875 0.8271484375 0.84765625 0.80859375 0.8466796875 0.7900390625 0.853515625 0.787109375 0.8623046875 0.7958984375 0.869140625 0.8115234375 0.869140625
2 0.689453125 0.8623046875 0.662109375 0.8837890625 0.6650390625 0.896484375 0.6767578125 0.896484375 0.689453125 0.8857421875 0.697265625 0.8662109375 0.689453125 0.8623046875
2 0.791015625 0.9423828125 0.79296875 0.9228515625 0.802734375 0.9111328125 0.8017578125 0.90625 0.79296875 0.9072265625 0.78125 0.9150390625 0.767578125 0.9423828125 0.7724609375 0.94921875 0.791015625 0.9423828125
2 0.642578125 0.3486328125 0.623046875 0.3662109375 0.6240234375 0.3828125 0.642578125 0.3798828125 0.6484375 0.3642578125 0.6484375 0.3505859375 0.642578125 0.3486328125
2 0.3037109375 0.048828125 0.3134765625 0.048828125 0.310546875 0.0048828125 0.291015625 0.0009765625 0.291015625 0.0380859375 0.3037109375 0.048828125