2 0.8173828125 0.12109375 0.8291015625 0.142578125 0.8525390625 0.146484375 0.869140625 0.1396484375 0.87890625 0.1181640625 0.8642578125 0.091796875 0.8310546875 0.087890625 0.8173828125 0.12109375
2 0.8681640625 0.931640625 0.8525390625 0.955078125 0.853515625 0.9775390625 0.8779296875 0.99609375 0.9208984375 0.998046875 0.92578125 0.9931640625 0.919921875 0.9560546875 0.8916015625 0.931640625 0.8681640625 0.931640625
2 0.712890625 0.9208984375 0.6826171875 0.89453125 0.666015625 0.8974609375 0.6552734375 0.931640625 0.654296875 0.9521484375 0.6669921875 0.966796875 0.6826171875 0.974609375 0.7177734375 0.974609375 0.7265625 0.9677734375 0.7265625 0.9443359375 0.712890625 0.9208984375
2 0.501953125 0.8818359375 0.4990234375 0.89453125 0.5 0.9169921875 0.5263671875 0.939453125 0.572265625 0.9228515625 0.568359375 0.9033203125 0.5322265625 0.87890625 0.5146484375 0.875 0.501953125 0.8818359375
2 0.31640625 0.8876953125 0.2783203125 0.859375 0.2626953125 0.86328125 0.2529296875 0.87890625 0.2333984375 0.892578125 0.232421875 0.9072265625 0.2490234375 0.912109375 0.2705078125 0.93359375 0.2958984375 0.93359375 0.310546875 0.9248046875 0.314453125 0.9150390625 0.31640625 0.8876953125
2 0.3212890625 0.583984375 0.2998046875 0.576171875 0.283203125 0.5830078125 0.2744140625 0.6015625 0.27734375 0.6318359375 0.3056640625 0.6484375 0.3212890625 0.64453125 0.3515625 0.6083984375 0.3486328125 0.599609375 0.3388671875 0.599609375 0.3212890625 0.583984375
2 0.2666015625 0.1171875 0.2626953125 0.09765625 0.2001953125 0.1015625 0.1865234375 0.123046875 0.1953125 0.1435546875 0.2275390625 0.16796875 0.2646484375 0.16796875 0.2861328125 0.1796875 0.314453125 0.1474609375 0.2939453125 0.115234375 0.2666015625 0.1171875
2 0.455078125 0.0595703125 0.45703125 0.0439453125 0.4521484375 0.0390625 0.4150390625 0.0390625 0.40234375 0.0458984375 0.3974609375 0.0859375 0.396484375 0.0966796875 0.40625 0.1162109375 0.4306640625 0.1328125 0.4423828125 0.1328125 0.484375 0.0849609375 0.4716796875 0.068359375 0.455078125 0.0595703125
2 0.087890625 0.9287109375 0.1044921875 0.93359375 0.1171875 0.9248046875 0.123046875 0.9111328125 0.0986328125 0.904296875 0.0888671875 0.9140625 0.087890625 0.9287109375
2 0.0654296875 0.85546875 0.0859375 0.8466796875 0.0791015625 0.826171875 0.0576171875 0.8359375 0.056640625 0.8466796875 0.0654296875 0.85546875
2 0 0.9599609375 0.0126953125 0.966796875 0.041015625 0.9443359375 0.04296875 0.9189453125 0.0283203125 0.896484375 0.0009765625 0.890625 0 0.9599609375
2 0.8583984375 0.513671875 0.8759765625 0.515625 0.88671875 0.5029296875 0.890625 0.4814453125 0.8759765625 0.474609375 0.8564453125 0.498046875 0.8583984375 0.513671875