2 0.9462890625 0.166015625 0.96875 0.1650390625 0.984375 0.1513671875 0.986328125 0.1376953125 0.986328125 0.1181640625 0.9755859375 0.109375 0.9501953125 0.11328125 0.9375 0.1337890625 0.9375 0.1591796875 0.9462890625 0.166015625
2 0.3046875 0.0908203125 0.3046875 0.0810546875 0.2861328125 0.060546875 0.26953125 0.0712890625 0.267578125 0.0869140625 0.2822265625 0.09765625 0.29296875 0.0966796875 0.3046875 0.0908203125
2 0.205078125 0.8349609375 0.234375 0.8212890625 0.236328125 0.7998046875 0.2177734375 0.78125 0.1943359375 0.779296875 0.17578125 0.7998046875 0.17578125 0.8193359375 0.1884765625 0.833984375 0.205078125 0.8349609375
2 0.51953125 0.7626953125 0.544921875 0.7470703125 0.546875 0.7294921875 0.5283203125 0.7109375 0.5087890625 0.7109375 0.48828125 0.7236328125 0.482421875 0.7392578125 0.4951171875 0.759765625 0.51953125 0.7626953125
2 0.5625 0.9248046875 0.58203125 0.9052734375 0.580078125 0.8876953125 0.5634765625 0.876953125 0.5283203125 0.884765625 0.5234375 0.8935546875 0.52734375 0.9150390625 0.5419921875 0.92578125 0.5625 0.9248046875
2 0.59765625 0.3974609375 0.59765625 0.3701171875 0.5830078125 0.361328125 0.5595703125 0.361328125 0.55078125 0.3720703125 0.546875 0.4033203125 0.58984375 0.4052734375 0.59765625 0.3974609375
2 0.375 0.6220703125 0.3583984375 0.59765625 0.3251953125 0.58984375 0.30859375 0.6044921875 0.30859375 0.6298828125 0.3369140625 0.650390625 0.349609375 0.6494140625 0.375 0.6220703125
2 0.732421875 0.6103515625 0.7451171875 0.60546875 0.751953125 0.5947265625 0.7421875 0.5712890625 0.6962890625 0.568359375 0.69140625 0.5732421875 0.69140625 0.5947265625 0.7197265625 0.611328125 0.732421875 0.6103515625
2 0.935546875 0.6767578125 0.953125 0.6650390625 0.95703125 0.6513671875 0.953125 0.6376953125 0.9384765625 0.626953125 0.9189453125 0.630859375 0.90625 0.6572265625 0.9169921875 0.67578125 0.935546875 0.6767578125
2 0.814453125 0.4072265625 0.830078125 0.3818359375 0.828125 0.3701171875 0.8193359375 0.36328125 0.7861328125 0.365234375 0.78125 0.3720703125 0.78515625 0.4033203125 0.7919921875 0.408203125 0.814453125 0.4072265625
2 0.8994140625 0.41796875 0.9140625 0.4169921875 0.9287109375 0.412109375 0.962890625 0.3818359375 0.9619140625 0.353515625 0.9228515625 0.349609375 0.90234375 0.3681640625 0.890625 0.3857421875 0.88671875 0.4111328125 0.8994140625 0.41796875
2 0.7138671875 0.171875 0.7275390625 0.1953125 0.7421875 0.1982421875 0.7607421875 0.1953125 0.7734375 0.1787109375 0.755859375 0.1435546875 0.7333984375 0.140625 0.7001953125 0.1484375 0.6953125 0.1533203125 0.697265625 0.1650390625 0.7138671875 0.171875
2 0.384765625 0.2646484375 0.40234375 0.2529296875 0.404296875 0.2294921875 0.3837890625 0.208984375 0.3701171875 0.208984375 0.353515625 0.2333984375 0.353515625 0.2470703125 0.3681640625 0.263671875 0.384765625 0.2646484375
2 0.357421875 0.3369140625 0.3330078125 0.337890625 0.32421875 0.3564453125 0.328125 0.3740234375 0.36328125 0.3779296875 0.3671875 0.3681640625 0.357421875 0.3369140625
2 0.09765625 0.6357421875 0.123046875 0.6298828125 0.12890625 0.6025390625 0.1220703125 0.587890625 0.0966796875 0.5859375 0.078125 0.5947265625 0.076171875 0.6142578125 0.083984375 0.6298828125 0.09765625 0.6357421875
2 0.931640625 0.7724609375 0.94921875 0.7509765625 0.947265625 0.7314453125 0.9365234375 0.72265625 0.9130859375 0.7265625 0.904296875 0.7431640625 0.90625 0.7626953125 0.9150390625 0.771484375 0.931640625 0.7724609375