2 0.2392578125 0.2109375 0.25390625 0.2001953125 0.2578125 0.1728515625 0.2470703125 0.16015625 0.2216796875 0.162109375 0.2119140625 0.17578125 0.212890625 0.1962890625 0.2216796875 0.208984375 0.2392578125 0.2109375
2 0.3974609375 0.580078125 0.404296875 0.5673828125 0.3916015625 0.556640625 0.3701171875 0.5546875 0.3408203125 0.57421875 0.3369140625 0.583984375 0.337890625 0.6064453125 0.3505859375 0.611328125 0.3974609375 0.580078125
2 0.5048828125 0.640625 0.5341796875 0.666015625 0.54296875 0.6650390625 0.5263671875 0.640625 0.5087890625 0.634765625 0.5048828125 0.640625
2 0.6279296875 0.400390625 0.650390625 0.3955078125 0.650390625 0.3759765625 0.6396484375 0.357421875 0.5849609375 0.357421875 0.5751953125 0.36328125 0.578125 0.3798828125 0.5869140625 0.38671875 0.6142578125 0.390625 0.6279296875 0.400390625
2 0.0009765625 0.708984375 0.0263671875 0.7109375 0.04296875 0.7021484375 0.046875 0.6845703125 0.0322265625 0.681640625 0.0009765625 0.689453125 0.0009765625 0.708984375
2 0.01953125 0.8056640625 0.0263671875 0.81640625 0.0478515625 0.818359375 0.05078125 0.8056640625 0.041015625 0.7724609375 0.0146484375 0.75390625 0.013671875 0.7666015625 0.021484375 0.7802734375 0.01953125 0.8056640625
2 0.9306640625 0.673828125 0.9541015625 0.6796875 0.96875 0.6748046875 0.96875 0.6689453125 0.9228515625 0.625 0.8974609375 0.642578125 0.9072265625 0.658203125 0.9306640625 0.673828125
2 0.9169921875 0.728515625 0.9248046875 0.728515625 0.9375 0.7138671875 0.935546875 0.7080078125 0.8974609375 0.662109375 0.8818359375 0.658203125 0.908203125 0.7177734375 0.9169921875 0.728515625
2 0.845703125 0.1962890625 0.8603515625 0.212890625 0.8671875 0.2041015625 0.865234375 0.1708984375 0.8564453125 0.16015625 0.8466796875 0.169921875 0.845703125 0.1962890625
2 0.8603515625 0.302734375 0.86328125 0.3173828125 0.8818359375 0.3359375 0.896484375 0.3291015625 0.8837890625 0.30859375 0.8603515625 0.302734375
2 0.931640625 0.5458984375 0.9384765625 0.548828125 0.955078125 0.5361328125 0.9609375 0.5146484375 0.9521484375 0.5078125 0.9326171875 0.52734375 0.931640625 0.5458984375
2 0.96875 0.9345703125 0.9833984375 0.939453125 0.98828125 0.9111328125 0.982421875 0.8662109375 0.9755859375 0.861328125 0.9345703125 0.86328125 0.943359375 0.8955078125 0.96484375 0.9169921875 0.96875 0.9345703125
2 0.349609375 0.3603515625 0.3642578125 0.375 0.380859375 0.3759765625 0.3828125 0.3603515625 0.3779296875 0.353515625 0.3486328125 0.3515625 0.349609375 0.3603515625
2 0.2744140625 0.373046875 0.275390625 0.3857421875 0.2841796875 0.390625 0.30078125 0.3818359375 0.2919921875 0.3671875 0.2744140625 0.373046875