2 0.3818359375 0.61328125 0.375 0.5947265625 0.3603515625 0.583984375 0.3388671875 0.583984375 0.318359375 0.5966796875 0.3203125 0.6279296875 0.3369140625 0.646484375 0.3662109375 0.642578125 0.376953125 0.6318359375 0.3818359375 0.61328125
2 0.3876953125 0.8359375 0.3740234375 0.82421875 0.3447265625 0.822265625 0.328125 0.8349609375 0.322265625 0.8544921875 0.3388671875 0.8828125 0.3564453125 0.88671875 0.37890625 0.8720703125 0.3876953125 0.8359375
2 0.7158203125 0.244140625 0.6943359375 0.2265625 0.6748046875 0.228515625 0.65625 0.2490234375 0.658203125 0.2705078125 0.6728515625 0.28515625 0.7041015625 0.283203125 0.71484375 0.2685546875 0.7158203125 0.244140625
2 0.5869140625 0.0859375 0.583984375 0.0732421875 0.5654296875 0.056640625 0.5400390625 0.052734375 0.529296875 0.0615234375 0.529296875 0.0888671875 0.5556640625 0.11328125 0.5791015625 0.109375 0.5869140625 0.0859375
2 0.8232421875 0.0703125 0.8076171875 0.048828125 0.7822265625 0.044921875 0.765625 0.0595703125 0.763671875 0.0810546875 0.7763671875 0.099609375 0.7958984375 0.103515625 0.8203125 0.0888671875 0.8232421875 0.0703125
2 0.8740234375 0.244140625 0.865234375 0.2158203125 0.8349609375 0.185546875 0.7939453125 0.1796875 0.76953125 0.2080078125 0.775390625 0.2216796875 0.765625 0.2431640625 0.76953125 0.2705078125 0.7783203125 0.279296875 0.8076171875 0.287109375 0.8134765625 0.298828125 0.8232421875 0.296875 0.8408203125 0.3046875 0.8583984375 0.29296875 0.875 0.2646484375 0.8740234375 0.244140625
2 0.8955078125 0.380859375 0.8896484375 0.37109375 0.8740234375 0.3671875 0.8515625 0.3818359375 0.8515625 0.3974609375 0.8642578125 0.408203125 0.8837890625 0.408203125 0.896484375 0.3916015625 0.8955078125 0.380859375
2 0.9326171875 0.64453125 0.8916015625 0.62890625 0.8701171875 0.630859375 0.85546875 0.6474609375 0.85546875 0.6669921875 0.8701171875 0.6875 0.8935546875 0.69140625 0.93359375 0.6572265625 0.9326171875 0.64453125
2 0.7646484375 0.55859375 0.7451171875 0.53515625 0.7177734375 0.537109375 0.712890625 0.5869140625 0.7255859375 0.59765625 0.7509765625 0.599609375 0.76171875 0.5869140625 0.7646484375 0.55859375
2 0.6982421875 0.44140625 0.6787109375 0.41796875 0.6474609375 0.419921875 0.63671875 0.4326171875 0.638671875 0.4658203125 0.6728515625 0.478515625 0.693359375 0.4677734375 0.6982421875 0.44140625
2 0.5009765625 0.4453125 0.4873046875 0.421875 0.4736328125 0.421875 0.44921875 0.4345703125 0.4375 0.4658203125 0.4443359375 0.474609375 0.4638671875 0.478515625 0.4892578125 0.474609375 0.501953125 0.4560546875 0.5009765625 0.4453125
2 0.2080078125 0.271484375 0.203125 0.2529296875 0.1923828125 0.2421875 0.1708984375 0.2421875 0.162109375 0.2490234375 0.1640625 0.2763671875 0.1708984375 0.28515625 0.1962890625 0.2890625 0.2080078125 0.271484375
2 0.2568359375 0.767578125 0.2431640625 0.763671875 0.2314453125 0.76953125 0.224609375 0.7802734375 0.228515625 0.7939453125 0.2412109375 0.796875 0.2529296875 0.787109375 0.2568359375 0.767578125
2 0.8427734375 0.92578125 0.837890625 0.9052734375 0.8193359375 0.892578125 0.7958984375 0.8984375 0.7861328125 0.91015625 0.765625 0.9169921875 0.765625 0.9267578125 0.783203125 0.9365234375 0.78515625 0.9521484375 0.7939453125 0.958984375 0.8330078125 0.953125 0.83984375 0.9462890625 0.8427734375 0.92578125
2 0.0947265625 0.466796875 0.0888671875 0.45703125 0.0751953125 0.451171875 0.05859375 0.4580078125 0.068359375 0.4736328125 0.0830078125 0.482421875 0.095703125 0.4775390625 0.0947265625 0.466796875
2 0.0634765625 0.234375 0.0400390625 0.22265625 0.033203125 0.2314453125 0.033203125 0.2470703125 0.0537109375 0.251953125 0.064453125 0.2412109375 0.0634765625 0.234375
2 0.0751953125 0.5546875 0.0537109375 0.548828125 0.048828125 0.5517578125 0.048828125 0.5673828125 0.0556640625 0.576171875 0.0712890625 0.578125 0.0751953125 0.5546875
2 0.3466796875 0.0390625 0.3349609375 0.021484375 0.3193359375 0.015625 0.302734375 0.0263671875 0.298828125 0.0517578125 0.3212890625 0.068359375 0.34765625 0.0458984375 0.3466796875 0.0390625