2 0.4658203125 0.869140625 0.4814453125 0.87109375 0.4921875 0.8623046875 0.4921875 0.8212890625 0.4873046875 0.81640625 0.4462890625 0.8125 0.4365234375 0.83984375 0.4453125 0.8544921875 0.4658203125 0.869140625
2 0.2353515625 0.75 0.25390625 0.7353515625 0.255859375 0.7197265625 0.2431640625 0.6953125 0.2158203125 0.689453125 0.205078125 0.6982421875 0.2041015625 0.7265625 0.2158203125 0.74609375 0.2353515625 0.75
2 0.1123046875 0.599609375 0.0859375 0.6044921875 0.0830078125 0.634765625 0.1025390625 0.658203125 0.1181640625 0.66015625 0.146484375 0.6259765625 0.1123046875 0.599609375
2 0.302734375 0.1767578125 0.3173828125 0.189453125 0.3408203125 0.185546875 0.349609375 0.1748046875 0.349609375 0.1474609375 0.3251953125 0.125 0.3095703125 0.123046875 0.30078125 0.1318359375 0.2939453125 0.158203125 0.302734375 0.1767578125
2 0.615234375 0.2900390625 0.611328125 0.2626953125 0.6064453125 0.2578125 0.5732421875 0.259765625 0.5634765625 0.291015625 0.5732421875 0.30859375 0.5986328125 0.310546875 0.615234375 0.2900390625
2 0.677734375 0.3896484375 0.677734375 0.3759765625 0.6689453125 0.365234375 0.6572265625 0.36328125 0.6435546875 0.384765625 0.6552734375 0.3984375 0.6669921875 0.3984375 0.677734375 0.3896484375
2 0.8466796875 0.2578125 0.859375 0.2470703125 0.859375 0.2275390625 0.8486328125 0.212890625 0.8212890625 0.20703125 0.802734375 0.2255859375 0.8037109375 0.240234375 0.8251953125 0.2578125 0.8466796875 0.2578125
2 0.8447265625 0.095703125 0.8603515625 0.09375 0.87109375 0.0791015625 0.8671875 0.0576171875 0.8583984375 0.046875 0.8291015625 0.046875 0.8232421875 0.060546875 0.83203125 0.0888671875 0.8447265625 0.095703125
2 0.8486328125 0.619140625 0.8251953125 0.615234375 0.8173828125 0.642578125 0.8291015625 0.66015625 0.8486328125 0.666015625 0.861328125 0.6298828125 0.8486328125 0.619140625
2 0.1728515625 0.037109375 0.1845703125 0.037109375 0.19140625 0.0302734375 0.1875 0.0107421875 0.1767578125 0.001953125 0.1513671875 0.001953125 0.1474609375 0.017578125 0.1533203125 0.02734375 0.1728515625 0.037109375
2 0.4951171875 0.689453125 0.509765625 0.6826171875 0.51171875 0.6513671875 0.4990234375 0.634765625 0.4755859375 0.62890625 0.4609375 0.6416015625 0.4580078125 0.654296875 0.4677734375 0.68359375 0.4951171875 0.689453125