2 0.630859375 0.9091796875 0.599609375 0.9287109375 0.6240234375 0.96484375 0.6474609375 0.970703125 0.66796875 0.9501953125 0.669921875 0.9306640625 0.6591796875 0.9140625 0.630859375 0.9091796875
2 0.638671875 0.9755859375 0.623046875 0.9912109375 0.6240234375 1 0.677734375 0.9990234375 0.67578125 0.9873046875 0.6630859375 0.9765625 0.638671875 0.9755859375
2 0.234375 0.7763671875 0.2197265625 0.779296875 0.205078125 0.7978515625 0.203125 0.8173828125 0.2138671875 0.8359375 0.2470703125 0.83203125 0.248046875 0.8056640625 0.27734375 0.7919921875 0.2705078125 0.783203125 0.234375 0.7763671875
2 0.5 0.5302734375 0.48828125 0.5361328125 0.484375 0.5615234375 0.4892578125 0.572265625 0.5185546875 0.58984375 0.53515625 0.5732421875 0.5390625 0.5458984375 0.5224609375 0.53125 0.5 0.5302734375
2 0.14453125 0.5419921875 0.130859375 0.5517578125 0.126953125 0.5634765625 0.126953125 0.5732421875 0.1357421875 0.58203125 0.1455078125 0.58203125 0.16015625 0.5712890625 0.158203125 0.5478515625 0.14453125 0.5419921875
2 0.060546875 0.6904296875 0.046875 0.6943359375 0.041015625 0.7236328125 0.0517578125 0.740234375 0.0654296875 0.74609375 0.087890625 0.7333984375 0.08984375 0.7119140625 0.0751953125 0.693359375 0.060546875 0.6904296875
2 0.33984375 0.6396484375 0.3203125 0.6552734375 0.322265625 0.6767578125 0.3369140625 0.689453125 0.3583984375 0.69140625 0.365234375 0.6845703125 0.365234375 0.6591796875 0.3544921875 0.64453125 0.33984375 0.6396484375
2 0.884765625 0.4892578125 0.875 0.4990234375 0.873046875 0.5380859375 0.9052734375 0.5546875 0.923828125 0.5302734375 0.923828125 0.4951171875 0.9169921875 0.48828125 0.884765625 0.4892578125
2 0.755859375 0.3701171875 0.734375 0.3798828125 0.73046875 0.4189453125 0.7451171875 0.43359375 0.7744140625 0.435546875 0.78515625 0.4248046875 0.78515625 0.3818359375 0.7822265625 0.375 0.755859375 0.3701171875
2 0.556640625 0.3779296875 0.5439453125 0.384765625 0.529296875 0.4052734375 0.53515625 0.4248046875 0.5517578125 0.439453125 0.5771484375 0.43359375 0.58984375 0.4130859375 0.58203125 0.3876953125 0.5673828125 0.376953125 0.556640625 0.3779296875
2 0.322265625 0.3779296875 0.3125 0.3896484375 0.3125 0.4091796875 0.302734375 0.4208984375 0.302734375 0.4326171875 0.310546875 0.4501953125 0.3271484375 0.4609375 0.3447265625 0.455078125 0.353515625 0.4443359375 0.357421875 0.4150390625 0.33984375 0.4033203125 0.337890625 0.3857421875 0.322265625 0.3779296875
2 0.6171875 0.5771484375 0.609375 0.5888671875 0.609375 0.6025390625 0.6259765625 0.607421875 0.63671875 0.5966796875 0.63671875 0.5830078125 0.6279296875 0.576171875 0.6171875 0.5771484375
2 0.443359375 0.1650390625 0.431640625 0.1728515625 0.43359375 0.1904296875 0.4501953125 0.201171875 0.4697265625 0.19921875 0.474609375 0.1787109375 0.4599609375 0.166015625 0.443359375 0.1650390625
2 0.677734375 0.1416015625 0.66796875 0.1494140625 0.666015625 0.1884765625 0.6787109375 0.1953125 0.7119140625 0.1953125 0.716796875 0.1845703125 0.7109375 0.1552734375 0.677734375 0.1416015625
2 0.806640625 0.1962890625 0.796875 0.2041015625 0.7998046875 0.22265625 0.8291015625 0.228515625 0.837890625 0.2216796875 0.83984375 0.2041015625 0.8349609375 0.197265625 0.806640625 0.1962890625
2 0.80859375 0.0615234375 0.794921875 0.0830078125 0.796875 0.0927734375 0.8076171875 0.099609375 0.8173828125 0.09765625 0.830078125 0.0791015625 0.8251953125 0.064453125 0.80859375 0.0615234375
2 0.193359375 0.1064453125 0.173828125 0.1220703125 0.16796875 0.1494140625 0.1845703125 0.16796875 0.2060546875 0.16796875 0.216796875 0.1572265625 0.21875 0.1396484375 0.20703125 0.1103515625 0.193359375 0.1064453125
2 0.41015625 0.0009765625 0.419921875 0.0224609375 0.4267578125 0.025390625 0.447265625 0.0068359375 0.4462890625 0 0.41015625 0.0009765625
2 0.716796875 0.4873046875 0.705078125 0.5029296875 0.7109375 0.5087890625 0.712890625 0.5341796875 0.7236328125 0.5390625 0.751953125 0.5244140625 0.759765625 0.4970703125 0.7392578125 0.486328125 0.716796875 0.4873046875
2 0.09375 0.3818359375 0.072265625 0.4169921875 0.0791015625 0.427734375 0.0927734375 0.431640625 0.11328125 0.3994140625 0.1064453125 0.38671875 0.09375 0.3818359375