2 0.064453125 0.3642578125 0.0830078125 0.3828125 0.1044921875 0.37890625 0.126953125 0.3623046875 0.1279296875 0.337890625 0.1025390625 0.314453125 0.0751953125 0.322265625 0.064453125 0.3642578125
2 0.0234375 0.2783203125 0.021484375 0.3154296875 0.0712890625 0.322265625 0.08203125 0.3017578125 0.0810546875 0.291015625 0.0517578125 0.267578125 0.0283203125 0.2734375 0.0234375 0.2783203125
2 0.3837890625 0.236328125 0.3505859375 0.236328125 0.333984375 0.2529296875 0.333984375 0.2646484375 0.3447265625 0.283203125 0.3564453125 0.2890625 0.3759765625 0.287109375 0.39453125 0.2783203125 0.3974609375 0.251953125 0.3837890625 0.236328125
2 0.25 0.2001953125 0.25 0.2197265625 0.2646484375 0.232421875 0.283203125 0.2255859375 0.2841796875 0.2109375 0.28125 0.2001953125 0.2626953125 0.1875 0.25 0.2001953125
2 0.9501953125 0.337890625 0.931640625 0.3623046875 0.931640625 0.3935546875 0.9443359375 0.404296875 0.9736328125 0.404296875 0.9921875 0.3857421875 0.9912109375 0.35546875 0.9775390625 0.337890625 0.9501953125 0.337890625
2 0.87890625 0.1201171875 0.8876953125 0.12890625 0.9072265625 0.13671875 0.9541015625 0.12109375 0.96484375 0.1123046875 0.9638671875 0.1015625 0.94921875 0.0849609375 0.9296875 0.0419921875 0.9091796875 0.025390625 0.8876953125 0.021484375 0.8671875 0.0458984375 0.875 0.0693359375 0.86328125 0.0751953125 0.86328125 0.0830078125 0.873046875 0.0908203125 0.87890625 0.1201171875
2 0.8603515625 0.265625 0.8525390625 0.24609375 0.8154296875 0.240234375 0.7978515625 0.244140625 0.783203125 0.2705078125 0.796875 0.3017578125 0.8173828125 0.3125 0.8408203125 0.310546875 0.85546875 0.2998046875 0.861328125 0.2880859375 0.8603515625 0.265625
2 0.6669921875 0.1953125 0.646484375 0.2275390625 0.6484375 0.2587890625 0.6630859375 0.265625 0.6943359375 0.263671875 0.712890625 0.2470703125 0.7119140625 0.23046875 0.6865234375 0.19921875 0.6669921875 0.1953125
2 0.5751953125 0.380859375 0.5693359375 0.3828125 0.56640625 0.4052734375 0.548828125 0.4443359375 0.5927734375 0.470703125 0.607421875 0.4423828125 0.6064453125 0.4296875 0.6015625 0.4052734375 0.5751953125 0.380859375
2 0.4541015625 0.08203125 0.427734375 0.1123046875 0.42578125 0.1337890625 0.4365234375 0.1484375 0.4697265625 0.1484375 0.482421875 0.1357421875 0.4814453125 0.119140625 0.4765625 0.0869140625 0.4541015625 0.08203125
2 0.3818359375 0.79296875 0.36328125 0.8076171875 0.361328125 0.8388671875 0.3701171875 0.853515625 0.4033203125 0.85546875 0.419921875 0.8369140625 0.4208984375 0.82421875 0.4033203125 0.794921875 0.3818359375 0.79296875
2 0.7587890625 0.810546875 0.755859375 0.8583984375 0.7900390625 0.876953125 0.80859375 0.8603515625 0.8095703125 0.826171875 0.8056640625 0.814453125 0.7841796875 0.806640625 0.7587890625 0.810546875
2 0.9111328125 0.8046875 0.927734375 0.7998046875 0.9306640625 0.767578125 0.9072265625 0.755859375 0.896484375 0.7607421875 0.8984375 0.7841796875 0.9111328125 0.8046875
2 0.80078125 0.1220703125 0.8232421875 0.12890625 0.8232421875 0.11328125 0.8203125 0.0908203125 0.8056640625 0.083984375 0.796875 0.0947265625 0.80078125 0.1220703125