2 0.7197265625 0.26171875 0.66015625 0.3212890625 0.662109375 0.3408203125 0.6748046875 0.3515625 0.6865234375 0.3515625 0.716796875 0.3251953125 0.724609375 0.3056640625 0.7578125 0.2763671875 0.7626953125 0.26171875 0.7548828125 0.255859375 0.7197265625 0.26171875
2 0.9931640625 0.03125 0.9833984375 0.0234375 0.9541015625 0.0234375 0.9453125 0.0439453125 0.9697265625 0.052734375 0.9833984375 0.046875 0.9931640625 0.03125
2 0.5703125 0.1083984375 0.5888671875 0.11328125 0.6494140625 0.103515625 0.658203125 0.0927734375 0.6572265625 0.072265625 0.6376953125 0.0703125 0.6123046875 0.087890625 0.5888671875 0.091796875 0.5703125 0.1083984375
2 0.9267578125 0.474609375 0.9013671875 0.470703125 0.8916015625 0.474609375 0.888671875 0.4833984375 0.8935546875 0.48828125 0.9150390625 0.48828125 0.9267578125 0.474609375
2 0.927734375 0.8740234375 0.9365234375 0.88671875 0.9716796875 0.888671875 0.9736328125 0.880859375 0.9521484375 0.86328125 0.927734375 0.8740234375
2 0.8984375 0.9208984375 0.9130859375 0.935546875 0.9365234375 0.935546875 0.947265625 0.9267578125 0.9462890625 0.9140625 0.9345703125 0.900390625 0.9189453125 0.8984375 0.90234375 0.9072265625 0.8984375 0.9208984375
2 0.806640625 0.8837890625 0.81640625 0.8740234375 0.8173828125 0.857421875 0.8017578125 0.845703125 0.7763671875 0.845703125 0.7685546875 0.853515625 0.7646484375 0.84765625 0.7578125 0.8603515625 0.763671875 0.8720703125 0.76171875 0.8876953125 0.7763671875 0.89453125 0.7802734375 0.904296875 0.8134765625 0.90234375 0.81640625 0.8935546875 0.806640625 0.8837890625
2 0.7705078125 0.6953125 0.7490234375 0.66015625 0.736328125 0.6669921875 0.734375 0.6787109375 0.7470703125 0.69140625 0.7646484375 0.69921875 0.7705078125 0.6953125
2 0.5263671875 0.63671875 0.548828125 0.6181640625 0.5498046875 0.59765625 0.5224609375 0.59375 0.513671875 0.6005859375 0.51171875 0.6279296875 0.5166015625 0.634765625 0.5263671875 0.63671875
2 0.5966796875 0.685546875 0.609375 0.6748046875 0.6083984375 0.6640625 0.5888671875 0.654296875 0.57421875 0.6630859375 0.57421875 0.6787109375 0.5869140625 0.6875 0.5966796875 0.685546875
2 0.4560546875 0.974609375 0.4248046875 0.9453125 0.408203125 0.9677734375 0.4169921875 0.984375 0.4287109375 0.986328125 0.4541015625 0.984375 0.4560546875 0.974609375
2 0.5068359375 0.9609375 0.4892578125 0.943359375 0.4794921875 0.9375 0.470703125 0.9423828125 0.466796875 0.9619140625 0.4853515625 0.982421875 0.5205078125 0.99609375 0.533203125 0.9912109375 0.5322265625 0.982421875 0.5224609375 0.966796875 0.5068359375 0.9609375
2 0.5244140625 0.93359375 0.5107421875 0.9140625 0.490234375 0.9033203125 0.49609375 0.9306640625 0.5107421875 0.9453125 0.5224609375 0.94921875 0.5244140625 0.93359375
2 0.4296875 0.9072265625 0.4384765625 0.9140625 0.4501953125 0.912109375 0.458984375 0.9033203125 0.4619140625 0.884765625 0.4521484375 0.876953125 0.4306640625 0.876953125 0.42578125 0.8837890625 0.4296875 0.9072265625
2 0.2294921875 0.80078125 0.2216796875 0.783203125 0.18359375 0.7744140625 0.18359375 0.7939453125 0.2041015625 0.8125 0.2275390625 0.8203125 0.2294921875 0.80078125
2 0.2177734375 0.83984375 0.1884765625 0.814453125 0.177734375 0.8271484375 0.185546875 0.8544921875 0.1982421875 0.86328125 0.21484375 0.8583984375 0.2177734375 0.83984375
2 0.2841796875 0.818359375 0.275390625 0.7783203125 0.2607421875 0.7734375 0.244140625 0.8291015625 0.2666015625 0.859375 0.283203125 0.8505859375 0.2841796875 0.818359375
2 0.068359375 0.7587890625 0.0732421875 0.775390625 0.0908203125 0.77734375 0.1015625 0.7685546875 0.1044921875 0.7421875 0.0986328125 0.732421875 0.0810546875 0.734375 0.07421875 0.7412109375 0.068359375 0.7587890625
2 0.033203125 0.8798828125 0.0400390625 0.900390625 0.0634765625 0.8984375 0.0673828125 0.884765625 0.0517578125 0.873046875 0.033203125 0.8798828125
2 0.0517578125 0.5859375 0.0322265625 0.568359375 0.0234375 0.5947265625 0.0498046875 0.599609375 0.0517578125 0.5859375
2 0.2451171875 0.544921875 0.26171875 0.5283203125 0.2626953125 0.5 0.2509765625 0.498046875 0.23828125 0.5107421875 0.232421875 0.5322265625 0.2353515625 0.546875 0.2451171875 0.544921875
2 0.3212890625 0.443359375 0.3076171875 0.419921875 0.2890625 0.4228515625 0.2890625 0.4365234375 0.3056640625 0.455078125 0.3193359375 0.45703125 0.3212890625 0.443359375
2 0.0712890625 0.09375 0.05078125 0.1123046875 0.03515625 0.1533203125 0.0478515625 0.1640625 0.0888671875 0.16015625 0.1015625 0.1455078125 0.1044921875 0.123046875 0.09765625 0.1201171875 0.0908203125 0.09375 0.0712890625 0.09375
2 0.1162109375 0.083984375 0.12109375 0.0810546875 0.1201171875 0.0625 0.109375 0.0126953125 0.0927734375 0.009765625 0.087890625 0.0302734375 0.10546875 0.0732421875 0.1162109375 0.083984375
2 0.1337890625 0 0.134765625 0.0185546875 0.1474609375 0.017578125 0.1591796875 0 0.1337890625 0
2 0.2197265625 0.4765625 0.2080078125 0.451171875 0.1796875 0.4443359375 0.19140625 0.4853515625 0.2021484375 0.501953125 0.220703125 0.4873046875 0.2197265625 0.4765625
2 0.0625 0.4267578125 0.046875 0.4462890625 0.0595703125 0.46875 0.0712890625 0.470703125 0.076171875 0.4658203125 0.091796875 0.4384765625 0.0908203125 0.421875 0.0830078125 0.41015625 0.0625 0.4033203125 0.0625 0.4267578125
2 0.4619140625 0.45703125 0.4755859375 0.455078125 0.4775390625 0.447265625 0.4189453125 0.435546875 0.4091796875 0.4375 0.40625 0.4443359375 0.4111328125 0.453125 0.4619140625 0.45703125
2 0.4755859375 0.46875 0.4404296875 0.45703125 0.4296875 0.4599609375 0.4326171875 0.470703125 0.4619140625 0.478515625 0.4736328125 0.478515625 0.4755859375 0.46875
2 0.9912109375 0.58984375 0.9697265625 0.5625 0.955078125 0.5751953125 0.953125 0.6005859375 0.9755859375 0.611328125 0.9921875 0.5986328125 0.9912109375 0.58984375