2 0.6171875 0.1005859375 0.607421875 0.0791015625 0.5966796875 0.072265625 0.58203125 0.0869140625 0.583984375 0.1083984375 0.6005859375 0.134765625 0.6171875 0.1376953125 0.6171875 0.1005859375
2 0.578125 0.1806640625 0.59375 0.1728515625 0.587890625 0.1416015625 0.5673828125 0.119140625 0.5341796875 0.107421875 0.525390625 0.1201171875 0.52734375 0.1416015625 0.5537109375 0.171875 0.578125 0.1806640625
2 0.732421875 0.3349609375 0.7421875 0.3271484375 0.73828125 0.3076171875 0.72265625 0.2822265625 0.7099609375 0.27734375 0.69921875 0.2861328125 0.701171875 0.2998046875 0.724609375 0.3330078125 0.732421875 0.3349609375
2 0.8896484375 0.40625 0.8994140625 0.419921875 0.919921875 0.4228515625 0.931640625 0.4013671875 0.91796875 0.3935546875 0.916015625 0.3701171875 0.9072265625 0.36328125 0.8955078125 0.365234375 0.880859375 0.3759765625 0.869140625 0.3974609375 0.8896484375 0.40625
2 0.98828125 0.4072265625 0.9638671875 0.41015625 0.958984375 0.4326171875 0.9638671875 0.4375 0.984375 0.4365234375 0.99609375 0.4228515625 0.98828125 0.4072265625
2 0.91796875 0.5849609375 0.9091796875 0.5703125 0.8994140625 0.568359375 0.888671875 0.5791015625 0.888671875 0.5888671875 0.8955078125 0.595703125 0.91015625 0.5966796875 0.91796875 0.5849609375
2 0.66796875 0.7509765625 0.6923828125 0.740234375 0.693359375 0.7333984375 0.6845703125 0.7265625 0.6572265625 0.7265625 0.650390625 0.7353515625 0.65234375 0.7431640625 0.6591796875 0.751953125 0.66796875 0.7509765625
2 0.6396484375 0.796875 0.662109375 0.7958984375 0.701171875 0.7509765625 0.701171875 0.7392578125 0.6884765625 0.7265625 0.6533203125 0.7265625 0.61328125 0.7509765625 0.61328125 0.7705078125 0.6240234375 0.7890625 0.6396484375 0.796875
2 0.671875 0.6650390625 0.66796875 0.6259765625 0.6572265625 0.619140625 0.64453125 0.6337890625 0.642578125 0.6455078125 0.6484375 0.6650390625 0.662109375 0.6728515625 0.671875 0.6650390625
2 0.341796875 0.7724609375 0.3515625 0.7587890625 0.3486328125 0.744140625 0.3291015625 0.732421875 0.30078125 0.7353515625 0.3056640625 0.75 0.3193359375 0.755859375 0.3349609375 0.7734375 0.341796875 0.7724609375
2 0 0.8056640625 0.005859375 0.8056640625 0.0205078125 0.798828125 0.064453125 0.7978515625 0.07421875 0.7685546875 0.07421875 0.7216796875 0.0654296875 0.7109375 0.0615234375 0.716796875 0.0517578125 0.7109375 0.0439453125 0.716796875 0 0.7158203125 0 0.8056640625
2 0 0.4658203125 0.009765625 0.4658203125 0.021484375 0.4580078125 0.021484375 0.4501953125 0.0107421875 0.443359375 0 0.4462890625 0 0.4658203125
2 0.212890625 0.2294921875 0.21484375 0.2158203125 0.1982421875 0.212890625 0.19921875 0.2275390625 0.212890625 0.2294921875
2 0.7939453125 0.841796875 0.806640625 0.8408203125 0.8515625 0.8115234375 0.84375 0.7705078125 0.8251953125 0.751953125 0.7919921875 0.7578125 0.763671875 0.7802734375 0.783203125 0.8134765625 0.783203125 0.8349609375 0.7939453125 0.841796875
2 0.7998046875 0.896484375 0.8046875 0.8876953125 0.7900390625 0.869140625 0.7822265625 0.869140625 0.767578125 0.8896484375 0.767578125 0.8994140625 0.78125 0.9052734375 0.7998046875 0.896484375
2 0.8505859375 0.90234375 0.857421875 0.8896484375 0.8525390625 0.8671875 0.8251953125 0.873046875 0.81640625 0.8857421875 0.8232421875 0.908203125 0.83984375 0.9072265625 0.8505859375 0.90234375
2 0.91015625 0.9482421875 0.9072265625 0.927734375 0.8525390625 0.927734375 0.845703125 0.9365234375 0.8505859375 0.94921875 0.8759765625 0.947265625 0.90234375 0.9541015625 0.91015625 0.9482421875
2 1 0.8720703125 0.9853515625 0.865234375 0.9404296875 0.8671875 0.935546875 0.8720703125 0.9375 0.8916015625 0.9638671875 0.916015625 0.9765625 0.9150390625 1 0.9111328125 1 0.8720703125