2 0.875 0.9287109375 0.8525390625 0.9296875 0.845703125 0.9462890625 0.8955078125 0.95703125 0.908203125 0.9521484375 0.9072265625 0.9296875 0.875 0.9287109375
2 0.7802734375 0.9375 0.7900390625 0.935546875 0.80859375 0.9130859375 0.8046875 0.8837890625 0.787109375 0.8720703125 0.765625 0.8974609375 0.771484375 0.9072265625 0.76953125 0.9228515625 0.7802734375 0.9375
2 0.767578125 0.7802734375 0.763671875 0.7861328125 0.771484375 0.8017578125 0.7861328125 0.81640625 0.84375 0.7958984375 0.8349609375 0.779296875 0.767578125 0.7802734375
2 0.6513671875 0.80078125 0.6708984375 0.791015625 0.67578125 0.7724609375 0.6953125 0.7529296875 0.697265625 0.7412109375 0.6904296875 0.732421875 0.65625 0.7314453125 0.615234375 0.7744140625 0.6357421875 0.798828125 0.6513671875 0.80078125
2 0.673828125 0.6669921875 0.66796875 0.6259765625 0.65625 0.6220703125 0.642578125 0.6357421875 0.642578125 0.6591796875 0.6533203125 0.67578125 0.6689453125 0.677734375 0.673828125 0.6669921875
2 0.923828125 0.6064453125 0.9140625 0.5732421875 0.8984375 0.5693359375 0.884765625 0.5849609375 0.884765625 0.6142578125 0.8896484375 0.62109375 0.9189453125 0.6171875 0.923828125 0.6064453125
2 0.8994140625 0.421875 0.9150390625 0.427734375 0.927734375 0.4169921875 0.931640625 0.4033203125 0.916015625 0.3955078125 0.916015625 0.3720703125 0.8984375 0.3681640625 0.87890625 0.3798828125 0.876953125 0.3974609375 0.8994140625 0.421875
2 0.4912109375 0.25 0.4716796875 0.23828125 0.455078125 0.2373046875 0.451171875 0.2451171875 0.4599609375 0.265625 0.4814453125 0.279296875 0.501953125 0.2763671875 0.4912109375 0.25
2 0.353515625 0.7470703125 0.3212890625 0.71875 0.3046875 0.7158203125 0.294921875 0.7216796875 0.30078125 0.7470703125 0.3349609375 0.775390625 0.3466796875 0.7734375 0.353515625 0.7470703125
2 0 0.8017578125 0.0400390625 0.794921875 0.048828125 0.7880859375 0.048828125 0.7529296875 0.0419921875 0.74609375 0.0283203125 0.74609375 0.0146484375 0.73046875 0 0.7275390625 0 0.8017578125
2 0 0.4970703125 0.0068359375 0.498046875 0.0283203125 0.490234375 0.037109375 0.4794921875 0.029296875 0.4736328125 0.03515625 0.4619140625 0.025390625 0.4404296875 0.0283203125 0.43359375 0.0390625 0.4326171875 0.0126953125 0.404296875 0 0.4033203125 0 0.4970703125
2 0.216796875 0.2255859375 0.21484375 0.2060546875 0.201171875 0.2001953125 0.19140625 0.2060546875 0.193359375 0.2216796875 0.2001953125 0.232421875 0.2119140625 0.232421875 0.216796875 0.2255859375
2 0.29296875 0.0966796875 0.28515625 0.1025390625 0.28515625 0.1142578125 0.2978515625 0.12109375 0.306640625 0.1162109375 0.306640625 0.1025390625 0.29296875 0.0966796875
2 0.623046875 0.1181640625 0.607421875 0.0810546875 0.59375 0.0751953125 0.58203125 0.0888671875 0.5859375 0.1162109375 0.6025390625 0.13671875 0.6162109375 0.138671875 0.623046875 0.1181640625
2 0.53515625 0.1552734375 0.5654296875 0.18359375 0.5830078125 0.181640625 0.587890625 0.1689453125 0.580078125 0.1611328125 0.580078125 0.1455078125 0.5703125 0.1279296875 0.5419921875 0.107421875 0.53125 0.1083984375 0.525390625 0.1376953125 0.53515625 0.1552734375
2 0.7333984375 0.3359375 0.7421875 0.3271484375 0.73828125 0.3095703125 0.720703125 0.2822265625 0.708984375 0.2802734375 0.69921875 0.2880859375 0.701171875 0.3017578125 0.720703125 0.3291015625 0.7333984375 0.3359375