2 0.0615234375 0.541015625 0.03125 0.5634765625 0.03125 0.5849609375 0.0498046875 0.599609375 0.0712890625 0.59765625 0.09375 0.5810546875 0.0947265625 0.5546875 0.0810546875 0.54296875 0.0615234375 0.541015625
2 0.1376953125 0.443359375 0.123046875 0.4541015625 0.123046875 0.4755859375 0.1376953125 0.498046875 0.1630859375 0.498046875 0.17578125 0.4833984375 0.1826171875 0.458984375 0.1708984375 0.44140625 0.1376953125 0.443359375
2 0.2353515625 0.310546875 0.21484375 0.3310546875 0.212890625 0.3486328125 0.2392578125 0.37109375 0.2548828125 0.375 0.27734375 0.3603515625 0.2822265625 0.330078125 0.2607421875 0.310546875 0.2353515625 0.310546875
2 0.3818359375 0.05859375 0.36328125 0.0947265625 0.3671875 0.1240234375 0.3740234375 0.1328125 0.3818359375 0.1328125 0.392578125 0.1220703125 0.3935546875 0.09765625 0.388671875 0.0673828125 0.3818359375 0.05859375
2 0.501953125 0.3076171875 0.5166015625 0.310546875 0.5302734375 0.28515625 0.5244140625 0.267578125 0.5107421875 0.271484375 0.5 0.2919921875 0.501953125 0.3076171875
2 0.5751953125 0.48828125 0.54296875 0.5087890625 0.537109375 0.5458984375 0.5517578125 0.55859375 0.5751953125 0.564453125 0.6015625 0.5458984375 0.6044921875 0.521484375 0.59765625 0.4970703125 0.5751953125 0.48828125
2 0.765625 0.5517578125 0.7373046875 0.52734375 0.7080078125 0.52734375 0.703125 0.5322265625 0.69921875 0.5712890625 0.7177734375 0.599609375 0.7529296875 0.591796875 0.765625 0.5810546875 0.7685546875 0.568359375 0.765625 0.5517578125
2 0.6220703125 0.82421875 0.603515625 0.8369140625 0.599609375 0.8505859375 0.6103515625 0.865234375 0.6220703125 0.8671875 0.642578125 0.8544921875 0.6435546875 0.83984375 0.6357421875 0.828125 0.6220703125 0.82421875
2 0.552734375 0.7197265625 0.5595703125 0.73046875 0.5673828125 0.73046875 0.580078125 0.7138671875 0.5810546875 0.685546875 0.5693359375 0.677734375 0.556640625 0.6962890625 0.552734375 0.7197265625
2 0.2861328125 0.7734375 0.26953125 0.7939453125 0.275390625 0.8251953125 0.2841796875 0.83203125 0.3076171875 0.830078125 0.318359375 0.8134765625 0.3193359375 0.791015625 0.3037109375 0.77734375 0.2861328125 0.7734375
2 0.7333984375 0.76171875 0.70703125 0.7861328125 0.69140625 0.8154296875 0.69140625 0.8291015625 0.6982421875 0.8359375 0.716796875 0.8310546875 0.720703125 0.8115234375 0.740234375 0.7841796875 0.7451171875 0.763671875 0.7333984375 0.76171875
2 0.68359375 0.7431640625 0.681640625 0.7626953125 0.6943359375 0.78125 0.7177734375 0.77734375 0.7197265625 0.765625 0.7041015625 0.736328125 0.6904296875 0.736328125 0.68359375 0.7431640625
2 0.853515625 0.4365234375 0.8583984375 0.44140625 0.8701171875 0.439453125 0.880859375 0.4248046875 0.8818359375 0.3984375 0.8759765625 0.384765625 0.857421875 0.3974609375 0.853515625 0.4365234375
2 0.1025390625 0.35546875 0.09765625 0.3603515625 0.099609375 0.3740234375 0.1064453125 0.37890625 0.1259765625 0.375 0.14453125 0.3603515625 0.1494140625 0.345703125 0.1337890625 0.34375 0.1025390625 0.35546875
2 0.4033203125 0.830078125 0.412109375 0.8154296875 0.4150390625 0.783203125 0.4033203125 0.78125 0.3837890625 0.79296875 0.3671875 0.8251953125 0.4033203125 0.830078125