2 0.96875 0.1298828125 0.9365234375 0.12109375 0.93359375 0.1552734375 0.9453125 0.1884765625 0.953125 0.1884765625 0.9677734375 0.1875 0.97265625 0.1806640625 0.966796875 0.1748046875 0.96875 0.1298828125
2 1 0.2333984375 0.9580078125 0.232421875 0.953125 0.2373046875 0.955078125 0.2724609375 0.9697265625 0.28125 0.98828125 0.2802734375 1 0.2763671875 1 0.2333984375
2 1 0.2021484375 0.9853515625 0.181640625 0.9501953125 0.1875 0.939453125 0.2021484375 0.9375 0.2197265625 0.955078125 0.2275390625 1 0.2236328125 1 0.2021484375
2 0.208984375 0.2919921875 0.224609375 0.2802734375 0.2138671875 0.234375 0.1982421875 0.232421875 0.15625 0.2509765625 0.1552734375 0.2734375 0.208984375 0.2919921875
2 0.056640625 0.2294921875 0.0751953125 0.248046875 0.08984375 0.2490234375 0.095703125 0.2431640625 0.09765625 0.2158203125 0.0869140625 0.203125 0.0732421875 0.19921875 0.056640625 0.2294921875
2 0.087890625 0.0810546875 0.0732421875 0.0703125 0.0458984375 0.072265625 0.0283203125 0.064453125 0.025390625 0.0830078125 0.01171875 0.1064453125 0.0244140625 0.103515625 0.0380859375 0.111328125 0.05859375 0.1103515625 0.06640625 0.0888671875 0.087890625 0.0810546875
2 0.404296875 0.0263671875 0.412109375 0.0517578125 0.421875 0.0556640625 0.4296875 0.0478515625 0.427734375 0.0068359375 0.4130859375 0.00390625 0.404296875 0.0107421875 0.404296875 0.0263671875
2 0.5615234375 0.228515625 0.5478515625 0.205078125 0.5341796875 0.2109375 0.525390625 0.2236328125 0.5390625 0.2548828125 0.5517578125 0.263671875 0.564453125 0.2626953125 0.5732421875 0.259765625 0.595703125 0.2314453125 0.5615234375 0.228515625
2 0.2431640625 0.4140625 0.2275390625 0.419921875 0.21484375 0.4345703125 0.2197265625 0.451171875 0.236328125 0.4501953125 0.2529296875 0.447265625 0.2578125 0.4384765625 0.255859375 0.4228515625 0.2431640625 0.4140625
2 0.353515625 0.6298828125 0.3828125 0.5849609375 0.3798828125 0.57421875 0.3583984375 0.576171875 0.3359375 0.6005859375 0.34375 0.6259765625 0.353515625 0.6298828125
2 0.517578125 0.7861328125 0.529296875 0.7724609375 0.529296875 0.7607421875 0.517578125 0.7255859375 0.505859375 0.7080078125 0.4951171875 0.703125 0.484375 0.7119140625 0.482421875 0.7255859375 0.4921875 0.7509765625 0.5 0.7568359375 0.501953125 0.7783203125 0.5068359375 0.78515625 0.517578125 0.7861328125
2 0.66015625 0.8916015625 0.671875 0.8779296875 0.673828125 0.8642578125 0.6435546875 0.861328125 0.63671875 0.8681640625 0.638671875 0.8837890625 0.66015625 0.8916015625
2 0.67578125 0.8642578125 0.703125 0.8291015625 0.7001953125 0.814453125 0.6884765625 0.814453125 0.669921875 0.8291015625 0.66796875 0.8486328125 0.67578125 0.8642578125
2 0.59765625 0.9990234375 0.6015625 0.9716796875 0.5908203125 0.962890625 0.57421875 0.9736328125 0.564453125 0.9951171875 0.5673828125 1 0.59765625 0.9990234375
2 0.326171875 0.9990234375 0.32421875 0.9833984375 0.3115234375 0.970703125 0.2919921875 0.974609375 0.283203125 0.9873046875 0.2841796875 1 0.326171875 0.9990234375
2 0.16015625 0.8642578125 0.1650390625 0.875 0.18359375 0.8759765625 0.236328125 0.8291015625 0.2421875 0.8193359375 0.2373046875 0.80078125 0.1904296875 0.830078125 0.16015625 0.8642578125
2 0.6025390625 0.7109375 0.599609375 0.7236328125 0.61328125 0.7490234375 0.6298828125 0.76171875 0.640625 0.7607421875 0.65234375 0.7333984375 0.650390625 0.7197265625 0.6201171875 0.70703125 0.6025390625 0.7109375
2 0.67578125 0.7568359375 0.6787109375 0.765625 0.685546875 0.7646484375 0.73046875 0.7392578125 0.734375 0.7216796875 0.7255859375 0.712890625 0.7041015625 0.72265625 0.67578125 0.7568359375
2 0.69140625 0.3212890625 0.705078125 0.3486328125 0.716796875 0.3486328125 0.740234375 0.3173828125 0.740234375 0.3056640625 0.7333984375 0.30078125 0.7060546875 0.306640625 0.69140625 0.3212890625
2 0.3330078125 0.3671875 0.291015625 0.3642578125 0.298828125 0.3896484375 0.3076171875 0.3984375 0.328125 0.3994140625 0.34765625 0.3896484375 0.359375 0.3740234375 0.3583984375 0.359375 0.3330078125 0.3671875
2 0.3876953125 0.349609375 0.375 0.3798828125 0.390625 0.3798828125 0.4189453125 0.376953125 0.431640625 0.3642578125 0.431640625 0.3564453125 0.4111328125 0.34765625 0.3876953125 0.349609375
2 0.4462890625 0.33984375 0.4384765625 0.349609375 0.4296875 0.3447265625 0.4443359375 0.36328125 0.458984375 0.3623046875 0.4892578125 0.35546875 0.494140625 0.3427734375 0.4658203125 0.333984375 0.4462890625 0.33984375