2 0.09765625 0.7880859375 0.10546875 0.7685546875 0.0966796875 0.7578125 0.0751953125 0.763671875 0.060546875 0.7822265625 0.064453125 0.8017578125 0.08203125 0.8037109375 0.09765625 0.7880859375
2 0 0.8759765625 0.017578125 0.8798828125 0.03125 0.8662109375 0.03125 0.8486328125 0.0224609375 0.837890625 0.0068359375 0.837890625 0 0.8427734375 0 0.8759765625
2 0.1162109375 0.646484375 0.099609375 0.6552734375 0.08984375 0.6767578125 0.08984375 0.6943359375 0.103515625 0.6962890625 0.12109375 0.6572265625 0.1162109375 0.646484375
2 0.27734375 0.5830078125 0.2890625 0.5751953125 0.296875 0.5537109375 0.2841796875 0.544921875 0.2626953125 0.546875 0.25 0.5615234375 0.25390625 0.5751953125 0.2646484375 0.583984375 0.27734375 0.5830078125
2 0.201171875 0.4990234375 0.208984375 0.4892578125 0.20703125 0.4697265625 0.1865234375 0.453125 0.1728515625 0.455078125 0.169921875 0.4658203125 0.17578125 0.4833984375 0.1904296875 0.5 0.201171875 0.4990234375
2 0.3134765625 0.359375 0.2939453125 0.36328125 0.287109375 0.3720703125 0.2998046875 0.390625 0.30859375 0.3916015625 0.322265625 0.3798828125 0.3134765625 0.359375
2 0.431640625 0.2021484375 0.44921875 0.1923828125 0.451171875 0.1748046875 0.4462890625 0.169921875 0.4091796875 0.16796875 0.392578125 0.1787109375 0.3935546875 0.1953125 0.4130859375 0.203125 0.431640625 0.2021484375
2 0.396484375 0.2255859375 0.396484375 0.2138671875 0.3896484375 0.208984375 0.3740234375 0.208984375 0.365234375 0.2177734375 0.3671875 0.2353515625 0.37890625 0.2373046875 0.396484375 0.2255859375
2 0.134765625 0.2587890625 0.1484375 0.2470703125 0.14453125 0.2294921875 0.1259765625 0.21875 0.1103515625 0.22265625 0.103515625 0.2314453125 0.103515625 0.2451171875 0.1162109375 0.2578125 0.134765625 0.2587890625
2 0.068359375 0.1923828125 0.08203125 0.1787109375 0.072265625 0.1533203125 0.0576171875 0.142578125 0.0361328125 0.14453125 0.02734375 0.1552734375 0.02734375 0.1748046875 0.0556640625 0.193359375 0.068359375 0.1923828125
2 0.171875 0.3623046875 0.1748046875 0.35546875 0.1796875 0.3583984375 0.171875 0.3408203125 0.1435546875 0.314453125 0.14453125 0.3310546875 0.150390625 0.3330078125 0.16015625 0.3564453125 0.171875 0.3623046875
2 0.201171875 0.4111328125 0.19921875 0.3916015625 0.1708984375 0.37109375 0.173828125 0.4091796875 0.201171875 0.4111328125
2 0.1767578125 0.298828125 0.171875 0.3076171875 0.173828125 0.3291015625 0.1787109375 0.33984375 0.185546875 0.3388671875 0.193359375 0.3076171875 0.1767578125 0.298828125
2 0.029296875 0.3505859375 0.0146484375 0.326171875 0 0.3251953125 0.0009765625 0.34765625 0.029296875 0.3505859375
2 0.173828125 0.4521484375 0.1904296875 0.44921875 0.19140625 0.4384765625 0.1748046875 0.419921875 0.1669921875 0.419921875 0.15625 0.4267578125 0.15625 0.4345703125 0.166015625 0.4501953125 0.173828125 0.4521484375
2 0.162109375 0.8935546875 0.154296875 0.8759765625 0.1435546875 0.869140625 0.1142578125 0.87109375 0.099609375 0.8876953125 0.1083984375 0.900390625 0.140625 0.9052734375 0.162109375 0.8935546875
2 0.23828125 0.9091796875 0.236328125 0.8955078125 0.2236328125 0.8828125 0.2138671875 0.8828125 0.1953125 0.9091796875 0.197265625 0.9306640625 0.212890625 0.9365234375 0.23828125 0.9091796875
2 0.34765625 0.9990234375 0.3310546875 0.96875 0.31640625 0.9775390625 0.3154296875 1 0.34765625 0.9990234375
2 0.37890625 0.9990234375 0.388671875 0.9892578125 0.390625 0.9697265625 0.3818359375 0.94921875 0.3662109375 0.94921875 0.3515625 0.9677734375 0.353515625 0.9931640625 0.3564453125 1 0.37890625 0.9990234375
2 0.5166015625 0.84765625 0.4970703125 0.849609375 0.48046875 0.8623046875 0.490234375 0.9052734375 0.5 0.9111328125 0.51953125 0.8935546875 0.5166015625 0.84765625
2 0.78515625 0.8662109375 0.775390625 0.8408203125 0.7529296875 0.826171875 0.7333984375 0.828125 0.75 0.8701171875 0.7646484375 0.884765625 0.779296875 0.8857421875 0.78515625 0.8662109375
2 0.7138671875 0.787109375 0.7001953125 0.787109375 0.6953125 0.7939453125 0.701171875 0.8076171875 0.728515625 0.8251953125 0.734375 0.8076171875 0.7138671875 0.787109375
2 0.8828125 0.5029296875 0.890625 0.4931640625 0.890625 0.4794921875 0.8740234375 0.458984375 0.8681640625 0.458984375 0.85546875 0.4677734375 0.85546875 0.4814453125 0.8701171875 0.50390625 0.8828125 0.5029296875
2 0.958984375 0.5205078125 0.95703125 0.4990234375 0.9443359375 0.490234375 0.9267578125 0.490234375 0.919921875 0.4970703125 0.921875 0.5224609375 0.951171875 0.5263671875 0.958984375 0.5205078125
2 0.798828125 0.5263671875 0.8095703125 0.51171875 0.828125 0.5009765625 0.830078125 0.4833984375 0.8251953125 0.474609375 0.7958984375 0.462890625 0.787109375 0.4755859375 0.78515625 0.5205078125 0.798828125 0.5263671875
2 0.7578125 0.4990234375 0.763671875 0.4853515625 0.7490234375 0.421875 0.740234375 0.4248046875 0.72265625 0.4677734375 0.728515625 0.4990234375 0.744140625 0.5068359375 0.7578125 0.4990234375
2 0.6181640625 0.4375 0.6025390625 0.439453125 0.5703125 0.4580078125 0.568359375 0.4736328125 0.591796875 0.4853515625 0.623046875 0.4521484375 0.6181640625 0.4375
2 0.638671875 0.4931640625 0.66796875 0.4697265625 0.67578125 0.4287109375 0.6572265625 0.41796875 0.65234375 0.4189453125 0.63671875 0.4619140625 0.6171875 0.4873046875 0.6240234375 0.494140625 0.638671875 0.4931640625
2 0.6123046875 0.560546875 0.5986328125 0.56640625 0.591796875 0.5771484375 0.5947265625 0.5859375 0.607421875 0.5869140625 0.6171875 0.5791015625 0.6123046875 0.560546875
2 0.84375 0.7666015625 0.84375 0.7587890625 0.8330078125 0.748046875 0.8134765625 0.75 0.8046875 0.7607421875 0.806640625 0.7841796875 0.826171875 0.7900390625 0.84375 0.7666015625
2 0.8662109375 0.892578125 0.876953125 0.8916015625 0.88671875 0.8837890625 0.88671875 0.8505859375 0.87890625 0.8349609375 0.8623046875 0.82421875 0.853515625 0.8369140625 0.85546875 0.8681640625 0.859375 0.8857421875 0.8662109375 0.892578125
2 0.998046875 0.9404296875 0.9853515625 0.927734375 0.9521484375 0.9140625 0.939453125 0.9189453125 0.9453125 0.9345703125 0.9560546875 0.943359375 0.990234375 0.9482421875 0.998046875 0.9404296875
2 0.9990234375 0.947265625 1 0.9384765625 0.9541015625 0.9140625 0.9404296875 0.9140625 0.91796875 0.9267578125 0.9248046875 0.94140625 0.98828125 0.9501953125 0.9990234375 0.947265625
2 0.91796875 0.9580078125 0.919921875 0.9501953125 0.9111328125 0.939453125 0.8994140625 0.9375 0.87890625 0.9501953125 0.87890625 0.9599609375 0.89453125 0.9677734375 0.91796875 0.9580078125
2 0.82421875 0.8701171875 0.8095703125 0.84765625 0.7958984375 0.84765625 0.791015625 0.8525390625 0.79296875 0.8896484375 0.8076171875 0.90234375 0.822265625 0.9013671875 0.82421875 0.8701171875
2 0.9814453125 0.66796875 0.9921875 0.6572265625 0.9912109375 0.638671875 0.9716796875 0.63671875 0.955078125 0.6435546875 0.95703125 0.6669921875 0.96484375 0.6728515625 0.9814453125 0.66796875
2 0.87109375 0.6318359375 0.865234375 0.6044921875 0.8564453125 0.595703125 0.84765625 0.5986328125 0.841796875 0.6162109375 0.837890625 0.6611328125 0.845703125 0.6630859375 0.87109375 0.6318359375
2 0.78125 0.6318359375 0.78515625 0.6103515625 0.7802734375 0.603515625 0.7705078125 0.60546875 0.7265625 0.6455078125 0.72265625 0.6552734375 0.732421875 0.6611328125 0.78125 0.6318359375
2 0.56640625 0.6748046875 0.57421875 0.6669921875 0.576171875 0.6396484375 0.583984375 0.6298828125 0.5771484375 0.615234375 0.5576171875 0.6171875 0.541015625 0.6396484375 0.54296875 0.6572265625 0.56640625 0.6748046875
2 0.5673828125 0.798828125 0.5478515625 0.798828125 0.517578125 0.8095703125 0.5263671875 0.826171875 0.548828125 0.8291015625 0.57421875 0.8115234375 0.5673828125 0.798828125
2 0.626953125 0.9365234375 0.626953125 0.9287109375 0.6044921875 0.8984375 0.5908203125 0.896484375 0.583984375 0.9091796875 0.587890625 0.9365234375 0.615234375 0.9462890625 0.626953125 0.9365234375
2 0.423828125 0.7880859375 0.419921875 0.7705078125 0.4091796875 0.76171875 0.3935546875 0.765625 0.3828125 0.7822265625 0.384765625 0.7998046875 0.400390625 0.8037109375 0.423828125 0.7880859375
2 0.615234375 0.1494140625 0.62109375 0.1455078125 0.615234375 0.1259765625 0.5966796875 0.109375 0.5830078125 0.10546875 0.578125 0.1240234375 0.583984375 0.1357421875 0.6044921875 0.150390625 0.615234375 0.1494140625
2 0.48828125 0.0009765625 0.4951171875 0.01953125 0.529296875 0.0361328125 0.52734375 0.0224609375 0.5068359375 0 0.48828125 0.0009765625
2 0.453125 0.0927734375 0.470703125 0.0966796875 0.4765625 0.0810546875 0.46484375 0.0693359375 0.4609375 0.0322265625 0.4560546875 0.025390625 0.4404296875 0.025390625 0.44140625 0.0576171875 0.451171875 0.0732421875 0.453125 0.0927734375
2 0.412109375 0.1181640625 0.41015625 0.0927734375 0.3857421875 0.083984375 0.380859375 0.0888671875 0.384765625 0.1240234375 0.3935546875 0.1328125 0.40234375 0.1318359375 0.412109375 0.1181640625
2 0.7783203125 0 0.76171875 0.0166015625 0.76171875 0.0244140625 0.771484375 0.0263671875 0.763671875 0.0341796875 0.7734375 0.0361328125 0.798828125 0.0166015625 0.8017578125 0 0.7783203125 0
2 0.931640625 0.3935546875 0.9248046875 0.388671875 0.9033203125 0.390625 0.90234375 0.4091796875 0.935546875 0.4326171875 0.94140625 0.4189453125 0.931640625 0.3935546875
2 0.9296875 0.2314453125 0.9169921875 0.224609375 0.89453125 0.2607421875 0.9013671875 0.26953125 0.9140625 0.2685546875 0.9296875 0.2431640625 0.9296875 0.2314453125
2 0.888671875 0.2451171875 0.8857421875 0.216796875 0.8740234375 0.21875 0.859375 0.2333984375 0.861328125 0.2509765625 0.8701171875 0.259765625 0.87890625 0.2587890625 0.888671875 0.2451171875
2 0.849609375 0.3720703125 0.8515625 0.3603515625 0.8349609375 0.33984375 0.830078125 0.3427734375 0.830078125 0.3603515625 0.833984375 0.3701171875 0.84375 0.3740234375 0.849609375 0.3720703125
2 0.689453125 0.3623046875 0.69140625 0.3291015625 0.6708984375 0.314453125 0.662109375 0.3271484375 0.662109375 0.3564453125 0.6689453125 0.3671875 0.68359375 0.3662109375 0.689453125 0.3623046875