2 0.841796875 0.6474609375 0.8623046875 0.6640625 0.8935546875 0.658203125 0.912109375 0.6357421875 0.9150390625 0.58984375 0.8955078125 0.57421875 0.8603515625 0.57421875 0.841796875 0.5908203125 0.8359375 0.6064453125 0.841796875 0.6474609375
2 0.9326171875 0.400390625 0.890625 0.4326171875 0.888671875 0.4599609375 0.8984375 0.4853515625 0.9150390625 0.5 0.9462890625 0.501953125 0.978515625 0.4892578125 0.99609375 0.4697265625 0.9970703125 0.44921875 0.9814453125 0.412109375 0.9521484375 0.400390625 0.9326171875 0.400390625
2 0.0390625 0.7001953125 0.0390625 0.7099609375 0.0576171875 0.720703125 0.0693359375 0.720703125 0.0712890625 0.70703125 0.0595703125 0.693359375 0.0390625 0.7001953125
2 0.033203125 0.3603515625 0.03515625 0.3759765625 0.0556640625 0.37890625 0.0625 0.3681640625 0.0615234375 0.35546875 0.0400390625 0.3515625 0.033203125 0.3603515625
2 0.1005859375 0.2734375 0.07421875 0.3134765625 0.07421875 0.3271484375 0.0791015625 0.33203125 0.0927734375 0.330078125 0.1123046875 0.302734375 0.2001953125 0.263671875 0.234375 0.2314453125 0.2353515625 0.22265625 0.2236328125 0.21875 0.1494140625 0.263671875 0.1005859375 0.2734375
2 0.2314453125 0.16796875 0.1962890625 0.166015625 0.1806640625 0.16796875 0.17578125 0.1748046875 0.1806640625 0.18359375 0.1962890625 0.185546875 0.2255859375 0.1796875 0.2314453125 0.16796875
2 0.3017578125 0.18359375 0.2822265625 0.181640625 0.2685546875 0.1875 0.25390625 0.2021484375 0.25390625 0.2119140625 0.2724609375 0.2109375 0.2939453125 0.197265625 0.3017578125 0.18359375
2 0.029296875 0.4052734375 0.0234375 0.4208984375 0.0283203125 0.431640625 0.05078125 0.4130859375 0.0517578125 0.39453125 0.0439453125 0.392578125 0.029296875 0.4052734375
2 0.0361328125 0.3828125 0.0556640625 0.37890625 0.0634765625 0.357421875 0.0458984375 0.349609375 0.0166015625 0.35546875 0 0.3701171875 0.0009765625 0.455078125 0.029296875 0.3916015625 0.0361328125 0.3828125
2 0.38671875 0.9697265625 0.3671875 0.9970703125 0.4794921875 1 0.5078125 0.9560546875 0.5068359375 0.94140625 0.4931640625 0.921875 0.4755859375 0.9140625 0.4306640625 0.923828125 0.388671875 0.9580078125 0.38671875 0.9697265625
2 0.6884765625 1 0.7158203125 0.998046875 0.7099609375 0.978515625 0.6943359375 0.9765625 0.6875 0.9814453125 0.6884765625 1
2 0.78125 0.7685546875 0.7880859375 0.783203125 0.7978515625 0.78515625 0.80859375 0.7783203125 0.8154296875 0.75 0.8125 0.7412109375 0.7978515625 0.732421875 0.7900390625 0.73046875 0.783203125 0.7373046875 0.78125 0.7685546875
2 0.7919921875 0.48828125 0.7783203125 0.46875 0.7412109375 0.46484375 0.736328125 0.4697265625 0.7431640625 0.484375 0.7626953125 0.4921875 0.7900390625 0.494140625 0.7919921875 0.48828125
2 0.6123046875 0.51171875 0.595703125 0.4677734375 0.5869140625 0.46875 0.57421875 0.4931640625 0.578125 0.5244140625 0.6005859375 0.533203125 0.611328125 0.5224609375 0.6123046875 0.51171875
2 0.5908203125 0.298828125 0.5771484375 0.275390625 0.5537109375 0.267578125 0.546875 0.2705078125 0.546875 0.2822265625 0.5732421875 0.310546875 0.5869140625 0.310546875 0.5908203125 0.298828125
2 0.5458984375 0.3359375 0.5322265625 0.3125 0.5078125 0.3134765625 0.517578125 0.3447265625 0.5283203125 0.357421875 0.5361328125 0.357421875 0.546875 0.3466796875 0.5458984375 0.3359375
2 0.5087890625 0.310546875 0.5029296875 0.318359375 0.4892578125 0.31640625 0.48046875 0.3251953125 0.4853515625 0.337890625 0.5126953125 0.33203125 0.5263671875 0.357421875 0.544921875 0.3505859375 0.5458984375 0.3359375 0.5390625 0.3173828125 0.5263671875 0.310546875 0.5087890625 0.310546875
2 0.462890625 0.5947265625 0.46484375 0.6103515625 0.4833984375 0.619140625 0.4921875 0.6083984375 0.4912109375 0.591796875 0.4677734375 0.58984375 0.462890625 0.5947265625
2 0.7333984375 0.1328125 0.728515625 0.1416015625 0.7509765625 0.1484375 0.759765625 0.1435546875 0.7587890625 0.1328125 0.7451171875 0.12890625 0.7333984375 0.1328125
2 0.72265625 0.1259765625 0.7353515625 0.126953125 0.7373046875 0.11328125 0.7275390625 0.109375 0.72265625 0.1259765625
2 0.9287109375 0.072265625 0.951171875 0.0498046875 0.9521484375 0.029296875 0.921875 0.0283203125 0.9287109375 0.072265625
2 0.1171875 0.0185546875 0.1171875 0.0244140625 0.1376953125 0.0390625 0.1572265625 0.041015625 0.1650390625 0.03515625 0.1318359375 0.015625 0.1171875 0.0185546875
2 0.21875 0.7568359375 0.2373046875 0.763671875 0.2490234375 0.75 0.2314453125 0.744140625 0.21875 0.7568359375