2 0.8916015625 0.583984375 0.865234375 0.6005859375 0.8623046875 0.6171875 0.8994140625 0.6171875 0.9208984375 0.607421875 0.927734375 0.5966796875 0.9130859375 0.58203125 0.8916015625 0.583984375
2 0.892578125 0.5341796875 0.8798828125 0.525390625 0.8583984375 0.52734375 0.828125 0.5537109375 0.8193359375 0.578125 0.8271484375 0.59375 0.8583984375 0.587890625 0.880859375 0.5673828125 0.892578125 0.5341796875
2 0.72265625 0.7099609375 0.7138671875 0.69921875 0.7001953125 0.701171875 0.6669921875 0.724609375 0.6650390625 0.732421875 0.6728515625 0.7421875 0.6923828125 0.73828125 0.7177734375 0.72265625 0.72265625 0.7099609375
2 0.6064453125 0.91796875 0.6298828125 0.916015625 0.63671875 0.9072265625 0.634765625 0.8955078125 0.6240234375 0.880859375 0.6025390625 0.869140625 0.59375 0.8896484375 0.580078125 0.8994140625 0.5771484375 0.919921875 0.5986328125 0.931640625 0.6064453125 0.91796875
2 0.5634765625 0.984375 0.5771484375 0.99609375 0.5927734375 0.98828125 0.58984375 0.9638671875 0.5673828125 0.958984375 0.5625 0.9638671875 0.5634765625 0.984375
2 0.4111328125 0.888671875 0.404296875 0.8955078125 0.4033203125 0.91015625 0.4150390625 0.91796875 0.4296875 0.9091796875 0.431640625 0.8994140625 0.4208984375 0.888671875 0.4111328125 0.888671875
2 0.2734375 0.6572265625 0.2646484375 0.650390625 0.2568359375 0.65234375 0.248046875 0.6591796875 0.2490234375 0.66796875 0.259765625 0.6923828125 0.2666015625 0.693359375 0.2734375 0.6845703125 0.2734375 0.6572265625
2 0.2734375 0.6884765625 0.2734375 0.6533203125 0.2490234375 0.61328125 0.2294921875 0.61328125 0.2109375 0.6240234375 0.203125 0.6396484375 0.2041015625 0.662109375 0.2490234375 0.701171875 0.2607421875 0.701171875 0.2734375 0.6884765625
2 0.3544921875 0.642578125 0.3349609375 0.6484375 0.3271484375 0.662109375 0.3349609375 0.671875 0.3740234375 0.66796875 0.380859375 0.6572265625 0.3662109375 0.64453125 0.3544921875 0.642578125
2 0.2646484375 0.30078125 0.25 0.3056640625 0.244140625 0.3193359375 0.2265625 0.3349609375 0.2275390625 0.341796875 0.2412109375 0.3515625 0.255859375 0.3486328125 0.267578125 0.3291015625 0.2646484375 0.30078125
2 0.1943359375 0 0.1943359375 0.005859375 0.201171875 0.0205078125 0.2021484375 0.064453125 0.2314453125 0.07421875 0.2783203125 0.07421875 0.2890625 0.0654296875 0.283203125 0.0615234375 0.2890625 0.0517578125 0.283203125 0.0439453125 0.2841796875 0 0.1943359375 0
2 0.5341796875 0 0.5341796875 0.009765625 0.5419921875 0.021484375 0.5498046875 0.021484375 0.556640625 0.0107421875 0.5537109375 0 0.5341796875 0
2 0.7705078125 0.212890625 0.7841796875 0.21484375 0.787109375 0.1982421875 0.7724609375 0.19921875 0.7705078125 0.212890625
2 0.248046875 0.8251953125 0.2421875 0.7919921875 0.2197265625 0.763671875 0.1865234375 0.783203125 0.1650390625 0.783203125 0.158203125 0.7939453125 0.1591796875 0.806640625 0.1884765625 0.8515625 0.2294921875 0.84375 0.248046875 0.8251953125
2 0.1103515625 0.767578125 0.1005859375 0.767578125 0.0947265625 0.78125 0.103515625 0.7998046875 0.1123046875 0.8046875 0.130859375 0.7900390625 0.130859375 0.7822265625 0.1103515625 0.767578125
2 0.1142578125 0.81640625 0.091796875 0.8232421875 0.0927734375 0.83984375 0.09765625 0.8505859375 0.1103515625 0.857421875 0.1328125 0.8525390625 0.126953125 0.8251953125 0.1142578125 0.81640625
2 0.05078125 0.8505859375 0.052734375 0.8759765625 0.0458984375 0.90234375 0.0517578125 0.91015625 0.072265625 0.9072265625 0.072265625 0.8525390625 0.0634765625 0.845703125 0.05078125 0.8505859375
2 0.1279296875 1 0.134765625 0.9853515625 0.1328125 0.9404296875 0.1279296875 0.935546875 0.1083984375 0.9375 0.083984375 0.9638671875 0.0849609375 0.9765625 0.0888671875 1 0.1279296875 1