2 0.0751953125 0.501953125 0.076171875 0.4833984375 0.0673828125 0.4765625 0.0556640625 0.4765625 0.037109375 0.4912109375 0.0458984375 0.51171875 0.0634765625 0.513671875 0.0751953125 0.501953125
2 0.3173828125 0.220703125 0.3115234375 0.203125 0.2802734375 0.203125 0.267578125 0.2177734375 0.26171875 0.2646484375 0.2685546875 0.26953125 0.2978515625 0.265625 0.3173828125 0.220703125
2 0.4560546875 0.34375 0.4501953125 0.3203125 0.4326171875 0.318359375 0.427734375 0.3232421875 0.42578125 0.3642578125 0.4306640625 0.373046875 0.447265625 0.3681640625 0.4560546875 0.34375
2 0.427734375 0.2939453125 0.4306640625 0.30859375 0.4619140625 0.30859375 0.458984375 0.2900390625 0.4482421875 0.283203125 0.427734375 0.2939453125
2 0.396484375 0.2041015625 0.3896484375 0.1875 0.3662109375 0.189453125 0.36328125 0.1962890625 0.39453125 0.2333984375 0.400390625 0.2646484375 0.4072265625 0.26953125 0.4267578125 0.265625 0.416015625 0.2314453125 0.419921875 0.2236328125 0.396484375 0.2041015625
2 0.2900390625 0.466796875 0.2978515625 0.453125 0.2861328125 0.43359375 0.2734375 0.4384765625 0.2734375 0.4599609375 0.2802734375 0.466796875 0.2900390625 0.466796875
2 0.376953125 0.6279296875 0.4013671875 0.65625 0.4111328125 0.646484375 0.3984375 0.5986328125 0.3759765625 0.59375 0.376953125 0.6279296875
2 0.37890625 0.7626953125 0.3681640625 0.75390625 0.3603515625 0.755859375 0.353515625 0.7646484375 0.357421875 0.7880859375 0.3662109375 0.796875 0.3779296875 0.796875 0.3837890625 0.78515625 0.37890625 0.7626953125
2 0.3291015625 0.80859375 0.314453125 0.8154296875 0.310546875 0.8291015625 0.3212890625 0.845703125 0.3291015625 0.845703125 0.3388671875 0.83203125 0.3525390625 0.830078125 0.3583984375 0.818359375 0.357421875 0.8017578125 0.3447265625 0.7890625 0.3291015625 0.80859375
2 0.2568359375 0.87109375 0.2705078125 0.849609375 0.271484375 0.8427734375 0.2646484375 0.83984375 0.2373046875 0.849609375 0.23828125 0.8720703125 0.2568359375 0.87109375
2 0.1240234375 0.98046875 0.1396484375 0.970703125 0.13671875 0.9482421875 0.1220703125 0.947265625 0.115234375 0.9560546875 0.1171875 0.9775390625 0.1240234375 0.98046875
2 0.0732421875 0.666015625 0.052734375 0.6845703125 0.052734375 0.7333984375 0.064453125 0.7529296875 0.0908203125 0.7734375 0.1337890625 0.771484375 0.16015625 0.7431640625 0.1630859375 0.73046875 0.16015625 0.6904296875 0.1435546875 0.66796875 0.0732421875 0.666015625
2 0.60546875 0.2587890625 0.6201171875 0.265625 0.6318359375 0.251953125 0.62890625 0.2333984375 0.6142578125 0.23046875 0.60546875 0.2587890625
2 0.5419921875 0.36328125 0.5615234375 0.345703125 0.5576171875 0.333984375 0.5439453125 0.333984375 0.529296875 0.3408203125 0.525390625 0.3525390625 0.5419921875 0.36328125
2 0.5771484375 0.65625 0.576171875 0.6455078125 0.5673828125 0.638671875 0.54296875 0.6435546875 0.544921875 0.6533203125 0.5595703125 0.666015625 0.5693359375 0.666015625 0.5771484375 0.65625
2 0.8701171875 0.888671875 0.8681640625 0.880859375 0.8515625 0.8876953125 0.84765625 0.9091796875 0.83984375 0.9150390625 0.8447265625 0.93359375 0.857421875 0.9287109375 0.8701171875 0.888671875
2 0.8837890625 0.17578125 0.8955078125 0.16796875 0.890625 0.1298828125 0.8759765625 0.125 0.869140625 0.1337890625 0.8671875 0.1591796875 0.8837890625 0.17578125
2 0.978515625 0.7373046875 0.9853515625 0.744140625 0.9990234375 0.744140625 0.9970703125 0.712890625 0.986328125 0.7197265625 0.978515625 0.7373046875
2 0.5576171875 0.751953125 0.556640625 0.7041015625 0.5380859375 0.6796875 0.5302734375 0.677734375 0.521484375 0.7138671875 0.529296875 0.7724609375 0.5380859375 0.7734375 0.5576171875 0.751953125
2 0.4814453125 0.8046875 0.4755859375 0.7890625 0.4658203125 0.7890625 0.453125 0.7998046875 0.453125 0.8115234375 0.4619140625 0.818359375 0.4755859375 0.81640625 0.4814453125 0.8046875