2 0.94140625 0.8857421875 0.931640625 0.8916015625 0.927734375 0.9228515625 0.9501953125 0.947265625 0.9658203125 0.947265625 0.986328125 0.9306640625 0.982421875 0.9013671875 0.9697265625 0.88671875 0.94140625 0.8857421875
2 0.40625 0.8974609375 0.3701171875 0.908203125 0.35546875 0.9306640625 0.353515625 0.9677734375 0.3642578125 0.98828125 0.4150390625 0.98828125 0.435546875 0.9697265625 0.4404296875 0.947265625 0.443359375 0.9541015625 0.439453125 0.9072265625 0.40625 0.8974609375
2 0.046875 0.7939453125 0.037109375 0.8330078125 0.044921875 0.8583984375 0.0576171875 0.861328125 0.0859375 0.8447265625 0.091796875 0.8193359375 0.0791015625 0.798828125 0.046875 0.7939453125
2 0.484375 0.7744140625 0.4658203125 0.77734375 0.451171875 0.7998046875 0.453125 0.8251953125 0.4716796875 0.84375 0.4970703125 0.833984375 0.505859375 0.8193359375 0.505859375 0.7919921875 0.4970703125 0.779296875 0.484375 0.7744140625
2 0.39453125 0.6943359375 0.3779296875 0.701171875 0.359375 0.7216796875 0.3857421875 0.76171875 0.4111328125 0.76171875 0.4296875 0.7490234375 0.435546875 0.7197265625 0.4189453125 0.697265625 0.39453125 0.6943359375
2 0.357421875 0.7998046875 0.3515625 0.8115234375 0.326171875 0.8310546875 0.322265625 0.8466796875 0.3291015625 0.861328125 0.3408203125 0.861328125 0.3505859375 0.8515625 0.3701171875 0.853515625 0.376953125 0.8447265625 0.37890625 0.8310546875 0.36328125 0.8095703125 0.3671875 0.8017578125 0.357421875 0.7998046875
2 0.173828125 0.5048828125 0.15234375 0.5283203125 0.15625 0.5517578125 0.1767578125 0.56640625 0.2080078125 0.560546875 0.216796875 0.5380859375 0.212890625 0.5224609375 0.1943359375 0.50390625 0.173828125 0.5048828125
2 0.0390625 0.5712890625 0.0263671875 0.572265625 0.017578125 0.5849609375 0.0234375 0.6181640625 0.0380859375 0.625 0.0673828125 0.623046875 0.072265625 0.6181640625 0.068359375 0.5771484375 0.0576171875 0.5703125 0.0390625 0.5712890625
2 0.224609375 0.3291015625 0.2109375 0.3447265625 0.208984375 0.3759765625 0.2314453125 0.388671875 0.2568359375 0.38671875 0.265625 0.3759765625 0.267578125 0.3564453125 0.255859375 0.3330078125 0.2490234375 0.328125 0.224609375 0.3291015625
2 0.158203125 0.1982421875 0.138671875 0.2138671875 0.1328125 0.2333984375 0.1533203125 0.2578125 0.1767578125 0.26171875 0.193359375 0.2373046875 0.193359375 0.2216796875 0.1728515625 0.197265625 0.158203125 0.1982421875
2 0.076171875 0.3076171875 0.076171875 0.3291015625 0.0947265625 0.345703125 0.1015625 0.3349609375 0.09765625 0.3173828125 0.0888671875 0.306640625 0.076171875 0.3076171875
2 0.40625 0.0830078125 0.392578125 0.0966796875 0.384765625 0.1240234375 0.4013671875 0.138671875 0.4189453125 0.138671875 0.44140625 0.1201171875 0.451171875 0.0966796875 0.4306640625 0.08203125 0.40625 0.0830078125
2 0.734375 0.4013671875 0.7041015625 0.404296875 0.6875 0.4287109375 0.6982421875 0.4609375 0.7255859375 0.46875 0.75390625 0.4580078125 0.759765625 0.4306640625 0.75390625 0.4169921875 0.734375 0.4013671875
2 0.732421875 0.0400390625 0.716796875 0.0498046875 0.712890625 0.0654296875 0.7265625 0.0986328125 0.724609375 0.1083984375 0.7392578125 0.1171875 0.7705078125 0.115234375 0.76953125 0.0986328125 0.783203125 0.0810546875 0.7626953125 0.046875 0.7509765625 0.0390625 0.732421875 0.0400390625
2 0.8125 0.7841796875 0.8095703125 0.8359375 0.8154296875 0.828125 0.8271484375 0.837890625 0.8408203125 0.837890625 0.86328125 0.8251953125 0.8671875 0.8037109375 0.8564453125 0.787109375 0.8125 0.7841796875
2 0.4921875 0.5537109375 0.466796875 0.5732421875 0.46484375 0.5986328125 0.4697265625 0.607421875 0.4970703125 0.609375 0.521484375 0.5966796875 0.521484375 0.5595703125 0.4921875 0.5537109375
2 0.431640625 0.4892578125 0.427734375 0.5224609375 0.4384765625 0.52734375 0.453125 0.5126953125 0.458984375 0.4931640625 0.431640625 0.4892578125
2 0.56640625 0.4345703125 0.5556640625 0.4375 0.548828125 0.4482421875 0.5498046875 0.46875 0.5654296875 0.470703125 0.57421875 0.4619140625 0.576171875 0.4365234375 0.56640625 0.4345703125
2 0.86328125 0.2529296875 0.833984375 0.3564453125 0.8427734375 0.369140625 0.861328125 0.3583984375 0.87109375 0.3291015625 0.875 0.2548828125 0.86328125 0.2529296875
2 0.953125 0.7880859375 0.9404296875 0.828125 0.96875 0.8212890625 0.970703125 0.7880859375 0.953125 0.7880859375