2 1 0.1240234375 0.994140625 0.1201171875 0.9814453125 0.119140625 0.96875 0.1337890625 0.96875 0.1513671875 0.9814453125 0.1640625 1 0.1572265625 1 0.1240234375
2 0.89453125 0.2314453125 0.8994140625 0.240234375 0.9169921875 0.240234375 0.9375 0.2236328125 0.939453125 0.2060546875 0.931640625 0.1962890625 0.9150390625 0.197265625 0.90234375 0.2119140625 0.89453125 0.2314453125
2 0.8359375 0.1123046875 0.8505859375 0.1328125 0.8818359375 0.130859375 0.900390625 0.1142578125 0.8974609375 0.1015625 0.87890625 0.0927734375 0.8564453125 0.091796875 0.837890625 0.1025390625 0.8359375 0.1123046875
2 0.759765625 0.0986328125 0.7802734375 0.119140625 0.791015625 0.1142578125 0.802734375 0.0966796875 0.8046875 0.0732421875 0.794921875 0.0634765625 0.7841796875 0.064453125 0.771484375 0.0771484375 0.759765625 0.0986328125
2 0.42578125 0.1943359375 0.4326171875 0.201171875 0.4521484375 0.201171875 0.4814453125 0.19140625 0.48046875 0.1787109375 0.466796875 0.1708984375 0.4482421875 0.171875 0.42578125 0.1884765625 0.42578125 0.1943359375
2 0.482421875 0.1044921875 0.478515625 0.1298828125 0.4833984375 0.150390625 0.5029296875 0.150390625 0.51953125 0.1357421875 0.505859375 0.0908203125 0.4931640625 0.091796875 0.482421875 0.1044921875
2 0.373046875 0.0712890625 0.3828125 0.0888671875 0.4052734375 0.10546875 0.416015625 0.0927734375 0.4140625 0.0634765625 0.390625 0.0537109375 0.375 0.0595703125 0.373046875 0.0712890625
2 0.216796875 0.1181640625 0.21875 0.1494140625 0.2412109375 0.171875 0.2666015625 0.171875 0.25 0.1298828125 0.232421875 0.1142578125 0.216796875 0.1181640625
2 0.17578125 0.1279296875 0.1884765625 0.150390625 0.2021484375 0.15234375 0.208984375 0.1455078125 0.208984375 0.1240234375 0.193359375 0.0986328125 0.17578125 0.1005859375 0.17578125 0.1279296875
2 0.11328125 0.1494140625 0.123046875 0.1669921875 0.1357421875 0.17578125 0.146484375 0.1630859375 0.146484375 0.1396484375 0.1328125 0.1083984375 0.1181640625 0.109375 0.11328125 0.1162109375 0.11328125 0.1494140625
2 0.00390625 0.0595703125 0.0166015625 0.072265625 0.0458984375 0.083984375 0.05859375 0.0830078125 0.0517578125 0.0625 0.025390625 0.0517578125 0.0107421875 0.05078125 0.00390625 0.0595703125
2 0.0126953125 0.0703125 0.0498046875 0.0859375 0.08203125 0.0732421875 0.0751953125 0.05859375 0.0478515625 0.05859375 0.0234375 0.0498046875 0.0068359375 0.05078125 0 0.0576171875 0.0126953125 0.0703125
2 0.15625 0.2353515625 0.1669921875 0.251953125 0.1865234375 0.25 0.1953125 0.2392578125 0.1953125 0.2197265625 0.18359375 0.2099609375 0.1708984375 0.2109375 0.15625 0.2353515625
2 0.267578125 0.1943359375 0.2822265625 0.2109375 0.2998046875 0.212890625 0.3046875 0.2060546875 0.298828125 0.1923828125 0.271484375 0.1728515625 0.265625 0.1806640625 0.267578125 0.1943359375
2 0.265625 0.2255859375 0.265625 0.2353515625 0.2783203125 0.25 0.29296875 0.2412109375 0.29296875 0.2197265625 0.287109375 0.2138671875 0.2763671875 0.212890625 0.265625 0.2255859375
2 0.130859375 0.3642578125 0.134765625 0.3955078125 0.1416015625 0.404296875 0.15234375 0.4013671875 0.158203125 0.3857421875 0.162109375 0.3369140625 0.1552734375 0.3359375 0.130859375 0.3642578125
2 0.0263671875 0.328125 0.009765625 0.3408203125 0.0087890625 0.361328125 0.0283203125 0.36328125 0.044921875 0.3564453125 0.0390625 0.3271484375 0.0263671875 0.328125
2 0.111328125 0.5029296875 0.109375 0.5205078125 0.1298828125 0.541015625 0.14453125 0.5302734375 0.14453125 0.5185546875 0.126953125 0.4912109375 0.111328125 0.5029296875
2 0.041015625 0.4931640625 0.0478515625 0.505859375 0.0712890625 0.509765625 0.078125 0.5048828125 0.080078125 0.4833984375 0.072265625 0.4755859375 0.04296875 0.4775390625 0.041015625 0.4931640625
2 0.1748046875 0.525390625 0.2001953125 0.53515625 0.2109375 0.5302734375 0.21484375 0.5126953125 0.21484375 0.4775390625 0.20703125 0.4716796875 0.2021484375 0.470703125 0.169921875 0.5048828125 0.1748046875 0.525390625
2 0.24609375 0.5712890625 0.2509765625 0.578125 0.26171875 0.5732421875 0.27734375 0.5361328125 0.2734375 0.5048828125 0.259765625 0.4931640625 0.2421875 0.5009765625 0.236328125 0.5166015625 0.23828125 0.5283203125 0.248046875 0.5361328125 0.24609375 0.5712890625
2 0.375 0.5576171875 0.3798828125 0.564453125 0.3935546875 0.5625 0.431640625 0.5400390625 0.431640625 0.5244140625 0.4140625 0.5146484375 0.4033203125 0.515625 0.37890625 0.5439453125 0.375 0.5576171875
2 0.32421875 0.5673828125 0.3271484375 0.576171875 0.34765625 0.5751953125 0.361328125 0.5400390625 0.3828125 0.5146484375 0.375 0.5048828125 0.3603515625 0.505859375 0.333984375 0.5283203125 0.32421875 0.5673828125
2 0.6904296875 0.609375 0.677734375 0.6240234375 0.6806640625 0.640625 0.70703125 0.6357421875 0.7109375 0.6259765625 0.69921875 0.6103515625 0.6904296875 0.609375
2 0.890625 0.3115234375 0.87890625 0.3447265625 0.8837890625 0.353515625 0.8984375 0.3486328125 0.91015625 0.3251953125 0.90625 0.3017578125 0.890625 0.3115234375
2 0.8515625 0.3154296875 0.84765625 0.3251953125 0.845703125 0.3466796875 0.8505859375 0.35546875 0.861328125 0.3427734375 0.861328125 0.3115234375 0.8515625 0.3154296875
2 0.736328125 0.3310546875 0.7431640625 0.33984375 0.7646484375 0.328125 0.783203125 0.3017578125 0.783203125 0.2763671875 0.755859375 0.2626953125 0.740234375 0.2724609375 0.736328125 0.3310546875
2 0.8671875 0.3798828125 0.8681640625 0.416015625 0.90234375 0.3642578125 0.896484375 0.3505859375 0.91015625 0.3212890625 0.908203125 0.3037109375 0.8994140625 0.3046875 0.890625 0.3154296875 0.88671875 0.3623046875 0.8671875 0.3798828125
2 0.703125 0.4384765625 0.7080078125 0.453125 0.7333984375 0.455078125 0.748046875 0.4443359375 0.748046875 0.4287109375 0.736328125 0.4169921875 0.7255859375 0.416015625 0.7109375 0.4248046875 0.703125 0.4384765625
2 0.8515625 0.7626953125 0.8583984375 0.775390625 0.8818359375 0.78125 0.896484375 0.7705078125 0.896484375 0.7548828125 0.880859375 0.7412109375 0.8662109375 0.740234375 0.853515625 0.7470703125 0.8515625 0.7626953125
2 0.919921875 0.8349609375 0.9384765625 0.85546875 0.9638671875 0.85546875 0.970703125 0.8486328125 0.974609375 0.8271484375 0.9453125 0.8076171875 0.9326171875 0.806640625 0.919921875 0.8154296875 0.919921875 0.8349609375
2 0.587890625 0.8818359375 0.58984375 0.9052734375 0.5986328125 0.9140625 0.619140625 0.9111328125 0.615234375 0.8759765625 0.609375 0.8681640625 0.5947265625 0.869140625 0.587890625 0.8818359375
2 0.53515625 0.9306640625 0.541015625 0.9716796875 0.5537109375 0.9765625 0.560546875 0.9736328125 0.55859375 0.9443359375 0.54296875 0.9033203125 0.5302734375 0.90234375 0.5234375 0.9189453125 0.53515625 0.9306640625
2 0.5107421875 1 0.5078125 0.9833984375 0.4765625 0.9619140625 0.46875 0.9658203125 0.47265625 0.9775390625 0.4931640625 1 0.5107421875 1
2 0.197265625 0.9970703125 0.2236328125 1 0.2412109375 0.986328125 0.251953125 0.9755859375 0.251953125 0.9658203125 0.244140625 0.9580078125 0.2294921875 0.95703125 0.201171875 0.9833984375 0.197265625 0.9970703125
2 0.2998046875 1 0.318359375 0.9541015625 0.2919921875 0.96875 0.267578125 0.9990234375 0.2998046875 1
2 0.06640625 0.6025390625 0.0771484375 0.611328125 0.0966796875 0.609375 0.1015625 0.6044921875 0.09765625 0.5908203125 0.06640625 0.5673828125 0.05859375 0.5693359375 0.05859375 0.5830078125 0.06640625 0.6025390625
2 0.1484375 0.6298828125 0.1484375 0.6416015625 0.1650390625 0.66015625 0.169921875 0.6572265625 0.169921875 0.6396484375 0.158203125 0.6259765625 0.1484375 0.6298828125
2 0.3173828125 0.634765625 0.310546875 0.6416015625 0.310546875 0.6728515625 0.3232421875 0.68359375 0.337890625 0.6708984375 0.33203125 0.6357421875 0.3173828125 0.634765625
2 0.548828125 0.8251953125 0.5595703125 0.83203125 0.5927734375 0.83203125 0.6064453125 0.82421875 0.609375 0.8076171875 0.587890625 0.7978515625 0.5576171875 0.80078125 0.548828125 0.8251953125
2 0.4033203125 0.890625 0.4169921875 0.89453125 0.421875 0.8876953125 0.419921875 0.8701171875 0.4072265625 0.85546875 0.390625 0.8505859375 0.376953125 0.8564453125 0.380859375 0.8701171875 0.4033203125 0.890625
2 0.29296875 0.8134765625 0.27734375 0.8154296875 0.2783203125 0.83984375 0.302734375 0.8388671875 0.302734375 0.8193359375 0.29296875 0.8134765625
2 0.822265625 0.6611328125 0.810546875 0.6650390625 0.806640625 0.6943359375 0.8134765625 0.701171875 0.828125 0.6962890625 0.822265625 0.6611328125
2 0.97265625 0.6513671875 0.974609375 0.6689453125 0.9892578125 0.6796875 0.9990234375 0.677734375 1 0.6572265625 0.984375 0.6513671875 0.97265625 0.6513671875