2 0.15625 0.0009765625 0.1142578125 0 0.109375 0.0322265625 0.1171875 0.0498046875 0.142578125 0.0517578125 0.16015625 0.0361328125 0.15625 0.0009765625
2 0.03515625 0.4423828125 0.0537109375 0.47265625 0.072265625 0.4755859375 0.0986328125 0.470703125 0.109375 0.4619140625 0.111328125 0.4345703125 0.0947265625 0.40625 0.0810546875 0.400390625 0.0478515625 0.40234375 0.03515625 0.4189453125 0.03515625 0.4423828125
2 0.232421875 0.4638671875 0.25390625 0.4365234375 0.25390625 0.4189453125 0.2412109375 0.404296875 0.2080078125 0.40234375 0.1953125 0.4208984375 0.193359375 0.4384765625 0.2138671875 0.4609375 0.232421875 0.4638671875
2 0.701171875 0.2646484375 0.705078125 0.2392578125 0.6708984375 0.22265625 0.6474609375 0.2265625 0.642578125 0.2646484375 0.6650390625 0.275390625 0.68359375 0.2744140625 0.701171875 0.2646484375
2 0.86328125 0.3798828125 0.86328125 0.3994140625 0.8720703125 0.4140625 0.892578125 0.4189453125 0.9013671875 0.408203125 0.9384765625 0.3984375 0.94140625 0.3798828125 0.935546875 0.3603515625 0.9208984375 0.34375 0.8994140625 0.34765625 0.8818359375 0.337890625 0.86328125 0.3798828125
2 0.861328125 0.6962890625 0.8916015625 0.734375 0.923828125 0.7392578125 0.9375 0.7333984375 0.939453125 0.7177734375 0.955078125 0.7060546875 0.955078125 0.6689453125 0.9130859375 0.626953125 0.8896484375 0.623046875 0.861328125 0.6396484375 0.861328125 0.6962890625
2 0.482421875 0.7080078125 0.4931640625 0.71484375 0.5078125 0.7138671875 0.525390625 0.7060546875 0.53515625 0.6845703125 0.53125 0.6669921875 0.5146484375 0.6484375 0.4873046875 0.65234375 0.47265625 0.6787109375 0.47265625 0.6923828125 0.482421875 0.7080078125
2 0.517578125 0.9716796875 0.53515625 0.9462890625 0.5390625 0.9287109375 0.5224609375 0.912109375 0.5048828125 0.90625 0.48828125 0.9228515625 0.486328125 0.9462890625 0.5068359375 0.970703125 0.517578125 0.9716796875
2 0.84765625 0.5986328125 0.84765625 0.5927734375 0.8291015625 0.580078125 0.8193359375 0.580078125 0.8046875 0.5908203125 0.80859375 0.6201171875 0.82421875 0.6240234375 0.84765625 0.5986328125
2 0.513671875 0.1708984375 0.5068359375 0.1640625 0.4794921875 0.16015625 0.47265625 0.1650390625 0.470703125 0.1728515625 0.4775390625 0.181640625 0.5078125 0.1865234375 0.513671875 0.1708984375
2 0.74609375 0.2001953125 0.748046875 0.1904296875 0.740234375 0.1728515625 0.7216796875 0.158203125 0.7099609375 0.158203125 0.705078125 0.1669921875 0.7109375 0.1767578125 0.7333984375 0.197265625 0.74609375 0.2001953125
2 0.13671875 0.1142578125 0.1142578125 0.107421875 0.109375 0.1298828125 0.1220703125 0.142578125 0.12890625 0.1416015625 0.138671875 0.1259765625 0.13671875 0.1142578125
2 0.4306640625 0.677734375 0.42578125 0.6845703125 0.42578125 0.7197265625 0.4306640625 0.7265625 0.443359375 0.7255859375 0.443359375 0.6865234375 0.4306640625 0.677734375
2 0.7607421875 0.373046875 0.7451171875 0.37109375 0.73046875 0.3837890625 0.7421875 0.4052734375 0.7578125 0.4111328125 0.76953125 0.3876953125 0.7607421875 0.373046875
2 0.255859375 0.2314453125 0.2392578125 0.21875 0.22265625 0.2373046875 0.23046875 0.2587890625 0.24609375 0.2626953125 0.255859375 0.2451171875 0.255859375 0.2314453125
2 0.384765625 0.7626953125 0.396484375 0.7509765625 0.392578125 0.7275390625 0.3701171875 0.7109375 0.3447265625 0.712890625 0.33984375 0.7412109375 0.345703125 0.7529296875 0.3623046875 0.763671875 0.384765625 0.7626953125
2 0.810546875 0.7099609375 0.810546875 0.6591796875 0.8056640625 0.65234375 0.791015625 0.6630859375 0.78515625 0.7021484375 0.7900390625 0.71484375 0.802734375 0.7138671875 0.810546875 0.7099609375