2 0.619140625 0.0400390625 0.62109375 0.0576171875 0.630859375 0.0634765625 0.6435546875 0.064453125 0.646484375 0.0595703125 0.6484375 0.0439453125 0.6416015625 0.03515625 0.619140625 0.0400390625
2 0.27734375 0.0595703125 0.28125 0.0732421875 0.2958984375 0.072265625 0.3046875 0.0634765625 0.2998046875 0.041015625 0.287109375 0.0419921875 0.27734375 0.0595703125
2 0.82421875 0.2333984375 0.833984375 0.2294921875 0.8291015625 0.17578125 0.8125 0.1845703125 0.814453125 0.2138671875 0.82421875 0.2333984375
2 0.8740234375 0.150390625 0.861328125 0.1611328125 0.859375 0.1728515625 0.8671875 0.1806640625 0.8837890625 0.181640625 0.89453125 0.1728515625 0.896484375 0.1611328125 0.8876953125 0.150390625 0.8740234375 0.150390625
2 0.783203125 0.2587890625 0.787109375 0.2783203125 0.8125 0.3076171875 0.818359375 0.2919921875 0.814453125 0.2763671875 0.7998046875 0.2578125 0.7880859375 0.25390625 0.783203125 0.2587890625
2 0.8994140625 0.435546875 0.89453125 0.4462890625 0.89453125 0.4599609375 0.90234375 0.4716796875 0.9130859375 0.47265625 0.923828125 0.4638671875 0.923828125 0.4404296875 0.9150390625 0.431640625 0.8994140625 0.435546875
2 0.7470703125 0.390625 0.734375 0.4150390625 0.71484375 0.4306640625 0.70703125 0.4580078125 0.7470703125 0.443359375 0.775390625 0.4130859375 0.77734375 0.3994140625 0.7666015625 0.390625 0.7470703125 0.390625
2 0.640625 0.5361328125 0.65234375 0.5478515625 0.68359375 0.5361328125 0.6865234375 0.509765625 0.6787109375 0.5078125 0.642578125 0.5283203125 0.640625 0.5361328125
2 0.7177734375 0.548828125 0.69140625 0.5693359375 0.69140625 0.5908203125 0.7080078125 0.591796875 0.720703125 0.5810546875 0.728515625 0.5595703125 0.7255859375 0.548828125 0.7177734375 0.548828125
2 0.876953125 0.7412109375 0.888671875 0.7373046875 0.888671875 0.7275390625 0.8818359375 0.72265625 0.869140625 0.7294921875 0.876953125 0.7412109375
2 0.873046875 0.7392578125 0.8876953125 0.73828125 0.888671875 0.7275390625 0.8740234375 0.72265625 0.869140625 0.7294921875 0.873046875 0.7392578125
2 0.85546875 0.7607421875 0.8642578125 0.76171875 0.869140625 0.7548828125 0.8603515625 0.73046875 0.8515625 0.7392578125 0.85546875 0.7607421875
2 0.572265625 0.5966796875 0.58203125 0.6083984375 0.6025390625 0.599609375 0.609375 0.5849609375 0.6025390625 0.580078125 0.5791015625 0.58203125 0.572265625 0.5966796875
2 0.05078125 0.4111328125 0.0380859375 0.388671875 0.0009765625 0.37109375 0 0.4814453125 0.044921875 0.5087890625 0.0673828125 0.50390625 0.083984375 0.4775390625 0.076171875 0.4345703125 0.0654296875 0.41796875 0.05078125 0.4111328125
2 0.1171875 0.4619140625 0.138671875 0.4755859375 0.173828125 0.4736328125 0.177734375 0.4326171875 0.1728515625 0.40625 0.115234375 0.4150390625 0.1171875 0.4619140625
2 0.00390625 0.7177734375 0.0234375 0.7099609375 0.025390625 0.6982421875 0.0185546875 0.689453125 0 0.6904296875 0.00390625 0.7177734375
2 0.21484375 0.8056640625 0.240234375 0.8154296875 0.259765625 0.8115234375 0.265625 0.7900390625 0.2509765625 0.783203125 0.2177734375 0.787109375 0.21484375 0.8056640625
2 0.384765625 0.4697265625 0.37890625 0.4833984375 0.388671875 0.4931640625 0.4072265625 0.494140625 0.412109375 0.4892578125 0.4072265625 0.46484375 0.3955078125 0.462890625 0.384765625 0.4697265625
2 0.462890625 0.6025390625 0.4765625 0.6103515625 0.5185546875 0.6015625 0.529296875 0.5888671875 0.5068359375 0.576171875 0.4716796875 0.580078125 0.462890625 0.6025390625
2 0.689453125 0.0986328125 0.693359375 0.1123046875 0.7080078125 0.1328125 0.71484375 0.1337890625 0.73046875 0.1298828125 0.728515625 0.1064453125 0.7138671875 0.091796875 0.6943359375 0.091796875 0.689453125 0.0986328125
2 0.23046875 0.2451171875 0.23828125 0.2490234375 0.2451171875 0.25 0.251953125 0.2412109375 0.2470703125 0.212890625 0.228515625 0.2197265625 0.23046875 0.2451171875
2 0.216796875 0.1123046875 0.216796875 0.1494140625 0.2265625 0.1572265625 0.255859375 0.1220703125 0.25390625 0.1044921875 0.2373046875 0.091796875 0.220703125 0.0966796875 0.216796875 0.1123046875
2 0.3876953125 0.837890625 0.3388671875 0.8515625 0.330078125 0.8740234375 0.341796875 0.8974609375 0.3583984375 0.912109375 0.388671875 0.9169921875 0.4072265625 0.91796875 0.423828125 0.9052734375 0.421875 0.8583984375 0.4033203125 0.841796875 0.3876953125 0.837890625
2 0.5673828125 0.892578125 0.5244140625 0.890625 0.498046875 0.9169921875 0.498046875 0.9580078125 0.505859375 0.9755859375 0.52734375 0.9931640625 0.5712890625 0.9921875 0.587890625 0.9794921875 0.595703125 0.9599609375 0.595703125 0.9287109375 0.5673828125 0.892578125
2 0.4501953125 0.736328125 0.44140625 0.7587890625 0.451171875 0.7724609375 0.453125 0.7880859375 0.46484375 0.7958984375 0.4716796875 0.796875 0.478515625 0.7880859375 0.474609375 0.7490234375 0.4697265625 0.73828125 0.4501953125 0.736328125
2 0.501953125 0.7763671875 0.50390625 0.7939453125 0.52734375 0.7841796875 0.53515625 0.7490234375 0.5322265625 0.73828125 0.51171875 0.7451171875 0.501953125 0.7763671875