2 0.0927734375 0.818359375 0.0810546875 0.798828125 0.0478515625 0.796875 0.0390625 0.8173828125 0.044921875 0.8564453125 0.0556640625 0.861328125 0.0810546875 0.8515625 0.09375 0.8349609375 0.0927734375 0.818359375
2 0.2158203125 0.52734375 0.2001953125 0.505859375 0.1748046875 0.50390625 0.158203125 0.5185546875 0.154296875 0.5439453125 0.1708984375 0.564453125 0.2021484375 0.564453125 0.21484375 0.5537109375 0.2158203125 0.52734375
2 0.2666015625 0.353515625 0.2509765625 0.330078125 0.2275390625 0.326171875 0.21484375 0.3369140625 0.20703125 0.3701171875 0.2216796875 0.384765625 0.2529296875 0.38671875 0.267578125 0.3720703125 0.2666015625 0.353515625
2 0.1923828125 0.220703125 0.1767578125 0.201171875 0.1630859375 0.197265625 0.142578125 0.2099609375 0.134765625 0.2333984375 0.1513671875 0.255859375 0.1708984375 0.26171875 0.189453125 0.2451171875 0.1923828125 0.220703125
2 0.4501953125 0.08984375 0.4443359375 0.08203125 0.4189453125 0.076171875 0.4033203125 0.08203125 0.392578125 0.0986328125 0.390625 0.1259765625 0.4033203125 0.13671875 0.4287109375 0.134765625 0.4453125 0.1142578125 0.4501953125 0.08984375
2 0.4345703125 0.71484375 0.4189453125 0.69921875 0.3974609375 0.6953125 0.3837890625 0.701171875 0.361328125 0.7275390625 0.3837890625 0.75 0.4091796875 0.75 0.43359375 0.7373046875 0.4345703125 0.71484375
2 0.5263671875 0.564453125 0.5087890625 0.552734375 0.4853515625 0.5546875 0.46875 0.5712890625 0.466796875 0.6025390625 0.4755859375 0.609375 0.5146484375 0.60546875 0.525390625 0.5888671875 0.5263671875 0.564453125
2 0.5068359375 0.796875 0.4970703125 0.779296875 0.4794921875 0.775390625 0.455078125 0.7939453125 0.453125 0.8212890625 0.4775390625 0.84375 0.50390625 0.8271484375 0.5068359375 0.796875
2 0.4169921875 0.931640625 0.4072265625 0.9140625 0.3955078125 0.908203125 0.3740234375 0.91015625 0.359375 0.9228515625 0.353515625 0.9501953125 0.3701171875 0.96875 0.3935546875 0.970703125 0.41015625 0.9619140625 0.4169921875 0.931640625
2 0.8681640625 0.8046875 0.8603515625 0.794921875 0.8330078125 0.7890625 0.822265625 0.8134765625 0.8408203125 0.833984375 0.8671875 0.8173828125 0.8681640625 0.8046875
2 0.9873046875 0.92578125 0.982421875 0.8994140625 0.9716796875 0.88671875 0.9423828125 0.884765625 0.93359375 0.8916015625 0.92578125 0.9169921875 0.9501953125 0.9453125 0.9619140625 0.947265625 0.9833984375 0.9375 0.9873046875 0.92578125
2 0.4580078125 0.4921875 0.431640625 0.4912109375 0.4296875 0.5224609375 0.4345703125 0.52734375 0.453125 0.5126953125 0.4580078125 0.4921875
2 0.5771484375 0.4375 0.5673828125 0.43359375 0.5546875 0.4404296875 0.5537109375 0.46875 0.5673828125 0.46875 0.57421875 0.4619140625 0.5771484375 0.4375
2 0.7548828125 0.4296875 0.74609375 0.4267578125 0.7353515625 0.40234375 0.7080078125 0.404296875 0.6875 0.4287109375 0.6875 0.4580078125 0.7275390625 0.46484375 0.7373046875 0.462890625 0.7451171875 0.447265625 0.7470703125 0.458984375 0.7548828125 0.4296875
2 0.0751953125 0.587890625 0.0634765625 0.568359375 0.0263671875 0.568359375 0.021484375 0.5830078125 0.025390625 0.6123046875 0.0400390625 0.625 0.0654296875 0.623046875 0.07421875 0.6123046875 0.0751953125 0.587890625
2 0.1005859375 0.32421875 0.0908203125 0.30859375 0.07421875 0.3095703125 0.0888671875 0.341796875 0.099609375 0.3388671875 0.1005859375 0.32421875