2 0.66015625 0.1318359375 0.6669921875 0.130859375 0.6875 0.1044921875 0.6796875 0.0771484375 0.6376953125 0.06640625 0.6171875 0.0869140625 0.623046875 0.1064453125 0.6396484375 0.130859375 0.66015625 0.1318359375
2 0.740234375 0.0576171875 0.740234375 0.0400390625 0.7158203125 0.017578125 0.6865234375 0.015625 0.677734375 0.0712890625 0.6982421875 0.083984375 0.7109375 0.0830078125 0.740234375 0.0576171875
2 0.7255859375 0.3984375 0.748046875 0.3994140625 0.763671875 0.3896484375 0.767578125 0.3642578125 0.765625 0.3525390625 0.7431640625 0.333984375 0.720703125 0.3447265625 0.71484375 0.3544921875 0.71484375 0.3759765625 0.7255859375 0.3984375
2 0.79296875 0.2841796875 0.80859375 0.2744140625 0.8125 0.2607421875 0.8017578125 0.251953125 0.7822265625 0.251953125 0.771484375 0.2607421875 0.76953125 0.2763671875 0.7783203125 0.28515625 0.79296875 0.2841796875
2 0.896484375 0.4814453125 0.90625 0.4736328125 0.90625 0.4462890625 0.8837890625 0.42578125 0.8662109375 0.427734375 0.8515625 0.4521484375 0.857421875 0.4775390625 0.8642578125 0.482421875 0.896484375 0.4814453125
2 1 0.2216796875 0.9736328125 0.216796875 0.94921875 0.2392578125 0.951171875 0.2666015625 0.9716796875 0.298828125 1 0.3076171875 1 0.2216796875
2 0.7509765625 0.712890625 0.771484375 0.7138671875 0.80078125 0.6904296875 0.806640625 0.6708984375 0.8017578125 0.662109375 0.7763671875 0.6484375 0.7451171875 0.6484375 0.736328125 0.6669921875 0.736328125 0.6943359375 0.7509765625 0.712890625
2 0.697265625 0.8544921875 0.7158203125 0.86328125 0.732421875 0.8623046875 0.7578125 0.8603515625 0.763671875 0.8271484375 0.7578125 0.7978515625 0.7353515625 0.783203125 0.7021484375 0.798828125 0.689453125 0.8115234375 0.689453125 0.8349609375 0.697265625 0.8544921875
2 0.9111328125 0.947265625 0.931640625 0.9462890625 0.966796875 0.9091796875 0.966796875 0.8896484375 0.9482421875 0.87890625 0.9111328125 0.876953125 0.8916015625 0.8828125 0.876953125 0.9033203125 0.884765625 0.9306640625 0.9111328125 0.947265625
2 0.658203125 0.9990234375 0.66796875 0.9755859375 0.6640625 0.9423828125 0.6435546875 0.919921875 0.6220703125 0.912109375 0.59765625 0.9384765625 0.595703125 0.9775390625 0.6103515625 1 0.658203125 0.9990234375
2 0.173828125 0.8115234375 0.189453125 0.8056640625 0.1953125 0.7841796875 0.19140625 0.7626953125 0.1435546875 0.7578125 0.125 0.7861328125 0.126953125 0.7939453125 0.1416015625 0.810546875 0.173828125 0.8115234375
2 0.52734375 0.5908203125 0.5400390625 0.6015625 0.57421875 0.6044921875 0.5947265625 0.6015625 0.611328125 0.5849609375 0.615234375 0.5693359375 0.5947265625 0.56640625 0.5576171875 0.548828125 0.537109375 0.5771484375 0.52734375 0.5810546875 0.52734375 0.5908203125