2 0.9248046875 0.763671875 0.9033203125 0.7578125 0.89453125 0.7685546875 0.90234375 0.7880859375 0.91796875 0.8037109375 0.935546875 0.8017578125 0.939453125 0.7822265625 0.9248046875 0.763671875
2 1 0.8427734375 0.9931640625 0.837890625 0.9775390625 0.837890625 0.96875 0.8486328125 0.96875 0.8662109375 0.982421875 0.8798828125 1 0.8759765625 1 0.8427734375
2 0.900390625 0.6552734375 0.8837890625 0.646484375 0.87890625 0.6572265625 0.896484375 0.6962890625 0.91015625 0.6943359375 0.91015625 0.6767578125 0.900390625 0.6552734375
2 0.75 0.5615234375 0.7373046875 0.546875 0.7158203125 0.544921875 0.703125 0.5537109375 0.7109375 0.5751953125 0.72265625 0.5830078125 0.7353515625 0.583984375 0.74609375 0.5751953125 0.75 0.5615234375
2 0.830078125 0.4658203125 0.8271484375 0.455078125 0.8134765625 0.453125 0.79296875 0.4697265625 0.791015625 0.4892578125 0.798828125 0.4990234375 0.8095703125 0.5 0.82421875 0.4833984375 0.830078125 0.4658203125
2 0.7060546875 0.36328125 0.6865234375 0.359375 0.677734375 0.3798828125 0.69140625 0.3916015625 0.7001953125 0.390625 0.712890625 0.3720703125 0.7060546875 0.36328125
2 0.607421875 0.1787109375 0.5908203125 0.16796875 0.5537109375 0.169921875 0.548828125 0.1748046875 0.55078125 0.1923828125 0.568359375 0.2021484375 0.5869140625 0.203125 0.6064453125 0.1953125 0.607421875 0.1787109375
2 0.6259765625 0.208984375 0.6103515625 0.208984375 0.603515625 0.2138671875 0.603515625 0.2255859375 0.62109375 0.2373046875 0.6328125 0.2353515625 0.634765625 0.2177734375 0.6259765625 0.208984375
2 0.896484375 0.2314453125 0.8896484375 0.22265625 0.8740234375 0.21875 0.85546875 0.2294921875 0.8515625 0.2470703125 0.865234375 0.2587890625 0.8837890625 0.2578125 0.896484375 0.2451171875 0.896484375 0.2314453125
2 0.97265625 0.1552734375 0.9638671875 0.14453125 0.9423828125 0.142578125 0.927734375 0.1533203125 0.91796875 0.1787109375 0.931640625 0.1923828125 0.9443359375 0.193359375 0.97265625 0.1748046875 0.97265625 0.1552734375
2 0.85546875 0.3310546875 0.8564453125 0.314453125 0.828125 0.3408203125 0.8203125 0.3583984375 0.8251953125 0.35546875 0.828125 0.3623046875 0.83984375 0.3564453125 0.849609375 0.3330078125 0.85546875 0.3310546875
2 0.80078125 0.3916015625 0.798828125 0.4111328125 0.826171875 0.4091796875 0.8291015625 0.37109375 0.80078125 0.3916015625
2 0.828125 0.3076171875 0.8232421875 0.298828125 0.806640625 0.3076171875 0.814453125 0.3388671875 0.8212890625 0.33984375 0.826171875 0.3291015625 0.828125 0.3076171875
2 0.9853515625 0.326171875 0.970703125 0.3505859375 0.9990234375 0.34765625 1 0.3251953125 0.9853515625 0.326171875
2 0.84375 0.4267578125 0.8330078125 0.419921875 0.8251953125 0.419921875 0.80859375 0.4384765625 0.8095703125 0.44921875 0.826171875 0.4521484375 0.833984375 0.4501953125 0.84375 0.4345703125 0.84375 0.4267578125
2 0.8857421875 0.87109375 0.8564453125 0.869140625 0.845703125 0.8759765625 0.837890625 0.8935546875 0.859375 0.9052734375 0.8916015625 0.900390625 0.900390625 0.8876953125 0.8857421875 0.87109375
2 0.7861328125 0.8828125 0.7763671875 0.8828125 0.763671875 0.8955078125 0.76171875 0.9091796875 0.787109375 0.9365234375 0.802734375 0.9306640625 0.8046875 0.9091796875 0.7861328125 0.8828125
2 0.6689453125 0.96875 0.65234375 0.9990234375 0.6845703125 1 0.68359375 0.9775390625 0.6689453125 0.96875
2 0.6484375 0.9677734375 0.6337890625 0.94921875 0.6181640625 0.94921875 0.609375 0.9697265625 0.611328125 0.9892578125 0.62109375 0.9990234375 0.6435546875 1 0.646484375 0.9931640625 0.6484375 0.9677734375
2 0.5029296875 0.849609375 0.4833984375 0.84765625 0.48046875 0.8935546875 0.5 0.9111328125 0.509765625 0.9052734375 0.51953125 0.8623046875 0.5029296875 0.849609375
2 0.2666015625 0.828125 0.2470703125 0.826171875 0.224609375 0.8408203125 0.21484375 0.8662109375 0.220703125 0.8857421875 0.2353515625 0.884765625 0.25 0.8701171875 0.2666015625 0.828125
2 0.2998046875 0.787109375 0.2861328125 0.787109375 0.265625 0.8076171875 0.271484375 0.8251953125 0.298828125 0.8076171875 0.3046875 0.7939453125 0.2998046875 0.787109375
2 0.14453125 0.4677734375 0.1318359375 0.458984375 0.1259765625 0.458984375 0.109375 0.4794921875 0.109375 0.4931640625 0.1171875 0.5029296875 0.1298828125 0.50390625 0.14453125 0.4814453125 0.14453125 0.4677734375
2 0.0732421875 0.490234375 0.0556640625 0.490234375 0.04296875 0.4990234375 0.041015625 0.5205078125 0.048828125 0.5263671875 0.078125 0.5224609375 0.080078125 0.4970703125 0.0732421875 0.490234375
2 0.2041015625 0.462890625 0.1748046875 0.474609375 0.169921875 0.4833984375 0.171875 0.5009765625 0.1904296875 0.51171875 0.201171875 0.5263671875 0.21484375 0.5205078125 0.212890625 0.4755859375 0.2041015625 0.462890625
2 0.259765625 0.4248046875 0.2509765625 0.421875 0.236328125 0.4853515625 0.2421875 0.4990234375 0.255859375 0.5068359375 0.271484375 0.4990234375 0.27734375 0.4677734375 0.259765625 0.4248046875
2 0.3974609375 0.439453125 0.3818359375 0.4375 0.376953125 0.4521484375 0.408203125 0.4853515625 0.431640625 0.4736328125 0.4296875 0.4580078125 0.3974609375 0.439453125
2 0.36328125 0.4619140625 0.34765625 0.4189453125 0.3427734375 0.41796875 0.32421875 0.4287109375 0.33203125 0.4697265625 0.361328125 0.4931640625 0.3759765625 0.494140625 0.3828125 0.4873046875 0.36328125 0.4619140625
2 0.4013671875 0.56640625 0.3876953125 0.560546875 0.3828125 0.5791015625 0.392578125 0.5869140625 0.4052734375 0.5859375 0.408203125 0.5771484375 0.4013671875 0.56640625
2 0.1865234375 0.75 0.1669921875 0.748046875 0.15625 0.7587890625 0.15625 0.7666015625 0.173828125 0.7900390625 0.193359375 0.7841796875 0.1953125 0.7607421875 0.1865234375 0.75
2 0.14453125 0.8681640625 0.146484375 0.8369140625 0.1376953125 0.82421875 0.12109375 0.8349609375 0.11328125 0.8505859375 0.11328125 0.8837890625 0.123046875 0.8916015625 0.1337890625 0.892578125 0.140625 0.8857421875 0.14453125 0.8681640625
2 0.060546875 0.9189453125 0.0478515625 0.9140625 0.0146484375 0.927734375 0.001953125 0.9404296875 0.009765625 0.9482421875 0.0439453125 0.943359375 0.0546875 0.9345703125 0.060546875 0.9189453125
2 0.0595703125 0.9140625 0.0458984375 0.9140625 0 0.9384765625 0.0009765625 0.947265625 0.01171875 0.9501953125 0.0751953125 0.94140625 0.08203125 0.9267578125 0.0595703125 0.9140625
2 0.1005859375 0.9375 0.0888671875 0.939453125 0.080078125 0.9501953125 0.08203125 0.9580078125 0.10546875 0.9677734375 0.12109375 0.9599609375 0.12109375 0.9501953125 0.1005859375 0.9375
2 0.208984375 0.8525390625 0.2041015625 0.84765625 0.1904296875 0.84765625 0.17578125 0.8701171875 0.177734375 0.9013671875 0.1923828125 0.90234375 0.20703125 0.8896484375 0.208984375 0.8525390625
2 0.0283203125 0.63671875 0.0087890625 0.638671875 0.0078125 0.6572265625 0.0185546875 0.66796875 0.03515625 0.6728515625 0.04296875 0.6669921875 0.044921875 0.6435546875 0.0283203125 0.63671875
2 0.15234375 0.5986328125 0.1435546875 0.595703125 0.134765625 0.6044921875 0.12890625 0.6318359375 0.154296875 0.6630859375 0.162109375 0.6611328125 0.158203125 0.6162109375 0.15234375 0.5986328125
2 0.2294921875 0.60546875 0.2197265625 0.603515625 0.21484375 0.6103515625 0.21875 0.6318359375 0.267578125 0.6611328125 0.27734375 0.6552734375 0.2734375 0.6455078125 0.2294921875 0.60546875
2 0.4423828125 0.6171875 0.4228515625 0.615234375 0.416015625 0.6298828125 0.423828125 0.6396484375 0.42578125 0.6669921875 0.43359375 0.6748046875 0.45703125 0.6572265625 0.458984375 0.6396484375 0.4423828125 0.6171875
2 0.4521484375 0.798828125 0.4326171875 0.798828125 0.42578125 0.8115234375 0.451171875 0.8291015625 0.4736328125 0.826171875 0.482421875 0.8095703125 0.4521484375 0.798828125
2 0.4091796875 0.896484375 0.3955078125 0.8984375 0.373046875 0.9287109375 0.373046875 0.9365234375 0.384765625 0.9462890625 0.412109375 0.9365234375 0.416015625 0.9091796875 0.4091796875 0.896484375
2 0.6064453125 0.765625 0.5908203125 0.76171875 0.580078125 0.7705078125 0.576171875 0.7880859375 0.599609375 0.8037109375 0.615234375 0.7998046875 0.6171875 0.7822265625 0.6064453125 0.765625
2 0.421875 0.1240234375 0.4169921875 0.10546875 0.4033203125 0.109375 0.384765625 0.1259765625 0.37890625 0.1455078125 0.384765625 0.1494140625 0.3955078125 0.150390625 0.416015625 0.1357421875 0.421875 0.1240234375
2 0.4931640625 0 0.47265625 0.0224609375 0.470703125 0.0361328125 0.5048828125 0.01953125 0.51171875 0.0009765625 0.4931640625 0
2 0.55859375 0.0576171875 0.5595703125 0.025390625 0.5439453125 0.025390625 0.5390625 0.0322265625 0.53515625 0.0693359375 0.5234375 0.0810546875 0.529296875 0.0966796875 0.546875 0.0927734375 0.548828125 0.0732421875 0.55859375 0.0576171875
2 0.619140625 0.0888671875 0.6142578125 0.083984375 0.58984375 0.0927734375 0.587890625 0.1181640625 0.59765625 0.1318359375 0.6064453125 0.1328125 0.615234375 0.1240234375 0.619140625 0.0888671875
2 0.1982421875 0 0.201171875 0.0166015625 0.2265625 0.0361328125 0.236328125 0.0341796875 0.228515625 0.0263671875 0.23828125 0.0244140625 0.23828125 0.0166015625 0.2216796875 0 0.1982421875 0
2 0.0751953125 0.388671875 0.068359375 0.3935546875 0.05859375 0.4189453125 0.064453125 0.4326171875 0.09765625 0.4091796875 0.0966796875 0.390625 0.0751953125 0.388671875
2 0.0830078125 0.224609375 0.0703125 0.2314453125 0.0703125 0.2431640625 0.0859375 0.2685546875 0.0986328125 0.26953125 0.10546875 0.2607421875 0.0830078125 0.224609375
2 0.140625 0.2333984375 0.1259765625 0.21875 0.1142578125 0.216796875 0.111328125 0.2451171875 0.12109375 0.2587890625 0.1298828125 0.259765625 0.138671875 0.2509765625 0.140625 0.2333984375
2 0.169921875 0.3427734375 0.1650390625 0.33984375 0.1484375 0.3603515625 0.150390625 0.3720703125 0.15625 0.3740234375 0.166015625 0.3701171875 0.169921875 0.3603515625 0.169921875 0.3427734375
2 0.337890625 0.3271484375 0.3291015625 0.314453125 0.30859375 0.3291015625 0.310546875 0.3623046875 0.31640625 0.3662109375 0.3310546875 0.3671875 0.337890625 0.3564453125 0.337890625 0.3271484375