2 0.03125 0.8701171875 0.0634765625 0.87890625 0.06640625 0.8447265625 0.0546875 0.8115234375 0.046875 0.8115234375 0.0322265625 0.8125 0.02734375 0.8193359375 0.033203125 0.8251953125 0.03125 0.8701171875
2 0 0.7666015625 0.0419921875 0.767578125 0.046875 0.7626953125 0.044921875 0.7275390625 0.0302734375 0.71875 0.01171875 0.7197265625 0 0.7236328125 0 0.7666015625
2 0 0.7978515625 0.0146484375 0.818359375 0.0498046875 0.8125 0.060546875 0.7978515625 0.0625 0.7802734375 0.044921875 0.7724609375 0 0.7763671875 0 0.7978515625
2 0.791015625 0.7080078125 0.775390625 0.7197265625 0.7861328125 0.765625 0.8017578125 0.767578125 0.84375 0.7490234375 0.8447265625 0.7265625 0.791015625 0.7080078125
2 0.943359375 0.7705078125 0.9248046875 0.751953125 0.91015625 0.7509765625 0.904296875 0.7568359375 0.90234375 0.7841796875 0.9130859375 0.796875 0.9267578125 0.80078125 0.943359375 0.7705078125
2 0.912109375 0.9189453125 0.9267578125 0.9296875 0.9541015625 0.927734375 0.9716796875 0.935546875 0.974609375 0.9169921875 0.98828125 0.8935546875 0.9755859375 0.896484375 0.9619140625 0.888671875 0.94140625 0.8896484375 0.93359375 0.9111328125 0.912109375 0.9189453125
2 0.595703125 0.9736328125 0.587890625 0.9482421875 0.578125 0.9443359375 0.5703125 0.9521484375 0.572265625 0.9931640625 0.5869140625 0.99609375 0.595703125 0.9892578125 0.595703125 0.9736328125
2 0.4384765625 0.771484375 0.4521484375 0.794921875 0.4658203125 0.7890625 0.474609375 0.7763671875 0.4609375 0.7451171875 0.4482421875 0.736328125 0.435546875 0.7373046875 0.4267578125 0.740234375 0.404296875 0.7685546875 0.4384765625 0.771484375
2 0.7568359375 0.5859375 0.7724609375 0.580078125 0.78515625 0.5654296875 0.7802734375 0.548828125 0.763671875 0.5498046875 0.7470703125 0.552734375 0.7421875 0.5615234375 0.744140625 0.5771484375 0.7568359375 0.5859375
2 0.646484375 0.3701171875 0.6171875 0.4150390625 0.6201171875 0.42578125 0.6416015625 0.423828125 0.6640625 0.3994140625 0.65625 0.3740234375 0.646484375 0.3701171875
2 0.482421875 0.2138671875 0.470703125 0.2275390625 0.470703125 0.2392578125 0.482421875 0.2744140625 0.494140625 0.2919921875 0.5048828125 0.296875 0.515625 0.2880859375 0.517578125 0.2744140625 0.5078125 0.2490234375 0.5 0.2431640625 0.498046875 0.2216796875 0.4931640625 0.21484375 0.482421875 0.2138671875
2 0.33984375 0.1083984375 0.328125 0.1220703125 0.326171875 0.1357421875 0.3564453125 0.138671875 0.36328125 0.1318359375 0.361328125 0.1162109375 0.33984375 0.1083984375
2 0.32421875 0.1357421875 0.296875 0.1708984375 0.2998046875 0.185546875 0.3115234375 0.185546875 0.330078125 0.1708984375 0.33203125 0.1513671875 0.32421875 0.1357421875
2 0.40234375 0.0009765625 0.3984375 0.0283203125 0.4091796875 0.037109375 0.42578125 0.0263671875 0.435546875 0.0048828125 0.4326171875 0 0.40234375 0.0009765625
2 0.673828125 0.0009765625 0.67578125 0.0166015625 0.6884765625 0.029296875 0.7080078125 0.025390625 0.716796875 0.0126953125 0.7158203125 0 0.673828125 0.0009765625
2 0.83984375 0.1357421875 0.8349609375 0.125 0.81640625 0.1240234375 0.763671875 0.1708984375 0.7578125 0.1806640625 0.7626953125 0.19921875 0.8095703125 0.169921875 0.83984375 0.1357421875
2 0.3974609375 0.2890625 0.400390625 0.2763671875 0.38671875 0.2509765625 0.3701171875 0.23828125 0.359375 0.2392578125 0.34765625 0.2666015625 0.349609375 0.2802734375 0.3798828125 0.29296875 0.3974609375 0.2890625
2 0.32421875 0.2431640625 0.3212890625 0.234375 0.314453125 0.2353515625 0.26953125 0.2607421875 0.265625 0.2783203125 0.2744140625 0.287109375 0.2958984375 0.27734375 0.32421875 0.2431640625
2 0.30859375 0.6787109375 0.294921875 0.6513671875 0.283203125 0.6513671875 0.259765625 0.6826171875 0.259765625 0.6943359375 0.2666015625 0.69921875 0.2939453125 0.693359375 0.30859375 0.6787109375
2 0.6669921875 0.6328125 0.708984375 0.6357421875 0.701171875 0.6103515625 0.6923828125 0.6015625 0.671875 0.6005859375 0.65234375 0.6103515625 0.640625 0.6259765625 0.6416015625 0.640625 0.6669921875 0.6328125
2 0.6123046875 0.650390625 0.625 0.6201171875 0.609375 0.6201171875 0.5810546875 0.623046875 0.568359375 0.6357421875 0.568359375 0.6435546875 0.5888671875 0.65234375 0.6123046875 0.650390625
2 0.5537109375 0.66015625 0.5615234375 0.650390625 0.5703125 0.6552734375 0.5556640625 0.63671875 0.541015625 0.6376953125 0.5107421875 0.64453125 0.505859375 0.6572265625 0.5341796875 0.666015625 0.5537109375 0.66015625