2 0.841796875 0.3525390625 0.8359375 0.3935546875 0.841796875 0.4091796875 0.8603515625 0.42578125 0.8955078125 0.42578125 0.9150390625 0.41015625 0.912109375 0.3642578125 0.8935546875 0.341796875 0.8623046875 0.3359375 0.841796875 0.3525390625
2 0.888671875 0.5400390625 0.890625 0.5673828125 0.9326171875 0.599609375 0.9521484375 0.599609375 0.9814453125 0.587890625 0.9970703125 0.55078125 0.99609375 0.5302734375 0.978515625 0.5107421875 0.9462890625 0.498046875 0.9150390625 0.5 0.8984375 0.5146484375 0.888671875 0.5400390625
2 0.0693359375 0.279296875 0.0576171875 0.279296875 0.0390625 0.2900390625 0.0390625 0.2998046875 0.0595703125 0.306640625 0.0712890625 0.29296875 0.0693359375 0.279296875
2 0.0625 0.6318359375 0.0556640625 0.62109375 0.03515625 0.6240234375 0.033203125 0.6396484375 0.0400390625 0.6484375 0.0615234375 0.64453125 0.0625 0.6318359375
2 0.07421875 0.6728515625 0.07421875 0.6865234375 0.1005859375 0.7265625 0.1494140625 0.736328125 0.2236328125 0.78125 0.2353515625 0.77734375 0.234375 0.7685546875 0.2001953125 0.736328125 0.1123046875 0.697265625 0.0927734375 0.669921875 0.0791015625 0.66796875 0.07421875 0.6728515625
2 0.1962890625 0.814453125 0.1806640625 0.81640625 0.17578125 0.8251953125 0.1806640625 0.83203125 0.1962890625 0.833984375 0.2314453125 0.83203125 0.2255859375 0.8203125 0.1962890625 0.814453125
2 0.2724609375 0.7890625 0.25390625 0.7880859375 0.25390625 0.7978515625 0.2685546875 0.8125 0.2822265625 0.818359375 0.3017578125 0.81640625 0.2939453125 0.802734375 0.2724609375 0.7890625
2 0.05078125 0.5869140625 0.0283203125 0.568359375 0.0234375 0.5791015625 0.029296875 0.5947265625 0.0439453125 0.607421875 0.0517578125 0.60546875 0.05078125 0.5869140625
2 0.029296875 0.6083984375 0.0009765625 0.544921875 0 0.6298828125 0.0166015625 0.64453125 0.0458984375 0.650390625 0.0634765625 0.642578125 0.0556640625 0.62109375 0.0361328125 0.6171875 0.029296875 0.6083984375
2 0.38671875 0.0302734375 0.388671875 0.0419921875 0.4306640625 0.076171875 0.4755859375 0.0859375 0.4931640625 0.078125 0.5068359375 0.05859375 0.5078125 0.0439453125 0.4794921875 0 0.3671875 0.0029296875 0.38671875 0.0302734375
2 0.7158203125 0.001953125 0.6884765625 0 0.6875 0.0185546875 0.6943359375 0.0234375 0.7099609375 0.021484375 0.7158203125 0.001953125
2 0.78125 0.2314453125 0.783203125 0.2626953125 0.7900390625 0.26953125 0.7978515625 0.267578125 0.8125 0.2587890625 0.8154296875 0.25 0.80859375 0.2216796875 0.7978515625 0.21484375 0.7880859375 0.216796875 0.78125 0.2314453125
2 0.7626953125 0.5078125 0.7431640625 0.515625 0.736328125 0.5302734375 0.7412109375 0.53515625 0.7783203125 0.53125 0.7919921875 0.51171875 0.7900390625 0.505859375 0.7626953125 0.5078125
2 0.6005859375 0.466796875 0.578125 0.4755859375 0.57421875 0.5068359375 0.5869140625 0.53125 0.595703125 0.5322265625 0.6123046875 0.48828125 0.611328125 0.4775390625 0.6005859375 0.466796875
2 0.5732421875 0.689453125 0.546875 0.7177734375 0.546875 0.7294921875 0.5537109375 0.732421875 0.5771484375 0.724609375 0.5908203125 0.701171875 0.5869140625 0.689453125 0.5732421875 0.689453125
2 0.5361328125 0.642578125 0.5283203125 0.642578125 0.517578125 0.6552734375 0.5078125 0.6865234375 0.5322265625 0.6875 0.5458984375 0.6640625 0.546875 0.6533203125 0.5361328125 0.642578125
2 0.4892578125 0.68359375 0.5029296875 0.681640625 0.5087890625 0.689453125 0.5263671875 0.689453125 0.5390625 0.6826171875 0.5458984375 0.6640625 0.544921875 0.6494140625 0.5263671875 0.642578125 0.5126953125 0.66796875 0.4853515625 0.662109375 0.48046875 0.6748046875 0.4892578125 0.68359375
2 0.4921875 0.3916015625 0.4833984375 0.380859375 0.46484375 0.3896484375 0.462890625 0.4052734375 0.4677734375 0.41015625 0.4912109375 0.408203125 0.4921875 0.3916015625
2 0.759765625 0.8564453125 0.7509765625 0.8515625 0.728515625 0.8583984375 0.7333984375 0.8671875 0.7451171875 0.87109375 0.7587890625 0.8671875 0.759765625 0.8564453125
2 0.7275390625 0.890625 0.7373046875 0.88671875 0.7353515625 0.873046875 0.72265625 0.8740234375 0.7275390625 0.890625
2 0.921875 0.9716796875 0.9521484375 0.970703125 0.951171875 0.9501953125 0.9287109375 0.927734375 0.921875 0.9716796875
2 0.1572265625 0.958984375 0.1376953125 0.9609375 0.1171875 0.9755859375 0.1171875 0.9814453125 0.1318359375 0.984375 0.1650390625 0.96484375 0.1572265625 0.958984375
2 0.2314453125 0.255859375 0.2490234375 0.25 0.2373046875 0.236328125 0.21875 0.2431640625 0.2314453125 0.255859375