2 0.615234375 0.0458984375 0.6103515625 0.041015625 0.5888671875 0.041015625 0.583984375 0.0478515625 0.587890625 0.0595703125 0.6005859375 0.0703125 0.611328125 0.0693359375 0.615234375 0.0458984375
2 0.740234375 0.0537109375 0.732421875 0.0302734375 0.7099609375 0.0078125 0.6826171875 0.013671875 0.66796875 0.0439453125 0.67578125 0.0673828125 0.73046875 0.0751953125 0.740234375 0.0537109375
2 0.6552734375 0.154296875 0.654296875 0.1455078125 0.66015625 0.1435546875 0.6474609375 0.119140625 0.625 0.1396484375 0.625 0.1533203125 0.640625 0.1552734375 0.6552734375 0.154296875
2 0.65625 0.3564453125 0.6474609375 0.341796875 0.6357421875 0.33984375 0.623046875 0.3466796875 0.623046875 0.3583984375 0.6279296875 0.369140625 0.642578125 0.3720703125 0.65625 0.3564453125
2 0.6435546875 0.375 0.642578125 0.3916015625 0.673828125 0.4130859375 0.666015625 0.3759765625 0.6611328125 0.37109375 0.6435546875 0.375
2 0.783203125 0.8115234375 0.78125 0.8017578125 0.7646484375 0.787109375 0.7490234375 0.78515625 0.744140625 0.7900390625 0.74609375 0.8134765625 0.76953125 0.8173828125 0.783203125 0.8115234375
2 0.6123046875 0.70703125 0.642578125 0.7080078125 0.658203125 0.7041015625 0.6640625 0.6845703125 0.666015625 0.6494140625 0.6494140625 0.6328125 0.6376953125 0.6328125 0.623046875 0.6474609375 0.60546875 0.6826171875 0.6123046875 0.70703125
2 0.822265625 0.7138671875 0.830078125 0.7021484375 0.837890625 0.6572265625 0.8271484375 0.64453125 0.7939453125 0.642578125 0.7734375 0.6572265625 0.783203125 0.7060546875 0.7978515625 0.71484375 0.822265625 0.7138671875
2 0.861328125 0.6083984375 0.888671875 0.5966796875 0.896484375 0.5751953125 0.8896484375 0.55859375 0.8486328125 0.55859375 0.83984375 0.5673828125 0.83984375 0.5966796875 0.8505859375 0.607421875 0.861328125 0.6083984375
2 0.189453125 0.8916015625 0.201171875 0.8759765625 0.201171875 0.8447265625 0.1748046875 0.830078125 0.1533203125 0.83203125 0.13671875 0.8564453125 0.13671875 0.8701171875 0.1630859375 0.890625 0.189453125 0.8916015625
2 0.642578125 0.9228515625 0.654296875 0.9189453125 0.66796875 0.8779296875 0.66015625 0.8623046875 0.5966796875 0.853515625 0.591796875 0.8935546875 0.6015625 0.9169921875 0.6181640625 0.923828125 0.642578125 0.9228515625
2 0.953125 0.9033203125 0.9609375 0.8720703125 0.9482421875 0.8515625 0.9189453125 0.849609375 0.90625 0.8642578125 0.904296875 0.8994140625 0.93359375 0.9111328125 0.953125 0.9033203125
2 0.48828125 0.7353515625 0.4755859375 0.720703125 0.4443359375 0.7109375 0.4296875 0.7255859375 0.4384765625 0.73828125 0.4541015625 0.74609375 0.478515625 0.7470703125 0.48828125 0.7353515625
2 0.5576171875 0.736328125 0.56640625 0.7275390625 0.5537109375 0.703125 0.5439453125 0.703125 0.533203125 0.7177734375 0.53125 0.7373046875 0.5390625 0.7392578125 0.5576171875 0.736328125
2 0.109375 0.2392578125 0.1171875 0.2353515625 0.12109375 0.1982421875 0.1044921875 0.185546875 0.0771484375 0.1875 0.06640625 0.2001953125 0.06640625 0.2177734375 0.076171875 0.2353515625 0.109375 0.2392578125
2 0.822265625 0.2587890625 0.8154296875 0.2578125 0.79296875 0.2958984375 0.791015625 0.3193359375 0.8232421875 0.33984375 0.8515625 0.3427734375 0.8701171875 0.337890625 0.890625 0.3232421875 0.89453125 0.2802734375 0.8779296875 0.263671875 0.8369140625 0.255859375 0.8193359375 0.267578125 0.814453125 0.2626953125 0.822265625 0.2587890625