2 0.0810546875 0.45703125 0.0947265625 0.4453125 0.09375 0.4189453125 0.0712890625 0.40234375 0.0498046875 0.400390625 0.03125 0.4150390625 0.03125 0.4365234375 0.0615234375 0.458984375 0.0810546875 0.45703125
2 0.1708984375 0.55859375 0.1826171875 0.541015625 0.17578125 0.5166015625 0.1630859375 0.501953125 0.1376953125 0.501953125 0.123046875 0.5244140625 0.123046875 0.5458984375 0.1376953125 0.556640625 0.1708984375 0.55859375
2 0.2607421875 0.689453125 0.2822265625 0.669921875 0.27734375 0.6396484375 0.2548828125 0.625 0.2392578125 0.62890625 0.212890625 0.6513671875 0.21484375 0.6689453125 0.2353515625 0.689453125 0.2607421875 0.689453125
2 0.388671875 0.9326171875 0.3935546875 0.90234375 0.392578125 0.8779296875 0.3818359375 0.8671875 0.3740234375 0.8671875 0.3671875 0.8759765625 0.36328125 0.9052734375 0.3818359375 0.94140625 0.388671875 0.9326171875
2 0.5 0.7080078125 0.5107421875 0.728515625 0.5244140625 0.732421875 0.5302734375 0.71484375 0.5166015625 0.689453125 0.501953125 0.6923828125 0.5 0.7080078125
2 0.59765625 0.5029296875 0.6044921875 0.478515625 0.6015625 0.4541015625 0.5751953125 0.435546875 0.5517578125 0.44140625 0.537109375 0.4541015625 0.54296875 0.4912109375 0.5751953125 0.51171875 0.59765625 0.5029296875
2 0.7685546875 0.431640625 0.765625 0.4189453125 0.7529296875 0.408203125 0.7177734375 0.400390625 0.69921875 0.4287109375 0.703125 0.4677734375 0.7080078125 0.47265625 0.7373046875 0.47265625 0.765625 0.4482421875 0.7685546875 0.431640625
2 0.6357421875 0.171875 0.6435546875 0.16015625 0.642578125 0.1455078125 0.6220703125 0.1328125 0.6103515625 0.134765625 0.599609375 0.1494140625 0.603515625 0.1630859375 0.6220703125 0.17578125 0.6357421875 0.171875
2 0.556640625 0.3037109375 0.5693359375 0.322265625 0.5810546875 0.314453125 0.580078125 0.2861328125 0.5673828125 0.26953125 0.5595703125 0.26953125 0.552734375 0.2802734375 0.556640625 0.3037109375
2 0.3037109375 0.22265625 0.3193359375 0.208984375 0.318359375 0.1865234375 0.3076171875 0.169921875 0.2841796875 0.16796875 0.275390625 0.1748046875 0.26953125 0.2060546875 0.2861328125 0.2265625 0.3037109375 0.22265625
2 0.7451171875 0.236328125 0.740234375 0.2158203125 0.720703125 0.1884765625 0.716796875 0.1689453125 0.6982421875 0.1640625 0.69140625 0.1708984375 0.69140625 0.1845703125 0.70703125 0.2138671875 0.7333984375 0.23828125 0.7451171875 0.236328125
2 0.6904296875 0.263671875 0.7041015625 0.263671875 0.7197265625 0.234375 0.7177734375 0.22265625 0.6943359375 0.21875 0.681640625 0.2373046875 0.68359375 0.2568359375 0.6904296875 0.263671875
2 0.857421875 0.6025390625 0.8759765625 0.615234375 0.8818359375 0.6015625 0.880859375 0.5751953125 0.8701171875 0.560546875 0.8583984375 0.55859375 0.853515625 0.5634765625 0.857421875 0.6025390625
2 0.1337890625 0.65625 0.1494140625 0.654296875 0.14453125 0.6396484375 0.1259765625 0.625 0.1064453125 0.62109375 0.099609375 0.6259765625 0.09765625 0.6396484375 0.1025390625 0.64453125 0.1337890625 0.65625
2 0.3671875 0.1748046875 0.3837890625 0.20703125 0.4033203125 0.21875 0.4150390625 0.216796875 0.412109375 0.1845703125 0.4033203125 0.169921875 0.3671875 0.1748046875