2 0.978515625 0.1044921875 0.9580078125 0.078125 0.9248046875 0.076171875 0.912109375 0.0908203125 0.90625 0.1259765625 0.9208984375 0.138671875 0.951171875 0.1416015625 0.978515625 0.1240234375 0.978515625 0.1044921875
2 0.912109375 0.1982421875 0.8955078125 0.1875 0.8740234375 0.1875 0.861328125 0.1962890625 0.85546875 0.2197265625 0.8681640625 0.234375 0.896484375 0.2412109375 0.912109375 0.2236328125 0.912109375 0.1982421875
2 0.9931640625 0.35546875 1 0.3466796875 0.99609375 0.3232421875 0.9794921875 0.3125 0.9521484375 0.314453125 0.943359375 0.3291015625 0.947265625 0.3486328125 0.9560546875 0.357421875 0.98046875 0.3583984375 0.9931640625 0.35546875
2 0.87890625 0.2763671875 0.8603515625 0.255859375 0.8388671875 0.25390625 0.818359375 0.2744140625 0.818359375 0.2880859375 0.8369140625 0.306640625 0.849609375 0.3076171875 0.876953125 0.2958984375 0.87890625 0.2763671875
2 0.705078125 0.2177734375 0.6748046875 0.197265625 0.6337890625 0.201171875 0.625 0.2158203125 0.630859375 0.2392578125 0.6572265625 0.26171875 0.689453125 0.2626953125 0.708984375 0.2490234375 0.705078125 0.2177734375
2 0.6044921875 0.310546875 0.5859375 0.3291015625 0.58203125 0.3505859375 0.6025390625 0.365234375 0.6171875 0.3642578125 0.634765625 0.3505859375 0.63671875 0.3271484375 0.6044921875 0.310546875
2 0.8984375 0.5751953125 0.8818359375 0.5546875 0.8427734375 0.552734375 0.822265625 0.5673828125 0.830078125 0.5966796875 0.8447265625 0.611328125 0.880859375 0.6142578125 0.900390625 0.5908203125 0.8984375 0.5751953125
2 0.751953125 0.5146484375 0.7431640625 0.5078125 0.7197265625 0.5078125 0.71484375 0.5146484375 0.71875 0.5283203125 0.7392578125 0.546875 0.751953125 0.5458984375 0.76171875 0.5380859375 0.751953125 0.5146484375
2 0.712890625 0.7255859375 0.72265625 0.7197265625 0.7265625 0.7041015625 0.724609375 0.6806640625 0.7158203125 0.671875 0.6962890625 0.6640625 0.6650390625 0.662109375 0.642578125 0.6728515625 0.6455078125 0.708984375 0.6708984375 0.72265625 0.712890625 0.7255859375
2 0.8828125 0.8974609375 0.87890625 0.8818359375 0.8642578125 0.869140625 0.8369140625 0.873046875 0.828125 0.8818359375 0.830078125 0.9091796875 0.853515625 0.9130859375 0.8740234375 0.908203125 0.8828125 0.8974609375
2 0.2490234375 0.771484375 0.255859375 0.7626953125 0.25 0.7314453125 0.2314453125 0.72265625 0.1982421875 0.728515625 0.1796875 0.7587890625 0.181640625 0.7646484375 0.2060546875 0.77734375 0.232421875 0.7763671875 0.2490234375 0.771484375
2 0.49609375 0.9951171875 0.494140625 0.9501953125 0.4853515625 0.943359375 0.4482421875 0.9296875 0.412109375 0.9345703125 0.41015625 0.9580078125 0.427734375 0.9716796875 0.4365234375 1 0.501953125 0.9990234375 0.49609375 0.9951171875
2 0.564453125 0.5498046875 0.5556640625 0.541015625 0.5263671875 0.533203125 0.505859375 0.5458984375 0.505859375 0.5556640625 0.5185546875 0.568359375 0.546875 0.5751953125 0.5625 0.5634765625 0.564453125 0.5498046875