2 0.9521484375 0.818359375 0.9443359375 0.818359375 0.9326171875 0.83203125 0.9384765625 0.853515625 0.9609375 0.8388671875 0.9521484375 0.818359375
2 0.859375 0.7958984375 0.8857421875 0.783203125 0.892578125 0.7705078125 0.8837890625 0.765625 0.8564453125 0.767578125 0.8486328125 0.791015625 0.8515625 0.8232421875 0.8603515625 0.82421875 0.859375 0.7958984375
2 0.6982421875 0.6171875 0.712890625 0.6064453125 0.7265625 0.5849609375 0.7216796875 0.580078125 0.7041015625 0.58203125 0.6982421875 0.5703125 0.6884765625 0.5703125 0.6748046875 0.576171875 0.6650390625 0.58984375 0.6640625 0.5966796875 0.6845703125 0.615234375 0.6982421875 0.6171875
2 0.7822265625 0.662109375 0.7666015625 0.671875 0.7685546875 0.6875 0.794921875 0.6865234375 0.7822265625 0.662109375
2 0.9716796875 0.533203125 0.9619140625 0.529296875 0.9326171875 0.53125 0.9208984375 0.5390625 0.9326171875 0.5625 0.9765625 0.5439453125 0.9716796875 0.533203125
2 0.5380859375 0.931640625 0.548828125 0.9208984375 0.55078125 0.9072265625 0.5166015625 0.90234375 0.4775390625 0.9140625 0.4736328125 0.921875 0.474609375 0.9521484375 0.5009765625 0.953125 0.5380859375 0.931640625
2 0.474609375 0.9912109375 0.478515625 0.9677734375 0.4599609375 0.94921875 0.4267578125 0.953125 0.41015625 0.9658203125 0.4052734375 0.984375 0.4072265625 0.99609375 0.4482421875 1 0.474609375 0.9912109375
2 0.4736328125 1 0.48046875 0.9814453125 0.478515625 0.9619140625 0.5126953125 0.955078125 0.548828125 0.9228515625 0.552734375 0.9111328125 0.5419921875 0.90234375 0.5166015625 0.90234375 0.4873046875 0.912109375 0.4404296875 0.916015625 0.431640625 0.9228515625 0.42578125 0.9443359375 0.408203125 0.9599609375 0.4052734375 0.9765625 0.4072265625 1 0.4736328125 1
2 0.4306640625 0.490234375 0.4453125 0.4873046875 0.447265625 0.4521484375 0.423828125 0.4423828125 0.439453125 0.4365234375 0.4345703125 0.42578125 0.4150390625 0.423828125 0.3818359375 0.458984375 0.380859375 0.4716796875 0.3916015625 0.48046875 0.4306640625 0.490234375
2 0.4033203125 0.544921875 0.4384765625 0.541015625 0.4453125 0.5341796875 0.447265625 0.5166015625 0.4609375 0.5087890625 0.462890625 0.4990234375 0.4599609375 0.494140625 0.3916015625 0.490234375 0.3505859375 0.537109375 0.3525390625 0.54296875 0.3798828125 0.537109375 0.4033203125 0.544921875
2 0.4453125 0.3134765625 0.443359375 0.2939453125 0.4345703125 0.28515625 0.4052734375 0.302734375 0.4130859375 0.330078125 0.4345703125 0.326171875 0.4453125 0.3134765625
2 0.4140625 0.3349609375 0.3994140625 0.328125 0.3818359375 0.349609375 0.3876953125 0.359375 0.4052734375 0.359375 0.4140625 0.3349609375
2 0.0478515625 0.294921875 0.0654296875 0.294921875 0.06640625 0.2802734375 0.09375 0.2626953125 0.09375 0.2451171875 0.0771484375 0.240234375 0.0361328125 0.267578125 0.03515625 0.2763671875 0.046875 0.2861328125 0.0478515625 0.294921875
2 0.0771484375 0.544921875 0.09375 0.5322265625 0.0869140625 0.49609375 0.0771484375 0.494140625 0.0693359375 0.482421875 0.0458984375 0.482421875 0.0439453125 0.4921875 0.04296875 0.5361328125 0.0478515625 0.54296875 0.0771484375 0.544921875
2 0.0869140625 0.888671875 0.099609375 0.8818359375 0.1015625 0.8681640625 0.0927734375 0.849609375 0.0478515625 0.84765625 0.046875 0.8603515625 0.0615234375 0.88671875 0.0869140625 0.888671875
2 0.1376953125 0.736328125 0.1484375 0.7275390625 0.154296875 0.7080078125 0.1201171875 0.693359375 0.0869140625 0.7109375 0.0859375 0.7197265625 0.0966796875 0.73046875 0.1376953125 0.736328125
2 0.080078125 0.8134765625 0.080078125 0.7978515625 0.0751953125 0.794921875 0.0439453125 0.7890625 0.0224609375 0.771484375 0.0009765625 0.77734375 0.0009765625 0.80859375 0.0634765625 0.8203125 0.080078125 0.8134765625
2 0.083984375 0.7939453125 0.0859375 0.7763671875 0.0791015625 0.767578125 0.0517578125 0.76171875 0.0458984375 0.7734375 0.0517578125 0.7890625 0.0771484375 0.798828125 0.083984375 0.7939453125
2 0.0205078125 0.814453125 0.0009765625 0.80859375 0.0009765625 0.85546875 0.02734375 0.8251953125 0.0205078125 0.814453125
2 0.501953125 0.7021484375 0.4990234375 0.6953125 0.4892578125 0.69140625 0.48046875 0.6962890625 0.4755859375 0.72265625 0.4814453125 0.732421875 0.4921875 0.7275390625 0.501953125 0.7021484375
2 0.513671875 0.7783203125 0.5029296875 0.755859375 0.4814453125 0.7578125 0.482421875 0.7705078125 0.4970703125 0.783203125 0.513671875 0.7783203125
2 0.759765625 0.6064453125 0.763671875 0.5849609375 0.7529296875 0.578125 0.7294921875 0.587890625 0.7236328125 0.59765625 0.7255859375 0.611328125 0.7451171875 0.615234375 0.759765625 0.6064453125
2 0.67578125 0.5205078125 0.6875 0.5048828125 0.6875 0.4951171875 0.681640625 0.4833984375 0.681640625 0.4482421875 0.6708984375 0.43359375 0.66015625 0.4404296875 0.65625 0.4755859375 0.640625 0.4931640625 0.6357421875 0.5234375 0.6435546875 0.544921875 0.673828125 0.5498046875 0.67578125 0.5205078125
2 0.6689453125 0.400390625 0.671875 0.3779296875 0.681640625 0.3603515625 0.6630859375 0.34375 0.650390625 0.3486328125 0.6455078125 0.365234375 0.64453125 0.3759765625 0.6630859375 0.400390625 0.6689453125 0.400390625
2 0.625 0.3232421875 0.6318359375 0.328125 0.6513671875 0.32421875 0.66015625 0.2958984375 0.658203125 0.2626953125 0.6435546875 0.259765625 0.6357421875 0.271484375 0.6181640625 0.26171875 0.6103515625 0.2734375 0.609375 0.2880859375 0.626953125 0.3037109375 0.625 0.3232421875
2 0.763671875 0.1650390625 0.7373046875 0.158203125 0.7275390625 0.18359375 0.7333984375 0.197265625 0.7490234375 0.19921875 0.763671875 0.1650390625
2 0.783203125 0.1259765625 0.783203125 0.1103515625 0.7646484375 0.109375 0.7529296875 0.12109375 0.7548828125 0.138671875 0.7744140625 0.140625 0.783203125 0.1259765625
2 0.65625 0.1005859375 0.6494140625 0.09375 0.6337890625 0.09375 0.6220703125 0.10546875 0.625 0.1337890625 0.6416015625 0.138671875 0.65625 0.1005859375
2 0.67578125 0.0380859375 0.673828125 0.0146484375 0.6611328125 0.01171875 0.6474609375 0.0390625 0.6494140625 0.0546875 0.6689453125 0.0546875 0.67578125 0.0380859375
2 0.119140625 0.1376953125 0.12109375 0.1259765625 0.0986328125 0.103515625 0.0888671875 0.1015625 0.080078125 0.1083984375 0.087890625 0.1220703125 0.0859375 0.1298828125 0.0693359375 0.134765625 0.076171875 0.1552734375 0.0869140625 0.16015625 0.119140625 0.1376953125