2 0.0009765625 0 0 0.0478515625 0.044921875 0.0537109375 0.05859375 0.0341796875 0.0390625 0.0009765625 0.0009765625 0
2 0.333984375 0.3408203125 0.34765625 0.3310546875 0.3515625 0.3134765625 0.2939453125 0.251953125 0.2626953125 0.232421875 0.255859375 0.2412109375 0.26171875 0.2783203125 0.3251953125 0.341796875 0.333984375 0.3408203125
2 0.1044921875 0.421875 0.115234375 0.4248046875 0.125 0.3935546875 0.115234375 0.3486328125 0.0869140625 0.314453125 0.0673828125 0.310546875 0.05859375 0.3349609375 0.08984375 0.3876953125 0.09375 0.4072265625 0.1044921875 0.421875
2 0.4375 0.5888671875 0.453125 0.5947265625 0.45703125 0.5732421875 0.470703125 0.5654296875 0.4765625 0.5380859375 0.4765625 0.5244140625 0.4580078125 0.515625 0.443359375 0.5244140625 0.4375 0.5517578125 0.4375 0.5888671875
2 0.603515625 0.4912109375 0.6259765625 0.490234375 0.638671875 0.4814453125 0.634765625 0.4619140625 0.6162109375 0.447265625 0.6005859375 0.447265625 0.59375 0.4541015625 0.59375 0.4755859375 0.603515625 0.4912109375
2 0.66015625 0.2490234375 0.6630859375 0.26171875 0.6796875 0.2646484375 0.697265625 0.2451171875 0.6982421875 0.2265625 0.66015625 0.2490234375
2 0.880859375 0.1943359375 0.8740234375 0.18359375 0.8583984375 0.1796875 0.84765625 0.1923828125 0.84765625 0.2021484375 0.8544921875 0.2109375 0.873046875 0.2099609375 0.880859375 0.1943359375
2 0.91796875 0.1005859375 0.9287109375 0.09765625 0.9375 0.0830078125 0.9375 0.0634765625 0.9248046875 0.05078125 0.9111328125 0.052734375 0.8984375 0.0654296875 0.90234375 0.0947265625 0.91796875 0.1005859375
2 0.86328125 0.0439453125 0.87109375 0.0693359375 0.880859375 0.0712890625 0.88671875 0.0654296875 0.8857421875 0.0234375 0.86328125 0.0439453125
2 0.501953125 0.0927734375 0.4970703125 0.078125 0.4736328125 0.0703125 0.47265625 0.1025390625 0.484375 0.1123046875 0.501953125 0.1025390625 0.501953125 0.0927734375
2 0.16015625 0.9287109375 0.1220703125 0.912109375 0.1103515625 0.9140625 0.109375 0.9404296875 0.154296875 0.9638671875 0.162109375 0.9521484375 0.16015625 0.9287109375
2 0.1474609375 0.921875 0.16796875 0.9228515625 0.1845703125 0.919921875 0.1875 0.9130859375 0.166015625 0.8955078125 0.1611328125 0.8828125 0.1357421875 0.8828125 0.130859375 0.8896484375 0.13671875 0.9130859375 0.1474609375 0.921875
2 0.0419921875 0.94921875 0.0146484375 0.93359375 0 0.9326171875 0.0009765625 0.9609375 0.0205078125 0.96484375 0.0537109375 1 0.068359375 0.9990234375 0.0419921875 0.94921875
2 0.603515625 0.9580078125 0.5966796875 0.9453125 0.5869140625 0.9453125 0.564453125 0.9658203125 0.59375 0.9755859375 0.6015625 0.9697265625 0.603515625 0.9580078125
2 0.6044921875 0.9765625 0.5732421875 0.9765625 0.556640625 0.9912109375 0.5595703125 1 0.615234375 0.9990234375 0.615234375 0.9873046875 0.6044921875 0.9765625
2 0.7578125 0.7099609375 0.76171875 0.6962890625 0.7568359375 0.69140625 0.7333984375 0.69140625 0.7109375 0.7021484375 0.712890625 0.7255859375 0.728515625 0.7294921875 0.7578125 0.7099609375
2 0.986328125 0.5751953125 0.9814453125 0.541015625 0.9697265625 0.544921875 0.9609375 0.5615234375 0.9453125 0.5712890625 0.9580078125 0.587890625 0.974609375 0.5888671875 0.986328125 0.5751953125
2 0.84765625 0.5927734375 0.859375 0.5771484375 0.873046875 0.5322265625 0.8681640625 0.51953125 0.849609375 0.5244140625 0.849609375 0.5556640625 0.83984375 0.5830078125 0.83984375 0.5908203125 0.84765625 0.5927734375
2 0.9326171875 0.501953125 0.94921875 0.4833984375 0.94921875 0.4755859375 0.9404296875 0.47265625 0.9208984375 0.48046875 0.90234375 0.5048828125 0.9140625 0.5068359375 0.9326171875 0.501953125
2 0.986328125 0.5068359375 0.994140625 0.4892578125 0.9912109375 0.466796875 0.9716796875 0.47265625 0.9453125 0.5087890625 0.94921875 0.5263671875 0.958984375 0.5302734375 0.986328125 0.5068359375
2 0.5654296875 0.65625 0.5859375 0.6435546875 0.5732421875 0.638671875 0.5224609375 0.642578125 0.5087890625 0.650390625 0.49609375 0.6689453125 0.509765625 0.6708984375 0.5654296875 0.65625
2 0.458984375 0.6865234375 0.4560546875 0.67578125 0.421875 0.6884765625 0.419921875 0.7021484375 0.431640625 0.7099609375 0.453125 0.6962890625 0.458984375 0.6865234375
2 0.525390625 0.6982421875 0.5166015625 0.689453125 0.4970703125 0.689453125 0.490234375 0.7001953125 0.4921875 0.7177734375 0.5029296875 0.724609375 0.529296875 0.7236328125 0.525390625 0.6982421875
2 0.5625 0.7626953125 0.5517578125 0.744140625 0.5283203125 0.736328125 0.498046875 0.7373046875 0.5029296875 0.755859375 0.5322265625 0.767578125 0.544921875 0.7802734375 0.5625 0.7626953125