2 0.578125 0.2841796875 0.59375 0.2744140625 0.595703125 0.2509765625 0.5830078125 0.234375 0.5537109375 0.232421875 0.52734375 0.2587890625 0.52734375 0.2763671875 0.5576171875 0.28515625 0.578125 0.2841796875
2 0.439453125 0.1318359375 0.4248046875 0.1171875 0.388671875 0.1201171875 0.4013671875 0.138671875 0.4296875 0.1396484375 0.4384765625 0.138671875 0.439453125 0.1318359375
2 0.322265625 0.4912109375 0.3017578125 0.46875 0.2744140625 0.46484375 0.265625 0.4716796875 0.26953125 0.4853515625 0.2880859375 0.498046875 0.3203125 0.4970703125 0.322265625 0.4912109375
2 0.134765625 0.6220703125 0.1240234375 0.603515625 0.0869140625 0.599609375 0.060546875 0.6103515625 0.0634765625 0.619140625 0.0888671875 0.630859375 0.119140625 0.6318359375 0.134765625 0.6220703125
2 0.353515625 0.7841796875 0.373046875 0.7587890625 0.375 0.7373046875 0.3623046875 0.720703125 0.3310546875 0.71484375 0.310546875 0.7373046875 0.310546875 0.7666015625 0.3271484375 0.783203125 0.353515625 0.7841796875
2 0.474609375 0.8759765625 0.498046875 0.8603515625 0.498046875 0.8369140625 0.4814453125 0.8203125 0.4619140625 0.814453125 0.44140625 0.8291015625 0.443359375 0.8603515625 0.4541015625 0.875 0.474609375 0.8759765625
2 0.583984375 0.9638671875 0.59765625 0.9541015625 0.591796875 0.9169921875 0.5771484375 0.904296875 0.5498046875 0.904296875 0.54296875 0.9208984375 0.548828125 0.9482421875 0.5673828125 0.96484375 0.583984375 0.9638671875
2 0.830078125 0.7197265625 0.830078125 0.6904296875 0.8212890625 0.681640625 0.7939453125 0.677734375 0.77734375 0.6943359375 0.775390625 0.7177734375 0.8046875 0.7294921875 0.830078125 0.7197265625
2 0.740234375 0.4345703125 0.7373046875 0.416015625 0.7060546875 0.404296875 0.673828125 0.4111328125 0.673828125 0.4248046875 0.6982421875 0.439453125 0.734375 0.4404296875 0.740234375 0.4345703125
2 0.853515625 0.3955078125 0.865234375 0.3857421875 0.8671875 0.3740234375 0.8583984375 0.357421875 0.8427734375 0.353515625 0.828125 0.3623046875 0.82421875 0.3759765625 0.8388671875 0.39453125 0.853515625 0.3955078125
2 0.546875 0.4619140625 0.564453125 0.4404296875 0.56640625 0.4248046875 0.5498046875 0.400390625 0.5185546875 0.3984375 0.5 0.4306640625 0.501953125 0.4462890625 0.5146484375 0.458984375 0.546875 0.4619140625
2 0.9140625 0.1142578125 0.9267578125 0.140625 0.966796875 0.1435546875 0.978515625 0.1376953125 0.984375 0.0947265625 0.984375 0.0732421875 0.9716796875 0.0625 0.9443359375 0.072265625 0.9208984375 0.087890625 0.9140625 0.1005859375 0.9140625 0.1142578125