2 0.3251953125 0.595703125 0.314453125 0.6044921875 0.30859375 0.6279296875 0.318359375 0.6376953125 0.3447265625 0.63671875 0.35546875 0.6259765625 0.357421875 0.6142578125 0.3466796875 0.59765625 0.3251953125 0.595703125
2 0.048828125 0.4345703125 0.052734375 0.4462890625 0.08984375 0.4716796875 0.11328125 0.4697265625 0.11328125 0.4384765625 0.0927734375 0.42578125 0.0556640625 0.423828125 0.048828125 0.4345703125
2 0.6572265625 0.23046875 0.6357421875 0.23828125 0.623046875 0.2548828125 0.6171875 0.2705078125 0.619140625 0.2939453125 0.6298828125 0.306640625 0.64453125 0.3115234375 0.6748046875 0.310546875 0.703125 0.2939453125 0.708984375 0.2685546875 0.6884765625 0.23828125 0.6572265625 0.23046875
2 0.044921875 0.7587890625 0.0625 0.7880859375 0.091796875 0.7822265625 0.08984375 0.7626953125 0.0712890625 0.75 0.0556640625 0.75 0.044921875 0.7587890625
2 0 0.4931640625 0.029296875 0.5087890625 0.0498046875 0.509765625 0.056640625 0.4970703125 0.0400390625 0.482421875 0.0009765625 0.466796875 0 0.4931640625
2 0.02734375 0.3466796875 0.048828125 0.3583984375 0.060546875 0.3525390625 0.060546875 0.3408203125 0.0478515625 0.330078125 0.0322265625 0.33203125 0.02734375 0.3466796875
2 0.095703125 0.1455078125 0.09375 0.1591796875 0.1025390625 0.171875 0.1171875 0.1748046875 0.130859375 0.1708984375 0.12890625 0.1474609375 0.1181640625 0.138671875 0.1044921875 0.138671875 0.095703125 0.1455078125
2 0.619140625 0.9423828125 0.6357421875 0.955078125 0.693359375 0.9580078125 0.7041015625 0.95703125 0.705078125 0.9482421875 0.6787109375 0.921875 0.615234375 0.9267578125 0.619140625 0.9423828125
2 0.6513671875 0.880859375 0.63671875 0.8916015625 0.638671875 0.9130859375 0.6513671875 0.92578125 0.662109375 0.9267578125 0.6826171875 0.92578125 0.6953125 0.9072265625 0.697265625 0.8876953125 0.6845703125 0.875 0.6513671875 0.880859375
2 0.3408203125 0.8828125 0.330078125 0.8974609375 0.3359375 0.9013671875 0.3740234375 0.8984375 0.37890625 0.8935546875 0.376953125 0.8720703125 0.3701171875 0.8671875 0.3408203125 0.8828125
2 0.421875 0.9169921875 0.44921875 0.9345703125 0.462890625 0.9306640625 0.46484375 0.9091796875 0.4501953125 0.89453125 0.4345703125 0.896484375 0.421875 0.9169921875
2 0.513671875 0.8193359375 0.517578125 0.8291015625 0.5498046875 0.82421875 0.5703125 0.8076171875 0.5537109375 0.796875 0.5322265625 0.798828125 0.513671875 0.8193359375
2 0.7607421875 0.775390625 0.732421875 0.8037109375 0.73046875 0.8115234375 0.736328125 0.8134765625 0.7939453125 0.791015625 0.8125 0.7666015625 0.814453125 0.7509765625 0.7998046875 0.751953125 0.7607421875 0.775390625
2 0.7373046875 0.23828125 0.72265625 0.2568359375 0.732421875 0.2880859375 0.7548828125 0.287109375 0.767578125 0.2705078125 0.771484375 0.2548828125 0.7607421875 0.240234375 0.7373046875 0.23828125
2 0.1259765625 0.333984375 0.107421875 0.3369140625 0.107421875 0.3466796875 0.1201171875 0.35546875 0.1572265625 0.373046875 0.1728515625 0.369140625 0.189453125 0.3779296875 0.2060546875 0.37890625 0.2109375 0.3603515625 0.1689453125 0.341796875 0.1376953125 0.341796875 0.1259765625 0.333984375
2 0.4033203125 0.68359375 0.3642578125 0.693359375 0.359375 0.7060546875 0.380859375 0.7158203125 0.4287109375 0.7109375 0.4462890625 0.703125 0.44921875 0.6943359375 0.4306640625 0.68359375 0.4033203125 0.68359375
2 0.560546875 0.6923828125 0.56640625 0.7060546875 0.5986328125 0.705078125 0.611328125 0.6923828125 0.5869140625 0.685546875 0.5693359375 0.6875 0.560546875 0.6923828125