2 0.947265625 0.7763671875 0.947265625 0.7685546875 0.9248046875 0.74609375 0.9140625 0.7509765625 0.91015625 0.7724609375 0.9169921875 0.7890625 0.93359375 0.7919921875 0.947265625 0.7763671875
2 0.822265625 0.7470703125 0.83203125 0.7412109375 0.833984375 0.7275390625 0.8271484375 0.720703125 0.8095703125 0.71875 0.80078125 0.7294921875 0.80078125 0.7412109375 0.8056640625 0.748046875 0.822265625 0.7470703125
2 0.58984375 0.9501953125 0.5791015625 0.943359375 0.572265625 0.9501953125 0.572265625 0.9990234375 0.591796875 0.9990234375 0.59765625 0.9775390625 0.58984375 0.9501953125
2 0.2490234375 0.861328125 0.2333984375 0.8671875 0.21484375 0.8896484375 0.2158203125 0.8984375 0.232421875 0.8974609375 0.24609375 0.8798828125 0.2490234375 0.861328125
2 0.2109375 0.9072265625 0.21484375 0.8955078125 0.2099609375 0.890625 0.17578125 0.9033203125 0.158203125 0.9306640625 0.158203125 0.9423828125 0.16796875 0.9423828125 0.2109375 0.9072265625
2 0.0625 0.9970703125 0.103515625 0.9794921875 0.0927734375 0.966796875 0.0693359375 0.955078125 0.0556640625 0.95703125 0.048828125 0.9658203125 0.048828125 0.9833984375 0.056640625 0.9970703125 0.0625 0.9970703125
2 0.044921875 0.7490234375 0.0126953125 0.73828125 0.0078125 0.7431640625 0.009765625 0.7646484375 0.03125 0.7685546875 0.046875 0.7607421875 0.044921875 0.7490234375
2 0.6640625 0.4033203125 0.6640625 0.3857421875 0.6513671875 0.369140625 0.640625 0.3759765625 0.6171875 0.4169921875 0.6201171875 0.42578125 0.634765625 0.4267578125 0.6640625 0.4033203125
2 0.7705078125 0.166015625 0.76171875 0.1806640625 0.763671875 0.1962890625 0.7734375 0.1962890625 0.8154296875 0.16796875 0.853515625 0.1298828125 0.859375 0.1181640625 0.8544921875 0.103515625 0.8251953125 0.107421875 0.8046875 0.1220703125 0.80078125 0.1416015625 0.7705078125 0.166015625
2 0.482421875 0.2724609375 0.4970703125 0.294921875 0.509765625 0.2958984375 0.51953125 0.2822265625 0.51171875 0.2529296875 0.501953125 0.2431640625 0.498046875 0.2197265625 0.4814453125 0.21484375 0.47265625 0.2255859375 0.47265625 0.2392578125 0.482421875 0.2724609375
2 0.4091796875 0 0.40234375 0.0068359375 0.400390625 0.0283203125 0.412109375 0.0361328125 0.4296875 0.0224609375 0.4375 0.0087890625 0.4345703125 0 0.4091796875 0
2 0.71875 0.0009765625 0.6767578125 0 0.6796875 0.0166015625 0.6904296875 0.02734375 0.701171875 0.0283203125 0.71875 0.0126953125 0.71875 0.0009765625
2 0.82421875 0.0400390625 0.8359375 0.0791015625 0.8427734375 0.0859375 0.857421875 0.0869140625 0.8779296875 0.076171875 0.904296875 0.0478515625 0.90234375 0.0322265625 0.88671875 0.0205078125 0.8837890625 0 0.8427734375 0.00390625 0.853515625 0.0146484375 0.82421875 0.0400390625
2 0.802734375 0.1064453125 0.8203125 0.0947265625 0.818359375 0.0791015625 0.8076171875 0.07421875 0.7626953125 0.0703125 0.734375 0.0908203125 0.7392578125 0.103515625 0.7626953125 0.099609375 0.802734375 0.1064453125
2 0.36328125 0.1142578125 0.3408203125 0.109375 0.328125 0.1337890625 0.3349609375 0.138671875 0.357421875 0.1376953125 0.365234375 0.1318359375 0.36328125 0.1142578125
2 0.310546875 0.1865234375 0.3291015625 0.17578125 0.3359375 0.1630859375 0.3359375 0.1513671875 0.3251953125 0.140625 0.310546875 0.1513671875 0.296875 0.1767578125 0.3037109375 0.1875 0.310546875 0.1865234375
2 0.3154296875 0.240234375 0.2763671875 0.251953125 0.267578125 0.2607421875 0.265625 0.2783203125 0.283203125 0.2861328125 0.30859375 0.2626953125 0.3154296875 0.240234375
2 0.7783203125 0.546875 0.7529296875 0.55078125 0.7421875 0.5615234375 0.7509765625 0.5859375 0.767578125 0.5849609375 0.787109375 0.5615234375 0.7783203125 0.546875
2 0.6865234375 0.626953125 0.69921875 0.6103515625 0.697265625 0.6025390625 0.6904296875 0.59765625 0.6572265625 0.6015625 0.640625 0.6298828125 0.6484375 0.6396484375 0.6865234375 0.626953125
2 0.5087890625 0.66015625 0.533203125 0.6630859375 0.5498046875 0.66015625 0.5615234375 0.650390625 0.6083984375 0.65234375 0.634765625 0.6220703125 0.5869140625 0.62109375 0.5654296875 0.6328125 0.5078125 0.6474609375 0.5087890625 0.66015625
2 0.1875 0.6748046875 0.193359375 0.6748046875 0.2294921875 0.66796875 0.2431640625 0.6484375 0.2666015625 0.640625 0.271484375 0.6318359375 0.2548828125 0.625 0.2294921875 0.625 0.189453125 0.6650390625 0.1875 0.6748046875
2 0.3017578125 0.689453125 0.310546875 0.6767578125 0.2939453125 0.650390625 0.2802734375 0.654296875 0.259765625 0.6826171875 0.2626953125 0.6953125 0.28125 0.6962890625 0.3017578125 0.689453125
2 0 0.8369140625 0.017578125 0.8642578125 0.033203125 0.8720703125 0.0615234375 0.869140625 0.064453125 0.8603515625 0.05859375 0.8037109375 0.06640625 0.7861328125 0.0498046875 0.76953125 0.0166015625 0.76953125 0 0.7841796875 0 0.8369140625