2 0.0556640625 0.138671875 0.044921875 0.1435546875 0.0390625 0.1826171875 0.0478515625 0.203125 0.0810546875 0.201171875 0.0927734375 0.181640625 0.09375 0.1650390625 0.0810546875 0.1484375 0.0556640625 0.138671875
2 0.1708984375 0.435546875 0.154296875 0.4560546875 0.158203125 0.4814453125 0.1748046875 0.49609375 0.2001953125 0.494140625 0.2158203125 0.47265625 0.21484375 0.4462890625 0.2021484375 0.435546875 0.1708984375 0.435546875
2 0.2216796875 0.615234375 0.20703125 0.6298828125 0.21484375 0.6630859375 0.2275390625 0.673828125 0.2509765625 0.669921875 0.2666015625 0.646484375 0.267578125 0.6279296875 0.2529296875 0.61328125 0.2216796875 0.615234375
2 0.1513671875 0.744140625 0.134765625 0.7666015625 0.142578125 0.7900390625 0.1630859375 0.802734375 0.1767578125 0.798828125 0.1923828125 0.779296875 0.189453125 0.7548828125 0.1708984375 0.73828125 0.1513671875 0.744140625
2 0.4033203125 0.86328125 0.390625 0.8740234375 0.392578125 0.9013671875 0.4033203125 0.91796875 0.4189453125 0.923828125 0.4443359375 0.91796875 0.4501953125 0.91015625 0.4453125 0.8857421875 0.4287109375 0.865234375 0.4033203125 0.86328125
2 0.3837890625 0.25 0.361328125 0.2724609375 0.3837890625 0.298828125 0.3974609375 0.3046875 0.4189453125 0.30078125 0.4345703125 0.28515625 0.43359375 0.2626953125 0.4091796875 0.25 0.3837890625 0.25
2 0.4755859375 0.390625 0.466796875 0.3974609375 0.46875 0.4287109375 0.4853515625 0.4453125 0.5087890625 0.447265625 0.5263671875 0.435546875 0.525390625 0.4111328125 0.5146484375 0.39453125 0.4755859375 0.390625
2 0.453125 0.1787109375 0.455078125 0.2060546875 0.4794921875 0.224609375 0.4970703125 0.220703125 0.5068359375 0.203125 0.50390625 0.1728515625 0.4775390625 0.15625 0.453125 0.1787109375
2 0.3701171875 0.03125 0.353515625 0.0498046875 0.359375 0.0771484375 0.3740234375 0.08984375 0.3955078125 0.091796875 0.4072265625 0.0859375 0.4169921875 0.068359375 0.41015625 0.0380859375 0.3935546875 0.029296875 0.3701171875 0.03125
2 0.822265625 0.1865234375 0.8330078125 0.2109375 0.8603515625 0.205078125 0.8681640625 0.1953125 0.8671875 0.1826171875 0.8408203125 0.166015625 0.822265625 0.1865234375
2 0.9501953125 0.0546875 0.92578125 0.0830078125 0.93359375 0.1083984375 0.9423828125 0.115234375 0.9716796875 0.11328125 0.982421875 0.1005859375 0.9873046875 0.07421875 0.9833984375 0.0625 0.9619140625 0.052734375 0.9501953125 0.0546875
2 0.4296875 0.4775390625 0.431640625 0.5087890625 0.4580078125 0.5078125 0.453125 0.4873046875 0.4345703125 0.47265625 0.4296875 0.4775390625
2 0.5537109375 0.53125 0.5546875 0.5595703125 0.5673828125 0.56640625 0.5771484375 0.5625 0.57421875 0.5380859375 0.5673828125 0.53125 0.5537109375 0.53125
2 0.7373046875 0.537109375 0.7275390625 0.53515625 0.6875 0.5419921875 0.6875 0.5712890625 0.7080078125 0.595703125 0.7353515625 0.59765625 0.74609375 0.5732421875 0.7548828125 0.5703125 0.7470703125 0.541015625 0.7451171875 0.552734375 0.7373046875 0.537109375
2 0.0400390625 0.375 0.025390625 0.3876953125 0.021484375 0.4169921875 0.0263671875 0.431640625 0.0634765625 0.431640625 0.0751953125 0.412109375 0.07421875 0.3876953125 0.0654296875 0.376953125 0.0400390625 0.375
2 0.07421875 0.6904296875 0.0908203125 0.69140625 0.1005859375 0.67578125 0.099609375 0.6611328125 0.0888671875 0.658203125 0.07421875 0.6904296875