2 0.134765625 0.3466796875 0.1259765625 0.32421875 0.0966796875 0.30859375 0.0751953125 0.3125 0.068359375 0.3212890625 0.0625 0.3642578125 0.08203125 0.3818359375 0.1201171875 0.369140625 0.130859375 0.3603515625 0.134765625 0.3466796875
2 0.0458984375 0.265625 0.013671875 0.2822265625 0.0078125 0.3037109375 0.0107421875 0.31640625 0.06640625 0.3232421875 0.083984375 0.2998046875 0.0673828125 0.27734375 0.0458984375 0.265625
2 0.3984375 0.2509765625 0.3935546875 0.2421875 0.3681640625 0.232421875 0.345703125 0.2373046875 0.33203125 0.2607421875 0.337890625 0.2763671875 0.3515625 0.2880859375 0.3837890625 0.28515625 0.396484375 0.2763671875 0.3984375 0.2509765625
2 0.2744140625 0.193359375 0.2568359375 0.185546875 0.248046875 0.2119140625 0.259765625 0.2294921875 0.2763671875 0.23046875 0.283203125 0.2099609375 0.2744140625 0.193359375
2 0.48046875 0.1083984375 0.474609375 0.0888671875 0.4658203125 0.08203125 0.4501953125 0.083984375 0.42578125 0.1201171875 0.431640625 0.1396484375 0.44921875 0.1455078125 0.4677734375 0.14453125 0.48046875 0.1318359375 0.48046875 0.1083984375
2 0.28515625 0.0185546875 0.2744140625 0 0.21484375 0.0029296875 0.216796875 0.0302734375 0.23828125 0.0498046875 0.2685546875 0.046875 0.28125 0.0341796875 0.28515625 0.0185546875
2 0.861328125 0.2802734375 0.8564453125 0.25 0.8037109375 0.2421875 0.787109375 0.2548828125 0.78125 0.2724609375 0.791015625 0.2939453125 0.806640625 0.3095703125 0.8369140625 0.310546875 0.853515625 0.3017578125 0.861328125 0.2802734375
2 0.9921875 0.3564453125 0.9736328125 0.3359375 0.9482421875 0.337890625 0.9296875 0.3603515625 0.927734375 0.3876953125 0.947265625 0.4033203125 0.9716796875 0.404296875 0.990234375 0.3876953125 0.9921875 0.3564453125
2 0.943359375 0.0908203125 0.943359375 0.0732421875 0.9267578125 0.05078125 0.8955078125 0.033203125 0.87890625 0.0478515625 0.876953125 0.1005859375 0.8876953125 0.1171875 0.8984375 0.1220703125 0.9208984375 0.119140625 0.931640625 0.1103515625 0.943359375 0.0908203125
2 0.705078125 0.2197265625 0.6767578125 0.193359375 0.6591796875 0.197265625 0.64453125 0.2236328125 0.64453125 0.2509765625 0.654296875 0.2626953125 0.6943359375 0.263671875 0.7109375 0.2431640625 0.705078125 0.2197265625
2 0.521484375 0.3369140625 0.5146484375 0.328125 0.5029296875 0.328125 0.49609375 0.3369140625 0.4921875 0.4052734375 0.501953125 0.4033203125 0.517578125 0.3701171875 0.521484375 0.3369140625
2 0.80859375 0.8173828125 0.7841796875 0.8046875 0.7626953125 0.806640625 0.75390625 0.8154296875 0.751953125 0.8544921875 0.78125 0.8759765625 0.7900390625 0.876953125 0.80859375 0.8603515625 0.80859375 0.8173828125