2 0.7490234375 0.95703125 0.76171875 0.9580078125 0.7841796875 0.95703125 0.7890625 0.9501953125 0.787109375 0.9189453125 0.7763671875 0.8984375 0.7646484375 0.8984375 0.744140625 0.9150390625 0.740234375 0.9443359375 0.7490234375 0.95703125
2 0.7724609375 0.953125 0.7626953125 0.958984375 0.755859375 0.9697265625 0.759765625 0.9970703125 0.796875 0.9990234375 0.787109375 0.9580078125 0.7724609375 0.953125
2 0.43359375 0.9326171875 0.4453125 0.9267578125 0.453125 0.9111328125 0.455078125 0.8896484375 0.4501953125 0.884765625 0.4384765625 0.88671875 0.42578125 0.9033203125 0.423828125 0.9287109375 0.43359375 0.9326171875
2 0.3505859375 0.9375 0.3388671875 0.939453125 0.328125 0.9541015625 0.330078125 0.9677734375 0.345703125 0.9716796875 0.357421875 0.9541015625 0.3505859375 0.9375
2 0.62890625 0.6884765625 0.638671875 0.6787109375 0.634765625 0.6533203125 0.6201171875 0.642578125 0.6005859375 0.6484375 0.59375 0.6591796875 0.59765625 0.6787109375 0.6103515625 0.6875 0.62890625 0.6884765625
2 0.646484375 0.7158203125 0.6396484375 0.712890625 0.626953125 0.7216796875 0.625 0.7412109375 0.64453125 0.7548828125 0.650390625 0.7294921875 0.646484375 0.7158203125
2 0.64453125 0.8603515625 0.640625 0.8369140625 0.6484375 0.8173828125 0.6240234375 0.8125 0.619140625 0.8212890625 0.62109375 0.8583984375 0.63671875 0.8701171875 0.64453125 0.8603515625
2 0.6123046875 0.810546875 0.5966796875 0.810546875 0.58984375 0.8193359375 0.58984375 0.8369140625 0.6015625 0.8427734375 0.611328125 0.8369140625 0.6123046875 0.810546875
2 0.9541015625 0.294921875 0.9462890625 0.296875 0.9296875 0.3193359375 0.931640625 0.3427734375 0.947265625 0.3505859375 0.95703125 0.3330078125 0.9541015625 0.294921875
2 0.908203125 0.3623046875 0.923828125 0.3466796875 0.923828125 0.3271484375 0.9052734375 0.306640625 0.8896484375 0.302734375 0.880859375 0.3115234375 0.87890625 0.3427734375 0.8896484375 0.361328125 0.908203125 0.3623046875
2 0.8984375 0.6318359375 0.8896484375 0.62109375 0.8720703125 0.623046875 0.8671875 0.6279296875 0.87109375 0.6396484375 0.880859375 0.6552734375 0.8984375 0.6669921875 0.8984375 0.6318359375
2 0.8701171875 0.708984375 0.857421875 0.7236328125 0.861328125 0.7392578125 0.8701171875 0.748046875 0.880859375 0.7470703125 0.884765625 0.7138671875 0.8701171875 0.708984375
2 1 0.8427734375 0.9892578125 0.841796875 0.98046875 0.8544921875 0.978515625 0.8857421875 0.9873046875 0.900390625 1 0.8994140625 1 0.8427734375
2 0.810546875 0.7802734375 0.8125 0.7041015625 0.8037109375 0.673828125 0.794921875 0.6845703125 0.79296875 0.7001953125 0.77734375 0.7158203125 0.791015625 0.7587890625 0.8046875 0.7802734375 0.810546875 0.7802734375
2 0.7841796875 0.4921875 0.7734375 0.4990234375 0.771484375 0.5146484375 0.7861328125 0.53515625 0.794921875 0.5341796875 0.79296875 0.4970703125 0.7841796875 0.4921875
2 0.802734375 0.2646484375 0.8125 0.2685546875 0.81640625 0.2568359375 0.79296875 0.2080078125 0.7666015625 0.193359375 0.763671875 0.2080078125 0.76953125 0.2197265625 0.78125 0.2236328125 0.78515625 0.2412109375 0.802734375 0.2646484375
2 0.2451171875 0.37109375 0.2685546875 0.380859375 0.2890625 0.3798828125 0.30859375 0.3642578125 0.3125 0.3330078125 0.2998046875 0.302734375 0.2685546875 0.29296875 0.23828125 0.3115234375 0.23046875 0.3427734375 0.236328125 0.3642578125 0.2451171875 0.37109375
2 0.294921875 0.2373046875 0.2822265625 0.220703125 0.2744140625 0.232421875 0.2587890625 0.224609375 0.24609375 0.2333984375 0.2763671875 0.2578125 0.28515625 0.2568359375 0.294921875 0.2373046875
2 0.142578125 0.8740234375 0.138671875 0.8916015625 0.150390625 0.8935546875 0.171875 0.8857421875 0.1689453125 0.869140625 0.142578125 0.8740234375
2 0.341796875 0.8232421875 0.33984375 0.8564453125 0.330078125 0.8779296875 0.33203125 0.8916015625 0.341796875 0.8935546875 0.353515625 0.8818359375 0.37109375 0.8447265625 0.37109375 0.8212890625 0.380859375 0.8017578125 0.380859375 0.7919921875 0.3720703125 0.787109375 0.35546875 0.7900390625 0.341796875 0.8232421875
2 0.4482421875 0.423828125 0.439453125 0.4521484375 0.44140625 0.4912109375 0.4462890625 0.49609375 0.4775390625 0.4921875 0.498046875 0.4970703125 0.5078125 0.4892578125 0.501953125 0.4794921875 0.5078125 0.4697265625 0.505859375 0.4423828125 0.4912109375 0.4296875 0.4716796875 0.427734375 0.4677734375 0.421875 0.4482421875 0.423828125
2 0.666015625 0.3134765625 0.6572265625 0.310546875 0.646484375 0.3232421875 0.646484375 0.3349609375 0.666015625 0.3486328125 0.669921875 0.3232421875 0.666015625 0.3134765625
2 0.70703125 0.4326171875 0.70703125 0.4111328125 0.6943359375 0.38671875 0.6875 0.3935546875 0.685546875 0.4228515625 0.6875 0.4345703125 0.701171875 0.4384765625 0.70703125 0.4326171875
2 0.580078125 0.7626953125 0.59765625 0.7470703125 0.599609375 0.6962890625 0.5947265625 0.689453125 0.5751953125 0.69140625 0.56640625 0.7041015625 0.560546875 0.7509765625 0.5673828125 0.76171875 0.580078125 0.7626953125
2 0.865234375 0.4462890625 0.86328125 0.4287109375 0.837890625 0.3837890625 0.8310546875 0.376953125 0.8076171875 0.376953125 0.8046875 0.3955078125 0.8203125 0.4052734375 0.8427734375 0.435546875 0.865234375 0.4462890625
2 0.93359375 0.5537109375 0.935546875 0.5400390625 0.9091796875 0.533203125 0.896484375 0.5439453125 0.89453125 0.5576171875 0.9033203125 0.5703125 0.919921875 0.5693359375 0.93359375 0.5537109375
2 0.8671875 0.6123046875 0.875 0.6025390625 0.873046875 0.5751953125 0.8662109375 0.564453125 0.8544921875 0.564453125 0.84375 0.5771484375 0.845703125 0.5927734375 0.8623046875 0.61328125 0.8671875 0.6123046875