2 0.91796875 0.6181640625 0.8798828125 0.630859375 0.869140625 0.6396484375 0.865234375 0.6533203125 0.8740234375 0.67578125 0.9033203125 0.69140625 0.9248046875 0.6875 0.931640625 0.6787109375 0.9375 0.6357421875 0.91796875 0.6181640625
2 0.9921875 0.6962890625 0.9892578125 0.68359375 0.93359375 0.6767578125 0.916015625 0.7001953125 0.9326171875 0.72265625 0.9541015625 0.734375 0.986328125 0.7177734375 0.9921875 0.6962890625
2 0.6484375 0.7119140625 0.6162109375 0.71484375 0.603515625 0.7236328125 0.6015625 0.7490234375 0.6064453125 0.7578125 0.6318359375 0.767578125 0.654296875 0.7626953125 0.66796875 0.7392578125 0.662109375 0.7236328125 0.6484375 0.7119140625
2 0.7255859375 0.806640625 0.7431640625 0.814453125 0.751953125 0.7880859375 0.740234375 0.7705078125 0.7236328125 0.76953125 0.716796875 0.7900390625 0.7255859375 0.806640625
2 0.55078125 0.8544921875 0.5322265625 0.85546875 0.51953125 0.8681640625 0.51953125 0.8916015625 0.525390625 0.9111328125 0.5341796875 0.91796875 0.5498046875 0.916015625 0.57421875 0.8798828125 0.568359375 0.8603515625 0.55078125 0.8544921875
2 0.78515625 0.9970703125 0.783203125 0.9697265625 0.76171875 0.9501953125 0.7314453125 0.953125 0.71875 0.9658203125 0.71484375 0.9814453125 0.7255859375 1 0.78515625 0.9970703125
2 0.193359375 0.6904296875 0.1630859375 0.689453125 0.146484375 0.6982421875 0.138671875 0.7197265625 0.1435546875 0.75 0.1962890625 0.7578125 0.212890625 0.7451171875 0.21875 0.7275390625 0.208984375 0.7060546875 0.193359375 0.6904296875
2 0.072265625 0.6123046875 0.052734375 0.5966796875 0.0283203125 0.595703125 0.009765625 0.6123046875 0.0078125 0.6435546875 0.0263671875 0.6640625 0.0517578125 0.662109375 0.0703125 0.6396484375 0.072265625 0.6123046875
2 0.0791015625 0.880859375 0.068359375 0.8896484375 0.056640625 0.9091796875 0.056640625 0.9267578125 0.0732421875 0.94921875 0.1044921875 0.966796875 0.12109375 0.9521484375 0.123046875 0.8994140625 0.1123046875 0.8828125 0.1015625 0.8779296875 0.0791015625 0.880859375
2 0.35546875 0.7490234375 0.345703125 0.7373046875 0.3056640625 0.736328125 0.2890625 0.7568359375 0.294921875 0.7802734375 0.3232421875 0.806640625 0.3408203125 0.802734375 0.35546875 0.7763671875 0.35546875 0.7490234375
2 0.4970703125 0.671875 0.50390625 0.6630859375 0.5078125 0.5947265625 0.498046875 0.5966796875 0.482421875 0.6298828125 0.478515625 0.6630859375 0.4853515625 0.671875 0.4970703125 0.671875
2 0.248046875 0.1455078125 0.21875 0.1240234375 0.2099609375 0.123046875 0.19140625 0.1396484375 0.19140625 0.1826171875 0.2158203125 0.1953125 0.2373046875 0.193359375 0.24609375 0.1845703125 0.248046875 0.1455078125