2 0.072265625 0.1474609375 0.0859375 0.1416015625 0.09375 0.1162109375 0.0771484375 0.08984375 0.0537109375 0.091796875 0.04296875 0.1025390625 0.037109375 0.1376953125 0.0458984375 0.14453125 0.072265625 0.1474609375
2 0.84375 0.1689453125 0.85546875 0.1611328125 0.865234375 0.1337890625 0.8466796875 0.11328125 0.8154296875 0.107421875 0.80078125 0.1259765625 0.80078125 0.1533203125 0.8154296875 0.166015625 0.84375 0.1689453125
2 0.39453125 0.1337890625 0.40234375 0.1103515625 0.3984375 0.0908203125 0.3759765625 0.078125 0.3505859375 0.083984375 0.341796875 0.1318359375 0.38671875 0.1376953125 0.39453125 0.1337890625
2 0.37890625 0.3544921875 0.396484375 0.3173828125 0.39453125 0.2978515625 0.3779296875 0.287109375 0.33984375 0.2978515625 0.3359375 0.3564453125 0.359375 0.3662109375 0.37890625 0.3544921875
2 0.16015625 0.3388671875 0.1640625 0.3505859375 0.1806640625 0.359375 0.2177734375 0.361328125 0.23046875 0.3779296875 0.240234375 0.3525390625 0.228515625 0.3369140625 0.22265625 0.2998046875 0.2041015625 0.2890625 0.1787109375 0.2890625 0.171875 0.2958984375 0.16796875 0.3251953125 0.16015625 0.3388671875
2 0.2255859375 0.205078125 0.2412109375 0.21484375 0.25390625 0.2138671875 0.2529296875 0.18359375 0.220703125 0.1865234375 0.2255859375 0.205078125
2 0.166015625 0.4248046875 0.158203125 0.4013671875 0.1474609375 0.392578125 0.1162109375 0.400390625 0.10546875 0.4267578125 0.107421875 0.4365234375 0.15234375 0.4443359375 0.166015625 0.4248046875
2 0.3046875 0.4365234375 0.2919921875 0.4296875 0.2890625 0.4599609375 0.30078125 0.4814453125 0.310546875 0.4814453125 0.30859375 0.4462890625 0.3046875 0.4365234375
2 0.359375 0.6123046875 0.3447265625 0.595703125 0.3291015625 0.58984375 0.3359375 0.6240234375 0.34765625 0.6298828125 0.359375 0.6220703125 0.359375 0.6123046875
2 0.37890625 0.6533203125 0.37890625 0.6416015625 0.3740234375 0.630859375 0.3623046875 0.626953125 0.345703125 0.6474609375 0.3564453125 0.66015625 0.37109375 0.6591796875 0.37890625 0.6533203125
2 0.548828125 0.8388671875 0.5224609375 0.810546875 0.505859375 0.8154296875 0.5048828125 0.8359375 0.54296875 0.8486328125 0.55078125 0.8447265625 0.548828125 0.8388671875
2 0.41796875 0.9521484375 0.412109375 0.9365234375 0.4033203125 0.9296875 0.3896484375 0.9296875 0.384765625 0.9541015625 0.3935546875 0.9609375 0.412109375 0.9599609375 0.41796875 0.9521484375
2 0.3515625 0.8466796875 0.3515625 0.8798828125 0.359375 0.8798828125 0.375 0.8681640625 0.3740234375 0.84375 0.3515625 0.8466796875
2 0.5625 0.2880859375 0.57421875 0.2763671875 0.5654296875 0.2578125 0.5302734375 0.234375 0.513671875 0.2451171875 0.509765625 0.2607421875 0.5166015625 0.2734375 0.5498046875 0.2890625 0.5625 0.2880859375
2 0.927734375 0.0966796875 0.943359375 0.0908203125 0.9384765625 0.080078125 0.8818359375 0.05078125 0.861328125 0.0537109375 0.861328125 0.0654296875 0.8720703125 0.07421875 0.9169921875 0.09765625 0.927734375 0.0966796875
2 0.919921875 0.3935546875 0.8955078125 0.392578125 0.896484375 0.4052734375 0.923828125 0.4423828125 0.943359375 0.4462890625 0.94921875 0.4326171875 0.919921875 0.3935546875
2 0.4140625 0.4794921875 0.42578125 0.4580078125 0.423828125 0.4169921875 0.4091796875 0.404296875 0.3935546875 0.404296875 0.369140625 0.4287109375 0.3671875 0.4541015625 0.3857421875 0.4765625 0.4140625 0.4794921875
2 0.4462890625 0.263671875 0.4375 0.2705078125 0.4375 0.2783203125 0.4501953125 0.294921875 0.45703125 0.2939453125 0.466796875 0.2646484375 0.4462890625 0.263671875
2 0.7978515625 0.904296875 0.822265625 0.9052734375 0.828125 0.8994140625 0.828125 0.8837890625 0.818359375 0.8603515625 0.8115234375 0.853515625 0.7822265625 0.85546875 0.77734375 0.8681640625 0.7890625 0.8955078125 0.7978515625 0.904296875
2 0.9765625 0.9072265625 0.98046875 0.8994140625 0.970703125 0.8681640625 0.9658203125 0.86328125 0.9501953125 0.865234375 0.939453125 0.8759765625 0.94140625 0.8876953125 0.9638671875 0.908203125 0.9765625 0.9072265625
2 0.40234375 0.2431640625 0.41015625 0.2314453125 0.404296875 0.1865234375 0.3818359375 0.177734375 0.3466796875 0.181640625 0.337890625 0.1962890625 0.33984375 0.2314453125 0.3662109375 0.2421875 0.40234375 0.2431640625