2 0.072265625 0.4033203125 0.0869140625 0.41796875 0.1083984375 0.416015625 0.134765625 0.3994140625 0.1376953125 0.3828125 0.1005859375 0.3828125 0.0791015625 0.392578125 0.072265625 0.4033203125
2 0.1416015625 0.412109375 0.119140625 0.4326171875 0.107421875 0.4658203125 0.1201171875 0.474609375 0.1416015625 0.47265625 0.171875 0.4462890625 0.1806640625 0.421875 0.1728515625 0.40625 0.1416015625 0.412109375
2 0.3076171875 0.26171875 0.2822265625 0.27734375 0.27734375 0.2900390625 0.2861328125 0.30078125 0.2998046875 0.298828125 0.3330078125 0.275390625 0.3349609375 0.267578125 0.3271484375 0.2578125 0.3076171875 0.26171875
2 0.4228515625 0.080078125 0.4013671875 0.068359375 0.3935546875 0.08203125 0.3701171875 0.083984375 0.36328125 0.0927734375 0.365234375 0.1044921875 0.3759765625 0.119140625 0.3974609375 0.130859375 0.40625 0.1103515625 0.419921875 0.1005859375 0.4228515625 0.080078125
2 0.4326171875 0.041015625 0.4375 0.0361328125 0.4365234375 0.015625 0.4228515625 0.00390625 0.4072265625 0.01171875 0.41015625 0.0361328125 0.4326171875 0.041015625
2 0.568359375 0.1005859375 0.5791015625 0.111328125 0.5888671875 0.111328125 0.595703125 0.1044921875 0.5966796875 0.08984375 0.5849609375 0.08203125 0.5703125 0.0908203125 0.568359375 0.1005859375
2 0.7333984375 0.306640625 0.7265625 0.3154296875 0.7265625 0.3427734375 0.7353515625 0.349609375 0.7431640625 0.34765625 0.751953125 0.3408203125 0.7509765625 0.33203125 0.740234375 0.3076171875 0.7333984375 0.306640625
2 0.7509765625 0.298828125 0.7392578125 0.298828125 0.7265625 0.3115234375 0.7265625 0.3466796875 0.7509765625 0.38671875 0.7705078125 0.38671875 0.7890625 0.3759765625 0.796875 0.3603515625 0.7958984375 0.337890625 0.7509765625 0.298828125
2 0.619140625 0.3427734375 0.6337890625 0.35546875 0.6455078125 0.357421875 0.6650390625 0.3515625 0.6728515625 0.337890625 0.6650390625 0.328125 0.6259765625 0.33203125 0.619140625 0.3427734375
2 0.744140625 0.6513671875 0.732421875 0.6708984375 0.7353515625 0.69921875 0.75 0.6943359375 0.755859375 0.6806640625 0.7734375 0.6650390625 0.7724609375 0.658203125 0.7587890625 0.6484375 0.744140625 0.6513671875
2 0.8056640625 1 0.8056640625 0.994140625 0.798828125 0.9794921875 0.7978515625 0.935546875 0.7685546875 0.92578125 0.7216796875 0.92578125 0.7109375 0.9345703125 0.716796875 0.9384765625 0.7109375 0.9482421875 0.716796875 0.9560546875 0.7158203125 1 0.8056640625 1
2 0.4658203125 1 0.4658203125 0.990234375 0.4580078125 0.978515625 0.4501953125 0.978515625 0.443359375 0.9892578125 0.4462890625 1 0.4658203125 1
2 0.212890625 0.8017578125 0.2275390625 0.80078125 0.2294921875 0.787109375 0.2158203125 0.78515625 0.212890625 0.8017578125
2 0.8115234375 0.1484375 0.7705078125 0.15625 0.751953125 0.1748046875 0.7578125 0.2080078125 0.7802734375 0.236328125 0.8134765625 0.216796875 0.8349609375 0.216796875 0.841796875 0.2060546875 0.8408203125 0.193359375 0.8115234375 0.1484375
2 0.869140625 0.2099609375 0.869140625 0.2177734375 0.8896484375 0.232421875 0.8994140625 0.232421875 0.9052734375 0.21875 0.896484375 0.2001953125 0.8876953125 0.1953125 0.869140625 0.2099609375
2 0.8671875 0.1474609375 0.873046875 0.1748046875 0.8857421875 0.18359375 0.908203125 0.1767578125 0.9072265625 0.16015625 0.90234375 0.1494140625 0.8896484375 0.142578125 0.8671875 0.1474609375
2 0.927734375 0.1474609375 0.9365234375 0.154296875 0.94921875 0.1494140625 0.947265625 0.1240234375 0.9541015625 0.09765625 0.9482421875 0.08984375 0.927734375 0.0927734375 0.927734375 0.1474609375
2 0.8720703125 0 0.865234375 0.0146484375 0.8671875 0.0595703125 0.8720703125 0.064453125 0.8916015625 0.0625 0.916015625 0.0361328125 0.9150390625 0.0234375 0.9111328125 0 0.8720703125 0