2 0.93359375 0.2080078125 0.9169921875 0.2109375 0.91015625 0.2275390625 0.9140625 0.2490234375 0.9248046875 0.25390625 0.947265625 0.2314453125 0.947265625 0.2236328125 0.93359375 0.2080078125
2 0.8056640625 0.251953125 0.80078125 0.2587890625 0.80078125 0.2705078125 0.8095703125 0.28125 0.8271484375 0.279296875 0.833984375 0.2724609375 0.83203125 0.2587890625 0.822265625 0.2529296875 0.8056640625 0.251953125
2 0.59765625 0.0224609375 0.591796875 0.0009765625 0.572265625 0.0009765625 0.572265625 0.0498046875 0.5791015625 0.056640625 0.58984375 0.0498046875 0.59765625 0.0224609375
2 0.24609375 0.1201171875 0.232421875 0.1025390625 0.2158203125 0.1015625 0.21484375 0.1103515625 0.2333984375 0.1328125 0.2490234375 0.138671875 0.24609375 0.1201171875
2 0.16796875 0.0576171875 0.158203125 0.0576171875 0.158203125 0.0693359375 0.17578125 0.0966796875 0.2099609375 0.109375 0.21484375 0.1044921875 0.2109375 0.0927734375 0.16796875 0.0576171875
2 0.056640625 0.0029296875 0.048828125 0.0166015625 0.048828125 0.0341796875 0.0556640625 0.04296875 0.0693359375 0.044921875 0.0927734375 0.033203125 0.103515625 0.0205078125 0.0625 0.0029296875 0.056640625 0.0029296875
2 0.046875 0.2392578125 0.03125 0.2314453125 0.009765625 0.2353515625 0.0078125 0.2568359375 0.0126953125 0.26171875 0.044921875 0.2509765625 0.046875 0.2392578125
2 0.634765625 0.5732421875 0.6201171875 0.57421875 0.6171875 0.5830078125 0.640625 0.6240234375 0.6513671875 0.630859375 0.6640625 0.6142578125 0.6640625 0.5966796875 0.634765625 0.5732421875
2 0.80078125 0.8583984375 0.8046875 0.8779296875 0.8251953125 0.892578125 0.8544921875 0.896484375 0.859375 0.8818359375 0.853515625 0.8701171875 0.8154296875 0.83203125 0.7734375 0.8037109375 0.763671875 0.8037109375 0.76171875 0.8193359375 0.7705078125 0.833984375 0.80078125 0.8583984375
2 0.47265625 0.7607421875 0.47265625 0.7744140625 0.4814453125 0.78515625 0.498046875 0.7802734375 0.501953125 0.7568359375 0.51171875 0.7470703125 0.51953125 0.7177734375 0.509765625 0.7041015625 0.4970703125 0.705078125 0.482421875 0.7275390625 0.47265625 0.7607421875
2 0.4345703125 1 0.4375 0.9912109375 0.4296875 0.9775390625 0.412109375 0.9638671875 0.400390625 0.9716796875 0.40234375 0.9931640625 0.4091796875 1 0.4345703125 1
2 0.71875 0.9873046875 0.701171875 0.9716796875 0.6904296875 0.97265625 0.6796875 0.9833984375 0.6767578125 1 0.71875 0.9990234375 0.71875 0.9873046875
2 0.853515625 0.9853515625 0.8427734375 0.99609375 0.8837890625 1 0.88671875 0.9794921875 0.90234375 0.9677734375 0.904296875 0.9521484375 0.8779296875 0.923828125 0.857421875 0.9130859375 0.8427734375 0.9140625 0.8359375 0.9208984375 0.82421875 0.9599609375 0.853515625 0.9853515625
2 0.7626953125 0.900390625 0.7392578125 0.896484375 0.734375 0.9091796875 0.7626953125 0.9296875 0.8076171875 0.92578125 0.818359375 0.9208984375 0.8203125 0.9052734375 0.802734375 0.8935546875 0.7626953125 0.900390625
2 0.365234375 0.8681640625 0.357421875 0.8623046875 0.3349609375 0.861328125 0.328125 0.8662109375 0.3408203125 0.890625 0.36328125 0.8857421875 0.365234375 0.8681640625
2 0.3037109375 0.8125 0.296875 0.8232421875 0.310546875 0.8486328125 0.3251953125 0.859375 0.3359375 0.8486328125 0.3359375 0.8369140625 0.3291015625 0.82421875 0.310546875 0.8134765625 0.3037109375 0.8125
2 0.30859375 0.7373046875 0.283203125 0.7138671875 0.265625 0.7216796875 0.267578125 0.7392578125 0.2763671875 0.748046875 0.3154296875 0.759765625 0.30859375 0.7373046875
2 0.787109375 0.4384765625 0.767578125 0.4150390625 0.7509765625 0.4140625 0.7421875 0.4384765625 0.7529296875 0.44921875 0.7783203125 0.453125 0.787109375 0.4384765625
2 0.6484375 0.3603515625 0.640625 0.3701171875 0.6572265625 0.3984375 0.6904296875 0.40234375 0.697265625 0.3974609375 0.69921875 0.3896484375 0.6865234375 0.373046875 0.6484375 0.3603515625
2 0.5078125 0.3525390625 0.5654296875 0.3671875 0.5869140625 0.37890625 0.634765625 0.3779296875 0.6083984375 0.34765625 0.5615234375 0.349609375 0.5498046875 0.33984375 0.533203125 0.3369140625 0.5087890625 0.33984375 0.5078125 0.3525390625
2 0.189453125 0.3349609375 0.2294921875 0.375 0.2548828125 0.375 0.271484375 0.3681640625 0.2666015625 0.359375 0.2431640625 0.3515625 0.2294921875 0.33203125 0.193359375 0.3251953125 0.1875 0.3251953125 0.189453125 0.3349609375
2 0.28125 0.3037109375 0.2626953125 0.3046875 0.259765625 0.3173828125 0.2802734375 0.345703125 0.2939453125 0.349609375 0.310546875 0.3232421875 0.3017578125 0.310546875 0.28125 0.3037109375
2 0 0.2158203125 0.0166015625 0.23046875 0.0498046875 0.23046875 0.06640625 0.2138671875 0.05859375 0.1962890625 0.064453125 0.1396484375 0.0615234375 0.130859375 0.033203125 0.1279296875 0.017578125 0.1357421875 0 0.1630859375 0 0.2158203125