2 0.0595703125 0.353515625 0.0439453125 0.3515625 0.03515625 0.3583984375 0.0400390625 0.380859375 0.0576171875 0.37890625 0.0634765625 0.369140625 0.064453125 0.3564453125 0.0595703125 0.353515625
2 0.072265625 0.7041015625 0.0634765625 0.6953125 0.041015625 0.7001953125 0.0419921875 0.712890625 0.0595703125 0.72265625 0.0732421875 0.71875 0.072265625 0.7041015625
2 0.2333984375 0.17578125 0.2294921875 0.166015625 0.17578125 0.1708984375 0.1845703125 0.1875 0.2138671875 0.185546875 0.2333984375 0.17578125
2 0.1611328125 0.103515625 0.150390625 0.1123046875 0.150390625 0.1259765625 0.1611328125 0.138671875 0.1728515625 0.140625 0.1806640625 0.1328125 0.181640625 0.1162109375 0.1728515625 0.10546875 0.1611328125 0.103515625
2 0.2763671875 0.185546875 0.2578125 0.2001953125 0.25390625 0.2119140625 0.2587890625 0.216796875 0.2783203125 0.212890625 0.3076171875 0.1875 0.2919921875 0.181640625 0.2763671875 0.185546875
2 0.4404296875 0.076171875 0.431640625 0.0849609375 0.435546875 0.1005859375 0.4462890625 0.10546875 0.4599609375 0.10546875 0.4716796875 0.09765625 0.47265625 0.0869140625 0.4638671875 0.076171875 0.4404296875 0.076171875
2 0.3994140625 0.22265625 0.390625 0.2333984375 0.390625 0.2529296875 0.4150390625 0.265625 0.4306640625 0.28515625 0.4580078125 0.29296875 0.443359375 0.2529296875 0.4130859375 0.224609375 0.3994140625 0.22265625
2 0.5361328125 0.31640625 0.509765625 0.3134765625 0.5078125 0.3212890625 0.5283203125 0.357421875 0.5361328125 0.359375 0.5478515625 0.34765625 0.5361328125 0.31640625
2 0.5810546875 0.279296875 0.5595703125 0.271484375 0.548828125 0.2744140625 0.548828125 0.2822265625 0.5693359375 0.30859375 0.5908203125 0.30859375 0.591796875 0.2919921875 0.5810546875 0.279296875
2 0.7412109375 0.123046875 0.7373046875 0.111328125 0.7275390625 0.111328125 0.72265625 0.1181640625 0.7294921875 0.130859375 0.7412109375 0.123046875
2 0.7392578125 0.126953125 0.73828125 0.1123046875 0.7275390625 0.111328125 0.72265625 0.1259765625 0.7294921875 0.130859375 0.7392578125 0.126953125
2 0.7607421875 0.14453125 0.76171875 0.1357421875 0.7548828125 0.130859375 0.73046875 0.1396484375 0.7392578125 0.1484375 0.7607421875 0.14453125
2 0.599609375 0.3974609375 0.5849609375 0.390625 0.580078125 0.3974609375 0.58203125 0.4208984375 0.5966796875 0.427734375 0.6083984375 0.41796875 0.599609375 0.3974609375
2 0.41796875 0.9345703125 0.4111328125 0.94921875 0.388671875 0.9619140625 0.37109375 0.9990234375 0.4814453125 1 0.5087890625 0.955078125 0.50390625 0.9326171875 0.4775390625 0.916015625 0.4345703125 0.923828125 0.41796875 0.9345703125
2 0.4736328125 0.826171875 0.4326171875 0.822265625 0.40625 0.8271484375 0.4150390625 0.884765625 0.4619140625 0.8828125 0.4755859375 0.861328125 0.4736328125 0.826171875
2 0.7177734375 0.99609375 0.7099609375 0.9765625 0.6982421875 0.974609375 0.689453125 0.9814453125 0.6904296875 1 0.7177734375 0.99609375
2 0.8115234375 0.740234375 0.7900390625 0.734375 0.783203125 0.7490234375 0.787109375 0.7822265625 0.8056640625 0.78515625 0.8154296875 0.759765625 0.8115234375 0.740234375
2 0.4892578125 0.587890625 0.46484375 0.5927734375 0.462890625 0.6044921875 0.4697265625 0.615234375 0.4833984375 0.62109375 0.4931640625 0.611328125 0.494140625 0.5927734375 0.4892578125 0.587890625
2 0.6015625 0.4814453125 0.5888671875 0.470703125 0.576171875 0.4931640625 0.580078125 0.5283203125 0.6025390625 0.537109375 0.6103515625 0.5234375 0.6015625 0.4814453125
2 0.091796875 0.2861328125 0.091796875 0.3056640625 0.0986328125 0.310546875 0.1123046875 0.306640625 0.1328125 0.2919921875 0.1337890625 0.28515625 0.1298828125 0.26953125 0.1064453125 0.271484375 0.091796875 0.2861328125
2 0.25 0.7548828125 0.2412109375 0.748046875 0.212890625 0.7529296875 0.2197265625 0.771484375 0.2451171875 0.76953125 0.2490234375 0.76171875 0.25 0.7548828125
2 0.1044921875 0.74609375 0.091796875 0.7626953125 0.0966796875 0.779296875 0.1123046875 0.783203125 0.1494140625 0.783203125 0.1572265625 0.7734375 0.1220703125 0.744140625 0.1044921875 0.74609375
2 0.837890625 0.6123046875 0.8515625 0.6611328125 0.8740234375 0.669921875 0.8974609375 0.658203125 0.912109375 0.6416015625 0.9169921875 0.611328125 0.91796875 0.5927734375 0.9052734375 0.576171875 0.8583984375 0.578125 0.841796875 0.5966796875 0.837890625 0.6123046875
2 0.892578125 0.4326171875 0.890625 0.4755859375 0.9169921875 0.501953125 0.9580078125 0.501953125 0.9755859375 0.494140625 0.9931640625 0.47265625 0.9921875 0.4287109375 0.9794921875 0.412109375 0.9599609375 0.404296875 0.9287109375 0.404296875 0.892578125 0.4326171875
2 0.73828125 0.5302734375 0.736328125 0.5498046875 0.7587890625 0.55859375 0.7724609375 0.548828125 0.7880859375 0.546875 0.7958984375 0.53515625 0.796875 0.5283203125 0.7880859375 0.521484375 0.7490234375 0.525390625 0.73828125 0.5302734375
2 0.7841796875 0.47265625 0.7490234375 0.46484375 0.73828125 0.4677734375 0.7451171875 0.48828125 0.7763671875 0.498046875 0.7939453125 0.49609375 0.7841796875 0.47265625