2 0.3251953125 0.3515625 0.337890625 0.3408203125 0.33984375 0.3212890625 0.2802734375 0.26171875 0.2451171875 0.255859375 0.2373046875 0.26171875 0.2421875 0.2763671875 0.275390625 0.3056640625 0.283203125 0.3251953125 0.3134765625 0.3515625 0.3251953125 0.3515625
2 0.0166015625 0.046875 0.0302734375 0.052734375 0.0546875 0.0439453125 0.0458984375 0.0234375 0.0166015625 0.0234375 0.0068359375 0.03125 0.0166015625 0.046875
2 0.4111328125 0.11328125 0.4296875 0.1083984375 0.4111328125 0.091796875 0.3876953125 0.087890625 0.3623046875 0.0703125 0.3427734375 0.072265625 0.341796875 0.0927734375 0.3505859375 0.103515625 0.4111328125 0.11328125
2 0.0849609375 0.48828125 0.1064453125 0.48828125 0.111328125 0.4833984375 0.1083984375 0.474609375 0.0986328125 0.470703125 0.0732421875 0.474609375 0.0849609375 0.48828125
2 0.0263671875 0.880859375 0.0283203125 0.888671875 0.0634765625 0.88671875 0.072265625 0.8740234375 0.0478515625 0.86328125 0.0263671875 0.880859375
2 0.0869140625 0.935546875 0.1015625 0.9208984375 0.09765625 0.9072265625 0.0810546875 0.8984375 0.0654296875 0.900390625 0.0537109375 0.9140625 0.052734375 0.9267578125 0.0634765625 0.935546875 0.0869140625 0.935546875
2 0.2421875 0.8603515625 0.2353515625 0.84765625 0.2314453125 0.853515625 0.2236328125 0.845703125 0.1982421875 0.845703125 0.1826171875 0.857421875 0.18359375 0.8740234375 0.193359375 0.8837890625 0.18359375 0.8935546875 0.1865234375 0.90234375 0.2197265625 0.904296875 0.2236328125 0.89453125 0.23828125 0.8876953125 0.236328125 0.8720703125 0.2421875 0.8603515625
2 0.2353515625 0.69921875 0.2529296875 0.69140625 0.265625 0.6787109375 0.263671875 0.6669921875 0.2509765625 0.66015625 0.2294921875 0.6953125 0.2353515625 0.69921875
2 0.4736328125 0.63671875 0.4833984375 0.634765625 0.48828125 0.6279296875 0.486328125 0.6005859375 0.4775390625 0.59375 0.4501953125 0.59765625 0.451171875 0.6181640625 0.4736328125 0.63671875
2 0.4033203125 0.685546875 0.4130859375 0.6875 0.42578125 0.6787109375 0.42578125 0.6630859375 0.4111328125 0.654296875 0.3916015625 0.6640625 0.390625 0.6748046875 0.4033203125 0.685546875
2 0.5458984375 0.984375 0.5712890625 0.986328125 0.5830078125 0.984375 0.591796875 0.9677734375 0.5751953125 0.9453125 0.5439453125 0.974609375 0.5458984375 0.984375
2 0.529296875 0.9423828125 0.5205078125 0.9375 0.5107421875 0.943359375 0.4931640625 0.9609375 0.4775390625 0.966796875 0.4677734375 0.982421875 0.466796875 0.9912109375 0.4794921875 0.99609375 0.5146484375 0.982421875 0.533203125 0.9619140625 0.529296875 0.9423828125
2 0.4775390625 0.94921875 0.4892578125 0.9453125 0.50390625 0.9306640625 0.509765625 0.9033203125 0.4892578125 0.9140625 0.4755859375 0.93359375 0.4775390625 0.94921875
2 0.5615234375 0.9140625 0.5703125 0.9072265625 0.57421875 0.8837890625 0.5693359375 0.876953125 0.5478515625 0.876953125 0.5380859375 0.884765625 0.541015625 0.9033203125 0.5498046875 0.912109375 0.5615234375 0.9140625
2 0.7724609375 0.8203125 0.7958984375 0.8125 0.81640625 0.7939453125 0.81640625 0.7744140625 0.7783203125 0.783203125 0.7705078125 0.80078125 0.7724609375 0.8203125
2 0.78515625 0.8583984375 0.8017578125 0.86328125 0.814453125 0.8544921875 0.822265625 0.8271484375 0.8115234375 0.814453125 0.7822265625 0.83984375 0.78515625 0.8583984375
2 0.716796875 0.8505859375 0.7333984375 0.859375 0.755859375 0.8291015625 0.7392578125 0.7734375 0.724609375 0.7783203125 0.7158203125 0.818359375 0.716796875 0.8505859375
2 0.9267578125 0.775390625 0.931640625 0.7587890625 0.92578125 0.7412109375 0.9189453125 0.734375 0.9013671875 0.732421875 0.8955078125 0.7421875 0.8984375 0.7685546875 0.9091796875 0.77734375 0.9267578125 0.775390625
2 0.9326171875 0.884765625 0.9365234375 0.8984375 0.9599609375 0.900390625 0.966796875 0.8798828125 0.9482421875 0.873046875 0.9326171875 0.884765625
2 0.9677734375 0.568359375 0.9482421875 0.5859375 0.9501953125 0.599609375 0.9765625 0.5947265625 0.9677734375 0.568359375
2 0.7548828125 0.544921875 0.7646484375 0.546875 0.767578125 0.5322265625 0.76171875 0.5107421875 0.7490234375 0.498046875 0.7373046875 0.5 0.73828125 0.5283203125 0.7548828125 0.544921875
2 0.6806640625 0.45703125 0.6943359375 0.455078125 0.7109375 0.4365234375 0.7109375 0.4228515625 0.6923828125 0.419921875 0.6787109375 0.443359375 0.6806640625 0.45703125
2 0.96484375 0.1533203125 0.94921875 0.1123046875 0.9287109375 0.09375 0.9091796875 0.09375 0.90234375 0.1201171875 0.8955078125 0.123046875 0.8984375 0.1455078125 0.9111328125 0.16015625 0.9521484375 0.1640625 0.96484375 0.1533203125
2 0.8837890625 0.083984375 0.89453125 0.0732421875 0.912109375 0.0302734375 0.9072265625 0.009765625 0.890625 0.0126953125 0.8798828125 0.0625 0.87890625 0.0810546875 0.8837890625 0.083984375
2 0.8408203125 0 0.8525390625 0.017578125 0.865234375 0.0185546875 0.8662109375 0 0.8408203125 0
2 0.779296875 0.4873046875 0.7978515625 0.501953125 0.80859375 0.4853515625 0.8203125 0.4443359375 0.7919921875 0.451171875 0.7802734375 0.4765625 0.779296875 0.4873046875
2 0.9404296875 0.46875 0.953125 0.4462890625 0.9375 0.4267578125 0.9375 0.4033203125 0.9169921875 0.41015625 0.9091796875 0.421875 0.908203125 0.4384765625 0.923828125 0.4658203125 0.9287109375 0.470703125 0.9404296875 0.46875
2 0.5380859375 0.45703125 0.5888671875 0.453125 0.59375 0.4443359375 0.5908203125 0.4375 0.5810546875 0.435546875 0.5224609375 0.447265625 0.5244140625 0.455078125 0.5380859375 0.45703125
2 0.5263671875 0.478515625 0.5380859375 0.478515625 0.5673828125 0.470703125 0.5703125 0.4599609375 0.5595703125 0.45703125 0.5244140625 0.46875 0.5263671875 0.478515625
2 0.0078125 0.5986328125 0.0244140625 0.611328125 0.046875 0.6005859375 0.044921875 0.5751953125 0.0302734375 0.5625 0.0087890625 0.58984375 0.0078125 0.5986328125