2 0.775390625 0.2333984375 0.7900390625 0.203125 0.7666015625 0.1875 0.7392578125 0.1875 0.7275390625 0.19140625 0.705078125 0.2177734375 0.70703125 0.2490234375 0.73046875 0.2685546875 0.7353515625 0.28515625 0.7607421875 0.28515625 0.771484375 0.2763671875 0.775390625 0.2333984375
2 0.9189453125 0.0703125 0.8857421875 0.087890625 0.876953125 0.1083984375 0.8876953125 0.1171875 0.9208984375 0.119140625 0.9453125 0.1025390625 0.9443359375 0.08984375 0.9345703125 0.072265625 0.9189453125 0.0703125
2 0.9130859375 0.521484375 0.896484375 0.5517578125 0.9169921875 0.564453125 0.9365234375 0.591796875 0.9560546875 0.59375 0.962890625 0.5869140625 0.9609375 0.5634765625 0.974609375 0.5537109375 0.9736328125 0.5390625 0.9130859375 0.521484375
2 0.6767578125 0.7734375 0.6484375 0.7958984375 0.64453125 0.8154296875 0.6630859375 0.837890625 0.6923828125 0.8359375 0.70703125 0.8193359375 0.7060546875 0.796875 0.6962890625 0.775390625 0.6767578125 0.7734375
2 0.623046875 0.7607421875 0.6357421875 0.765625 0.6865234375 0.759765625 0.69921875 0.7509765625 0.7021484375 0.732421875 0.6787109375 0.72265625 0.6279296875 0.734375 0.623046875 0.7607421875
2 0.6455078125 0.6328125 0.62890625 0.6552734375 0.62890625 0.6669921875 0.6357421875 0.67578125 0.6591796875 0.677734375 0.671875 0.6611328125 0.6708984375 0.6484375 0.6611328125 0.6328125 0.6455078125 0.6328125
2 0.7001953125 0.873046875 0.69140625 0.8876953125 0.693359375 0.9072265625 0.7021484375 0.9140625 0.7177734375 0.912109375 0.724609375 0.9033203125 0.7236328125 0.888671875 0.7138671875 0.875 0.7001953125 0.873046875
2 0.775390625 0.8525390625 0.775390625 0.8662109375 0.7998046875 0.8671875 0.80859375 0.8603515625 0.8076171875 0.845703125 0.7998046875 0.837890625 0.7880859375 0.83984375 0.775390625 0.8525390625
2 0.8955078125 0.830078125 0.880859375 0.8603515625 0.884765625 0.8798828125 0.9091796875 0.884765625 0.91796875 0.8642578125 0.931640625 0.8525390625 0.9326171875 0.837890625 0.9228515625 0.82421875 0.8955078125 0.830078125
2 0.53515625 0.8837890625 0.533203125 0.8955078125 0.5478515625 0.904296875 0.5595703125 0.900390625 0.5634765625 0.888671875 0.560546875 0.8759765625 0.5517578125 0.873046875 0.53515625 0.8837890625
2 0.4453125 0.6748046875 0.4453125 0.6904296875 0.4541015625 0.701171875 0.4755859375 0.701171875 0.4853515625 0.6796875 0.4755859375 0.666015625 0.4521484375 0.666015625 0.4453125 0.6748046875
2 0.4873046875 0.4765625 0.470703125 0.4931640625 0.466796875 0.5185546875 0.4814453125 0.537109375 0.4931640625 0.5390625 0.51953125 0.5068359375 0.5185546875 0.5 0.4951171875 0.4765625 0.4873046875 0.4765625
2 0.517578125 0.3623046875 0.50390625 0.3505859375 0.4912109375 0.326171875 0.4814453125 0.322265625 0.462890625 0.3349609375 0.462890625 0.3544921875 0.4833984375 0.37890625 0.5146484375 0.390625 0.5224609375 0.380859375 0.517578125 0.3623046875
2 0.205078125 0.3623046875 0.1787109375 0.361328125 0.16796875 0.3759765625 0.173828125 0.4013671875 0.2001953125 0.41015625 0.208984375 0.4072265625 0.2080078125 0.400390625 0.203125 0.3974609375 0.205078125 0.3623046875
2 0.240234375 0.2724609375 0.240234375 0.2900390625 0.2626953125 0.3125 0.2861328125 0.30859375 0.2880859375 0.2890625 0.2744140625 0.267578125 0.2568359375 0.265625 0.240234375 0.2724609375
2 0.4296875 0.0888671875 0.421875 0.1201171875 0.40234375 0.1416015625 0.4052734375 0.166015625 0.427734375 0.1591796875 0.44140625 0.1279296875 0.4443359375 0.091796875 0.4404296875 0.0859375 0.4296875 0.0888671875
2 0.2197265625 0.8515625 0.212890625 0.8603515625 0.21484375 0.8779296875 0.2392578125 0.892578125 0.2646484375 0.896484375 0.27734375 0.8876953125 0.2763671875 0.876953125 0.2412109375 0.84765625 0.2197265625 0.8515625
2 0.3330078125 0.978515625 0.3173828125 0.96875 0.2978515625 0.97265625 0.296875 0.9990234375 0.3291015625 1 0.3330078125 0.978515625
2 0.3798828125 0.986328125 0.373046875 0.9658203125 0.3623046875 0.958984375 0.35546875 0.9990234375 0.3798828125 1 0.3798828125 0.986328125
2 0.4404296875 0.814453125 0.4541015625 0.814453125 0.4677734375 0.783203125 0.4501953125 0.767578125 0.43359375 0.7802734375 0.42578125 0.7998046875 0.4404296875 0.814453125
2 0.267578125 0.0400390625 0.248046875 0.0810546875 0.2490234375 0.1171875 0.2607421875 0.119140625 0.27734375 0.0986328125 0.29296875 0.0654296875 0.2919921875 0.0390625 0.2783203125 0.029296875 0.267578125 0.0400390625
2 0.310546875 0.1474609375 0.3193359375 0.158203125 0.3310546875 0.158203125 0.349609375 0.1376953125 0.3505859375 0.109375 0.3330078125 0.099609375 0.31640625 0.1181640625 0.310546875 0.1474609375
2 0.8017578125 0.62109375 0.796875 0.6259765625 0.79296875 0.6552734375 0.7978515625 0.6640625 0.8134765625 0.671875 0.8291015625 0.66796875 0.8310546875 0.646484375 0.8134765625 0.623046875 0.8017578125 0.62109375
2 0.810546875 0.6787109375 0.8388671875 0.71484375 0.8525390625 0.71484375 0.859375 0.7080078125 0.8583984375 0.689453125 0.8447265625 0.67578125 0.8173828125 0.673828125 0.810546875 0.6787109375
2 0.845703125 0.6572265625 0.845703125 0.6689453125 0.8564453125 0.68359375 0.8828125 0.6787109375 0.8935546875 0.640625 0.8798828125 0.63671875 0.8720703125 0.6484375 0.845703125 0.6572265625