2 0.7255859375 0.78515625 0.7333984375 0.80859375 0.7568359375 0.822265625 0.7646484375 0.8203125 0.77734375 0.7939453125 0.7734375 0.7509765625 0.7626953125 0.744140625 0.7333984375 0.748046875 0.724609375 0.7646484375 0.7255859375 0.78515625
2 1 0.5146484375 0.9931640625 0.5078125 0.9541015625 0.509765625 0.9443359375 0.53125 0.9619140625 0.564453125 0.9892578125 0.564453125 1 0.5576171875 1 0.5146484375
2 0.9814453125 0.1796875 0.9990234375 0.19921875 0.9990234375 0.119140625 0.984375 0.1240234375 0.9814453125 0.1796875
2 0.8720703125 0.154296875 0.875 0.1689453125 0.8837890625 0.173828125 0.9072265625 0.171875 0.9140625 0.1611328125 0.9052734375 0.12890625 0.8759765625 0.1328125 0.87109375 0.1376953125 0.8720703125 0.154296875
2 0.6630859375 0.337890625 0.6748046875 0.357421875 0.7060546875 0.35546875 0.724609375 0.3349609375 0.724609375 0.2861328125 0.7099609375 0.27734375 0.6787109375 0.279296875 0.6640625 0.3056640625 0.6630859375 0.337890625
2 0.5478515625 0.146484375 0.5634765625 0.177734375 0.5927734375 0.173828125 0.6171875 0.1513671875 0.615234375 0.1181640625 0.5908203125 0.099609375 0.5634765625 0.10546875 0.548828125 0.1201171875 0.5478515625 0.146484375
2 0.3095703125 0.3984375 0.3291015625 0.416015625 0.3505859375 0.419921875 0.359375 0.4130859375 0.365234375 0.3857421875 0.3505859375 0.3671875 0.3251953125 0.365234375 0.3095703125 0.3984375
2 0.2060546875 0.330078125 0.2119140625 0.359375 0.2470703125 0.359375 0.2578125 0.3408203125 0.2578125 0.3056640625 0.2451171875 0.296875 0.2216796875 0.30078125 0.212890625 0.3076171875 0.2060546875 0.330078125
2 0.2548828125 0.15625 0.2607421875 0.173828125 0.2744140625 0.185546875 0.2861328125 0.185546875 0.306640625 0.1630859375 0.298828125 0.1259765625 0.2822265625 0.12109375 0.2685546875 0.126953125 0.25390625 0.1455078125 0.2548828125 0.15625
2 0.3134765625 0.046875 0.3251953125 0.056640625 0.353515625 0.0498046875 0.357421875 0.0205078125 0.3466796875 0.005859375 0.3271484375 0.00390625 0.314453125 0.0146484375 0.3134765625 0.046875
2 0.1884765625 0.126953125 0.2021484375 0.142578125 0.2216796875 0.14453125 0.236328125 0.1298828125 0.240234375 0.1025390625 0.2236328125 0.08984375 0.1982421875 0.08984375 0.189453125 0.1005859375 0.1884765625 0.126953125
2 0.0693359375 0.068359375 0.0791015625 0.0859375 0.1220703125 0.1015625 0.140625 0.0673828125 0.140625 0.0439453125 0.1220703125 0.021484375 0.1025390625 0.0234375 0.076171875 0.0419921875 0.0693359375 0.068359375
2 0.5400390625 0.4765625 0.5498046875 0.49609375 0.5703125 0.4755859375 0.572265625 0.4560546875 0.5634765625 0.44921875 0.5458984375 0.44921875 0.5400390625 0.4765625
2 0.5107421875 0.28125 0.5224609375 0.2890625 0.541015625 0.2744140625 0.548828125 0.2548828125 0.5400390625 0.2421875 0.513671875 0.2548828125 0.5107421875 0.28125