2 0.525390625 0.9365234375 0.5400390625 0.95703125 0.5810546875 0.96484375 0.59765625 0.9560546875 0.599609375 0.9150390625 0.5869140625 0.8984375 0.56640625 0.8896484375 0.5380859375 0.892578125 0.53125 0.8994140625 0.525390625 0.9365234375
2 1 0.8466796875 0.984375 0.8408203125 0.9638671875 0.83984375 0.94921875 0.8505859375 0.9453125 0.8681640625 0.9521484375 0.884765625 0.9658203125 0.890625 1 0.8876953125 1 0.8466796875
2 0.541015625 0.7861328125 0.5615234375 0.806640625 0.5869140625 0.8046875 0.599609375 0.7939453125 0.59765625 0.7626953125 0.5859375 0.7490234375 0.5654296875 0.748046875 0.537109375 0.7724609375 0.541015625 0.7861328125
2 0.291015625 0.5166015625 0.3095703125 0.52734375 0.3427734375 0.517578125 0.34765625 0.5068359375 0.349609375 0.4853515625 0.32421875 0.4658203125 0.2978515625 0.47265625 0.28515625 0.4951171875 0.291015625 0.5166015625
2 0.28125 0.1162109375 0.3017578125 0.1328125 0.3134765625 0.134765625 0.330078125 0.1220703125 0.345703125 0.0947265625 0.34375 0.0771484375 0.318359375 0.0634765625 0.2880859375 0.0625 0.26953125 0.0869140625 0.28125 0.1162109375
2 0.728515625 0.3486328125 0.7392578125 0.359375 0.7666015625 0.357421875 0.77734375 0.3427734375 0.775390625 0.3212890625 0.759765625 0.2958984375 0.7431640625 0.296875 0.728515625 0.3076171875 0.728515625 0.3486328125
2 0.580078125 0.1044921875 0.5859375 0.1259765625 0.6123046875 0.138671875 0.6640625 0.1181640625 0.658203125 0.0771484375 0.6416015625 0.0625 0.619140625 0.0556640625 0.6044921875 0.056640625 0.59765625 0.0634765625 0.580078125 0.1044921875
2 0.8369140625 0.296875 0.84375 0.2841796875 0.833984375 0.2646484375 0.798828125 0.2470703125 0.798828125 0.2626953125 0.80859375 0.2763671875 0.8369140625 0.296875
2 0.4677734375 0.2421875 0.4677734375 0.234375 0.4482421875 0.232421875 0.4169921875 0.2421875 0.404296875 0.2607421875 0.40625 0.2783203125 0.4208984375 0.291015625 0.4248046875 0.287109375 0.4296875 0.2939453125 0.42578125 0.2998046875 0.4365234375 0.306640625 0.4677734375 0.30078125 0.4833984375 0.287109375 0.5048828125 0.28515625 0.49609375 0.2626953125 0.49609375 0.2548828125 0.501953125 0.2529296875 0.4970703125 0.2421875 0.48828125 0.2392578125 0.490234375 0.2333984375 0.484375 0.2333984375 0.4833984375 0.2421875 0.4677734375 0.2421875
2 0.9677734375 0.73046875 0.974609375 0.7275390625 0.974609375 0.7138671875 0.96484375 0.7080078125 0.951171875 0.7119140625 0.951171875 0.7216796875 0.9677734375 0.73046875
2 0.7392578125 0.771484375 0.7724609375 0.78515625 0.783203125 0.7646484375 0.783203125 0.7509765625 0.76953125 0.7431640625 0.7412109375 0.7421875 0.732421875 0.7587890625 0.7392578125 0.771484375
2 0.7919921875 0.74609375 0.8173828125 0.744140625 0.830078125 0.7314453125 0.828125 0.7041015625 0.8203125 0.7001953125 0.779296875 0.7041015625 0.78125 0.7353515625 0.7919921875 0.74609375
2 0.8720703125 0.892578125 0.892578125 0.8857421875 0.8828125 0.8642578125 0.857421875 0.8720703125 0.859375 0.8818359375 0.8720703125 0.892578125