2 0.0751953125 0.6875 0.0966796875 0.69140625 0.1259765625 0.67578125 0.134765625 0.6533203125 0.130859375 0.6396484375 0.1201171875 0.630859375 0.08203125 0.6181640625 0.0625 0.6357421875 0.068359375 0.6787109375 0.0751953125 0.6875
2 0.0673828125 0.72265625 0.083984375 0.7001953125 0.06640625 0.6767578125 0.0107421875 0.68359375 0.0078125 0.6962890625 0.013671875 0.7177734375 0.0458984375 0.734375 0.0673828125 0.72265625
2 0.345703125 0.7626953125 0.3681640625 0.767578125 0.3935546875 0.7578125 0.3984375 0.7490234375 0.396484375 0.7236328125 0.3837890625 0.71484375 0.3515625 0.7119140625 0.337890625 0.7236328125 0.33203125 0.7392578125 0.345703125 0.7626953125
2 0.259765625 0.7705078125 0.248046875 0.7880859375 0.2568359375 0.814453125 0.2744140625 0.806640625 0.283203125 0.7900390625 0.2763671875 0.76953125 0.259765625 0.7705078125
2 0.4501953125 0.916015625 0.4658203125 0.91796875 0.474609375 0.9111328125 0.48046875 0.8916015625 0.48046875 0.8681640625 0.4677734375 0.85546875 0.44921875 0.8544921875 0.431640625 0.8603515625 0.42578125 0.8798828125 0.4501953125 0.916015625
2 0.28125 0.9658203125 0.2685546875 0.953125 0.23828125 0.9501953125 0.216796875 0.9697265625 0.21484375 0.9970703125 0.2744140625 1 0.28515625 0.9814453125 0.28125 0.9658203125
2 0.787109375 0.7451171875 0.8037109375 0.7578125 0.8564453125 0.75 0.861328125 0.7197265625 0.853515625 0.6982421875 0.8369140625 0.689453125 0.806640625 0.6904296875 0.791015625 0.7060546875 0.78125 0.7275390625 0.787109375 0.7451171875
2 0.9736328125 0.6640625 0.9921875 0.6435546875 0.990234375 0.6123046875 0.9716796875 0.595703125 0.947265625 0.5966796875 0.927734375 0.6123046875 0.9296875 0.6396484375 0.9482421875 0.662109375 0.9736328125 0.6640625
2 0.876953125 0.8994140625 0.87890625 0.9521484375 0.8955078125 0.966796875 0.9267578125 0.94921875 0.943359375 0.9267578125 0.943359375 0.9091796875 0.931640625 0.8896484375 0.9208984375 0.880859375 0.8984375 0.8779296875 0.8876953125 0.8828125 0.876953125 0.8994140625
2 0.6767578125 0.806640625 0.705078125 0.7802734375 0.7109375 0.7568359375 0.6943359375 0.736328125 0.654296875 0.7373046875 0.64453125 0.7490234375 0.64453125 0.7763671875 0.6591796875 0.802734375 0.6767578125 0.806640625
2 0.517578125 0.6298828125 0.501953125 0.5966796875 0.4921875 0.5947265625 0.49609375 0.6630859375 0.5029296875 0.671875 0.5146484375 0.671875 0.521484375 0.6630859375 0.517578125 0.6298828125
2 0.7841796875 0.1953125 0.80859375 0.1826171875 0.80859375 0.1396484375 0.7900390625 0.123046875 0.78125 0.1240234375 0.751953125 0.1455078125 0.75390625 0.1845703125 0.7626953125 0.193359375 0.7841796875 0.1953125