2 0.078125 0.7314453125 0.0556640625 0.712890625 0.0322265625 0.71484375 0.0234375 0.7255859375 0.025390625 0.7470703125 0.0380859375 0.759765625 0.05078125 0.7607421875 0.072265625 0.7509765625 0.078125 0.7314453125
2 0.255859375 0.9326171875 0.263671875 0.8916015625 0.2431640625 0.87890625 0.2060546875 0.880859375 0.19140625 0.9248046875 0.2099609375 0.94921875 0.23046875 0.9560546875 0.2373046875 0.955078125 0.255859375 0.9326171875
2 0.318359375 0.9111328125 0.3212890625 0.923828125 0.349609375 0.9287109375 0.357421875 0.9072265625 0.3505859375 0.88671875 0.3291015625 0.89453125 0.318359375 0.9111328125
2 0.150390625 0.8486328125 0.1337890625 0.83203125 0.0966796875 0.826171875 0.078125 0.8505859375 0.080078125 0.8603515625 0.0927734375 0.875 0.119140625 0.8837890625 0.13671875 0.8759765625 0.150390625 0.8486328125
2 0.08984375 0.9384765625 0.095703125 0.9248046875 0.0888671875 0.91796875 0.0625 0.9169921875 0.0654296875 0.9375 0.08984375 0.9384765625
2 0.5244140625 0.3359375 0.51171875 0.3564453125 0.5 0.3623046875 0.5029296875 0.37890625 0.51953125 0.3798828125 0.5390625 0.3486328125 0.5361328125 0.333984375 0.5244140625 0.3359375
2 0.3564453125 0.3671875 0.369140625 0.3525390625 0.3564453125 0.33984375 0.3115234375 0.328125 0.306640625 0.3388671875 0.314453125 0.3740234375 0.3203125 0.3779296875 0.3212890625 0.3671875 0.3564453125 0.3671875
2 0.234375 0.6357421875 0.23828125 0.6201171875 0.23828125 0.5927734375 0.2333984375 0.587890625 0.220703125 0.5927734375 0.2080078125 0.62890625 0.177734375 0.6298828125 0.1884765625 0.642578125 0.2265625 0.6416015625 0.234375 0.6357421875
2 0.8134765625 0.017578125 0.8486328125 0.029296875 0.876953125 0.0283203125 0.8974609375 0.021484375 0.90625 0.0009765625 0.80859375 0.0009765625 0.8134765625 0.017578125
2 0.7333984375 0.359375 0.720703125 0.3974609375 0.7265625 0.4052734375 0.7626953125 0.40234375 0.76953125 0.3662109375 0.7451171875 0.357421875 0.7333984375 0.359375
2 0.923828125 0.2392578125 0.9287109375 0.255859375 0.953125 0.2587890625 0.9541015625 0.236328125 0.923828125 0.2392578125