2 0.1298828125 0.03125 0.12109375 0.0634765625 0.1552734375 0.06640625 0.1884765625 0.0546875 0.1884765625 0.046875 0.1875 0.0322265625 0.1806640625 0.02734375 0.1748046875 0.033203125 0.1298828125 0.03125
2 0.2333984375 0 0.232421875 0.0419921875 0.2373046875 0.046875 0.2724609375 0.044921875 0.28125 0.0302734375 0.2802734375 0.01171875 0.2763671875 0 0.2333984375 0
2 0.2021484375 0 0.181640625 0.0146484375 0.1875 0.0498046875 0.2021484375 0.060546875 0.2197265625 0.0625 0.2275390625 0.044921875 0.2236328125 0 0.2021484375 0
2 0.2919921875 0.791015625 0.2802734375 0.775390625 0.234375 0.7861328125 0.232421875 0.8017578125 0.2509765625 0.84375 0.2734375 0.8447265625 0.2919921875 0.791015625
2 0.2294921875 0.943359375 0.248046875 0.9248046875 0.2490234375 0.91015625 0.2431640625 0.904296875 0.2158203125 0.90234375 0.203125 0.9130859375 0.19921875 0.9267578125 0.2294921875 0.943359375
2 0.0810546875 0.912109375 0.0703125 0.9267578125 0.072265625 0.9541015625 0.064453125 0.9716796875 0.0830078125 0.974609375 0.1064453125 0.98828125 0.103515625 0.9755859375 0.111328125 0.9619140625 0.1103515625 0.94140625 0.0888671875 0.93359375 0.0810546875 0.912109375
2 0.0263671875 0.595703125 0.0517578125 0.587890625 0.0556640625 0.578125 0.0478515625 0.5703125 0.0068359375 0.572265625 0.00390625 0.5869140625 0.0107421875 0.595703125 0.0263671875 0.595703125
2 0.228515625 0.4384765625 0.205078125 0.4521484375 0.2109375 0.4658203125 0.2236328125 0.474609375 0.2548828125 0.4609375 0.263671875 0.4482421875 0.2626953125 0.435546875 0.259765625 0.4267578125 0.2314453125 0.404296875 0.228515625 0.4384765625
2 0.4140625 0.7568359375 0.419921875 0.7724609375 0.4345703125 0.78515625 0.451171875 0.7802734375 0.4501953125 0.763671875 0.447265625 0.7470703125 0.4384765625 0.7421875 0.4228515625 0.744140625 0.4140625 0.7568359375
2 0.6298828125 0.646484375 0.5849609375 0.6171875 0.57421875 0.6201171875 0.576171875 0.6416015625 0.6005859375 0.6640625 0.6259765625 0.65625 0.6298828125 0.646484375
2 0.7861328125 0.482421875 0.7724609375 0.470703125 0.7607421875 0.470703125 0.7255859375 0.482421875 0.7080078125 0.494140625 0.703125 0.5048828125 0.7119140625 0.515625 0.7255859375 0.517578125 0.7509765625 0.5078125 0.7568359375 0.5 0.7783203125 0.498046875 0.78515625 0.4931640625 0.7861328125 0.482421875
2 0.8916015625 0.33984375 0.8779296875 0.328125 0.8642578125 0.326171875 0.861328125 0.3564453125 0.8681640625 0.36328125 0.8837890625 0.361328125 0.8916015625 0.33984375
2 0.8642578125 0.32421875 0.8291015625 0.296875 0.814453125 0.2998046875 0.814453125 0.3115234375 0.8291015625 0.330078125 0.8486328125 0.33203125 0.8642578125 0.32421875
2 0.9990234375 0.40234375 0.9716796875 0.3984375 0.962890625 0.4091796875 0.9736328125 0.42578125 0.9951171875 0.435546875 1 0.4326171875 0.9990234375 0.40234375
2 0.9990234375 0.673828125 0.9833984375 0.67578125 0.970703125 0.6884765625 0.974609375 0.7080078125 0.9873046875 0.716796875 1 0.7158203125 0.9990234375 0.673828125
2 0.8642578125 0.83984375 0.875 0.8349609375 0.8759765625 0.81640625 0.8291015625 0.763671875 0.8193359375 0.7578125 0.80078125 0.7626953125 0.830078125 0.8095703125 0.8642578125 0.83984375
2 0.7109375 0.3974609375 0.7236328125 0.400390625 0.7490234375 0.38671875 0.76171875 0.3701171875 0.7607421875 0.359375 0.7333984375 0.34765625 0.7197265625 0.349609375 0.70703125 0.3798828125 0.7109375 0.3974609375
2 0.7568359375 0.32421875 0.765625 0.3212890625 0.7646484375 0.314453125 0.7392578125 0.26953125 0.7216796875 0.265625 0.712890625 0.2744140625 0.72265625 0.2958984375 0.7568359375 0.32421875
2 0.3212890625 0.30859375 0.3486328125 0.294921875 0.3486328125 0.283203125 0.3173828125 0.259765625 0.3056640625 0.259765625 0.30078125 0.2666015625 0.306640625 0.2939453125 0.3212890625 0.30859375
2 0.3671875 0.6669921875 0.3642578125 0.708984375 0.3896484375 0.701171875 0.3984375 0.6923828125 0.3994140625 0.671875 0.3896484375 0.65234375 0.3740234375 0.640625 0.359375 0.6416015625 0.3671875 0.6669921875
2 0.349609375 0.6123046875 0.3798828125 0.625 0.3798828125 0.609375 0.376953125 0.5810546875 0.3642578125 0.568359375 0.3564453125 0.568359375 0.34765625 0.5888671875 0.349609375 0.6123046875
2 0.33984375 0.5537109375 0.349609375 0.5615234375 0.3447265625 0.5703125 0.36328125 0.5556640625 0.3623046875 0.541015625 0.35546875 0.5107421875 0.3427734375 0.505859375 0.333984375 0.5341796875 0.33984375 0.5537109375