2 0.3623046875 0.93359375 0.3828125 0.9130859375 0.376953125 0.8935546875 0.3603515625 0.869140625 0.33984375 0.8681640625 0.3330078125 0.869140625 0.3125 0.8955078125 0.3203125 0.9228515625 0.3623046875 0.93359375
2 0.322265625 0.9287109375 0.3017578125 0.916015625 0.2890625 0.9169921875 0.259765625 0.9423828125 0.259765625 0.9599609375 0.2841796875 0.982421875 0.3134765625 0.984375 0.322265625 0.9287109375
2 0.234375 0.6474609375 0.2568359375 0.666015625 0.279296875 0.6552734375 0.28515625 0.6455078125 0.28515625 0.6240234375 0.2744140625 0.6015625 0.251953125 0.6005859375 0.236328125 0.6103515625 0.232421875 0.6357421875 0.234375 0.6474609375
2 0.2177734375 0.748046875 0.228515625 0.7392578125 0.23046875 0.7236328125 0.2216796875 0.71484375 0.20703125 0.7158203125 0.19140625 0.7255859375 0.1875 0.7392578125 0.1982421875 0.748046875 0.2177734375 0.748046875
2 0.1337890625 0.572265625 0.1484375 0.5478515625 0.142578125 0.5224609375 0.1357421875 0.517578125 0.103515625 0.5185546875 0.09375 0.5263671875 0.09375 0.5537109375 0.1162109375 0.57421875 0.1337890625 0.572265625
2 0 0.7783203125 0.0263671875 0.783203125 0.05078125 0.7607421875 0.048828125 0.7333984375 0.0283203125 0.701171875 0 0.6923828125 0 0.7783203125
2 0.1982421875 0.337890625 0.2236328125 0.3515625 0.2548828125 0.3515625 0.263671875 0.3330078125 0.263671875 0.3056640625 0.2490234375 0.287109375 0.228515625 0.2861328125 0.19921875 0.3095703125 0.193359375 0.3291015625 0.1982421875 0.337890625
2 0.236328125 0.1728515625 0.2421875 0.2021484375 0.2646484375 0.216796875 0.2978515625 0.201171875 0.310546875 0.1884765625 0.310546875 0.1650390625 0.302734375 0.1455078125 0.2841796875 0.13671875 0.267578125 0.1376953125 0.2421875 0.1396484375 0.236328125 0.1728515625
2 0.0517578125 0.12109375 0.0888671875 0.123046875 0.1083984375 0.1171875 0.123046875 0.0966796875 0.115234375 0.0693359375 0.0888671875 0.052734375 0.068359375 0.0537109375 0.033203125 0.0908203125 0.033203125 0.1103515625 0.0517578125 0.12109375
2 0.3779296875 0.087890625 0.40234375 0.0615234375 0.404296875 0.0224609375 0.3896484375 0 0.341796875 0.0009765625 0.33203125 0.0244140625 0.3359375 0.0576171875 0.3564453125 0.080078125 0.3779296875 0.087890625
2 0.8564453125 0.2421875 0.875 0.2138671875 0.873046875 0.2060546875 0.8583984375 0.189453125 0.826171875 0.1884765625 0.810546875 0.1943359375 0.8046875 0.2158203125 0.80859375 0.2373046875 0.8564453125 0.2421875
2 0.388671875 0.4150390625 0.384765625 0.4306640625 0.4052734375 0.43359375 0.4423828125 0.451171875 0.462890625 0.4228515625 0.47265625 0.4189453125 0.47265625 0.4091796875 0.4599609375 0.3984375 0.42578125 0.3955078125 0.4052734375 0.3984375 0.388671875 0.4150390625