2 0.9404296875 0.353515625 0.935546875 0.3564453125 0.9365234375 0.369140625 0.9423828125 0.37890625 0.9599609375 0.380859375 0.96484375 0.3583984375 0.9560546875 0.3515625 0.9404296875 0.353515625
2 0.9267578125 0.71875 0.9404296875 0.72265625 0.9580078125 0.712890625 0.958984375 0.7001953125 0.9365234375 0.6953125 0.927734375 0.7041015625 0.9267578125 0.71875
2 0.8154296875 0.1875 0.82421875 0.1708984375 0.7705078125 0.166015625 0.7666015625 0.17578125 0.7861328125 0.185546875 0.8154296875 0.1875
2 0.849609375 0.1123046875 0.8388671875 0.103515625 0.8271484375 0.10546875 0.818359375 0.1162109375 0.8193359375 0.1328125 0.8271484375 0.140625 0.8388671875 0.138671875 0.849609375 0.1259765625 0.849609375 0.1123046875
2 0.7236328125 0.185546875 0.7080078125 0.181640625 0.6923828125 0.1875 0.7216796875 0.212890625 0.7412109375 0.216796875 0.74609375 0.2119140625 0.7421875 0.2001953125 0.7236328125 0.185546875
2 0.568359375 0.0849609375 0.5595703125 0.076171875 0.5361328125 0.076171875 0.52734375 0.0869140625 0.5283203125 0.09765625 0.5400390625 0.10546875 0.5537109375 0.10546875 0.564453125 0.1005859375 0.568359375 0.0849609375
2 0.609375 0.2333984375 0.6005859375 0.22265625 0.5869140625 0.224609375 0.556640625 0.2529296875 0.5419921875 0.29296875 0.5693359375 0.28515625 0.5849609375 0.265625 0.609375 0.2529296875 0.609375 0.2333984375
2 0.4521484375 0.34765625 0.4638671875 0.359375 0.4716796875 0.357421875 0.4921875 0.3212890625 0.490234375 0.3134765625 0.4638671875 0.31640625 0.4521484375 0.34765625
2 0.4189453125 0.279296875 0.408203125 0.2919921875 0.4091796875 0.30859375 0.4306640625 0.30859375 0.451171875 0.2822265625 0.451171875 0.2744140625 0.4404296875 0.271484375 0.4189453125 0.279296875
2 0.27734375 0.1181640625 0.2724609375 0.111328125 0.2626953125 0.111328125 0.2587890625 0.123046875 0.2705078125 0.130859375 0.27734375 0.1181640625
2 0.27734375 0.1259765625 0.2724609375 0.111328125 0.26171875 0.1123046875 0.2607421875 0.126953125 0.2705078125 0.130859375 0.27734375 0.1259765625
2 0.26953125 0.1396484375 0.2451171875 0.130859375 0.23828125 0.1357421875 0.2392578125 0.14453125 0.2607421875 0.1484375 0.26953125 0.1396484375
2 0.3916015625 0.41796875 0.4033203125 0.427734375 0.41796875 0.4208984375 0.419921875 0.3974609375 0.4150390625 0.390625 0.400390625 0.3974609375 0.3916015625 0.41796875
2 0.611328125 0.9619140625 0.5888671875 0.94921875 0.58203125 0.9345703125 0.5654296875 0.923828125 0.5224609375 0.916015625 0.49609375 0.9326171875 0.4912109375 0.955078125 0.5185546875 1 0.62890625 0.9990234375 0.611328125 0.9619140625
2 0.5244140625 0.861328125 0.5380859375 0.8828125 0.5849609375 0.884765625 0.59375 0.8271484375 0.5673828125 0.822265625 0.5263671875 0.826171875 0.5244140625 0.861328125
2 0.310546875 0.9814453125 0.3017578125 0.974609375 0.2900390625 0.9765625 0.2822265625 0.99609375 0.3095703125 1 0.310546875 0.9814453125
2 0.1845703125 0.759765625 0.1943359375 0.78515625 0.212890625 0.7822265625 0.216796875 0.7490234375 0.2099609375 0.734375 0.1884765625 0.740234375 0.1845703125 0.759765625
2 0.5107421875 0.587890625 0.505859375 0.5927734375 0.5068359375 0.611328125 0.5166015625 0.62109375 0.5302734375 0.615234375 0.537109375 0.6044921875 0.53515625 0.5927734375 0.5107421875 0.587890625
2 0.3896484375 0.5234375 0.3974609375 0.537109375 0.419921875 0.5283203125 0.423828125 0.4931640625 0.4111328125 0.470703125 0.3984375 0.4814453125 0.3896484375 0.5234375
2 0.908203125 0.3056640625 0.908203125 0.2861328125 0.8935546875 0.271484375 0.8701171875 0.26953125 0.8662109375 0.28515625 0.8671875 0.2919921875 0.8876953125 0.306640625 0.9013671875 0.310546875 0.908203125 0.3056640625
2 0.7509765625 0.76171875 0.7548828125 0.76953125 0.7802734375 0.771484375 0.787109375 0.7529296875 0.7587890625 0.748046875 0.75 0.7548828125 0.7509765625 0.76171875
2 0.8955078125 0.74609375 0.8779296875 0.744140625 0.8427734375 0.7734375 0.8505859375 0.783203125 0.8876953125 0.783203125 0.9033203125 0.779296875 0.908203125 0.7626953125 0.8955078125 0.74609375
2 0.1025390625 0.658203125 0.1259765625 0.669921875 0.1484375 0.6611328125 0.162109375 0.6123046875 0.158203125 0.5966796875 0.1416015625 0.578125 0.0947265625 0.576171875 0.08203125 0.5927734375 0.0830078125 0.611328125 0.087890625 0.6416015625 0.1025390625 0.658203125
2 0.0419921875 0.501953125 0.0830078125 0.501953125 0.109375 0.4755859375 0.107421875 0.4326171875 0.0712890625 0.404296875 0.0400390625 0.404296875 0.0205078125 0.412109375 0.0078125 0.4287109375 0.0068359375 0.47265625 0.0244140625 0.494140625 0.0419921875 0.501953125
2 0.2412109375 0.55859375 0.263671875 0.5498046875 0.26171875 0.5302734375 0.2509765625 0.525390625 0.2119140625 0.521484375 0.203125 0.5283203125 0.2041015625 0.53515625 0.2119140625 0.546875 0.2275390625 0.548828125 0.2412109375 0.55859375
2 0.2060546875 0.49609375 0.2236328125 0.498046875 0.2548828125 0.48828125 0.26171875 0.4677734375 0.2509765625 0.46484375 0.2158203125 0.47265625 0.2060546875 0.49609375