2 0.8759765625 0.951171875 0.8564453125 0.953125 0.8515625 0.9619140625 0.861328125 0.9990234375 0.89453125 0.9990234375 0.89453125 0.9619140625 0.8759765625 0.951171875
2 0.0712890625 0.80859375 0.078125 0.7939453125 0.0673828125 0.787109375 0.0419921875 0.791015625 0.033203125 0.8017578125 0.033203125 0.8134765625 0.048828125 0.8173828125 0.0712890625 0.80859375
2 0.50390625 0.5966796875 0.4951171875 0.591796875 0.4638671875 0.595703125 0.458984375 0.6298828125 0.490234375 0.6357421875 0.50390625 0.6298828125 0.50390625 0.5966796875
2 0.4375 0.8955078125 0.4638671875 0.888671875 0.482421875 0.8759765625 0.482421875 0.8505859375 0.4765625 0.8388671875 0.4560546875 0.826171875 0.4453125 0.8291015625 0.42578125 0.8583984375 0.4375 0.8955078125
2 0.0947265625 0.5625 0.111328125 0.5615234375 0.1220703125 0.55859375 0.130859375 0.5458984375 0.130859375 0.5283203125 0.1162109375 0.521484375 0.0947265625 0.52734375 0.0849609375 0.541015625 0.080078125 0.5400390625 0.0947265625 0.5625
2 0.1767578125 0.568359375 0.1572265625 0.57421875 0.150390625 0.5947265625 0.1572265625 0.603515625 0.17578125 0.6044921875 0.18359375 0.5888671875 0.1767578125 0.568359375
2 0.759765625 0.5595703125 0.76171875 0.5263671875 0.7236328125 0.517578125 0.7109375 0.5361328125 0.708984375 0.5595703125 0.7177734375 0.57421875 0.736328125 0.5771484375 0.759765625 0.5595703125
2 0.5439453125 0.73046875 0.5576171875 0.736328125 0.599609375 0.7353515625 0.5986328125 0.73046875 0.6171875 0.7255859375 0.62109375 0.6943359375 0.6162109375 0.681640625 0.5830078125 0.66796875 0.54296875 0.6884765625 0.5390625 0.7255859375 0.5439453125 0.73046875
2 0.4296875 0.3876953125 0.4296875 0.4013671875 0.4384765625 0.41015625 0.447265625 0.4091796875 0.44921875 0.3955078125 0.470703125 0.3759765625 0.470703125 0.3544921875 0.4619140625 0.3359375 0.4287109375 0.318359375 0.419921875 0.3310546875 0.419921875 0.3740234375 0.4296875 0.3876953125
2 0.708984375 0.4072265625 0.72265625 0.3876953125 0.728515625 0.3525390625 0.7099609375 0.341796875 0.6904296875 0.341796875 0.662109375 0.3662109375 0.662109375 0.3779296875 0.6884765625 0.40234375 0.708984375 0.4072265625
2 0.9443359375 0.572265625 0.9296875 0.5810546875 0.923828125 0.6181640625 0.9267578125 0.623046875 0.939453125 0.6220703125 0.953125 0.6083984375 0.9443359375 0.572265625
2 0.73046875 0.1298828125 0.751953125 0.1123046875 0.751953125 0.0732421875 0.7275390625 0.060546875 0.6982421875 0.064453125 0.689453125 0.0732421875 0.6953125 0.1025390625 0.7158203125 0.12890625 0.73046875 0.1298828125
2 0.921875 0.1650390625 0.9443359375 0.16015625 0.951171875 0.1376953125 0.9453125 0.1103515625 0.9267578125 0.095703125 0.900390625 0.1083984375 0.89453125 0.1357421875 0.9140625 0.1650390625 0.921875 0.1650390625
2 0.3623046875 0.171875 0.3427734375 0.1796875 0.333984375 0.1943359375 0.3388671875 0.20703125 0.3515625 0.2080078125 0.36328125 0.1923828125 0.3623046875 0.171875
2 0.8359375 0.5478515625 0.841796875 0.5341796875 0.837890625 0.5205078125 0.8212890625 0.5078125 0.80859375 0.5302734375 0.80859375 0.5595703125 0.818359375 0.5634765625 0.8359375 0.5478515625
2 0.513671875 0.5341796875 0.505859375 0.5009765625 0.4951171875 0.494140625 0.4775390625 0.498046875 0.47265625 0.5126953125 0.484375 0.5380859375 0.505859375 0.5400390625 0.513671875 0.5341796875
2 0.640625 0.7822265625 0.650390625 0.7861328125 0.6845703125 0.78515625 0.693359375 0.7783203125 0.693359375 0.7373046875 0.6884765625 0.73046875 0.6767578125 0.7265625 0.650390625 0.7451171875 0.640625 0.7763671875 0.640625 0.7822265625
2 0.84375 0.1318359375 0.8623046875 0.12890625 0.873046875 0.1181640625 0.873046875 0.1044921875 0.8583984375 0.091796875 0.8408203125 0.09375 0.830078125 0.1064453125 0.830078125 0.1298828125 0.84375 0.1318359375
2 1 0.0537109375 0.9912109375 0.046875 0.982421875 0.0595703125 0.984375 0.0908203125 1 0.1025390625 1 0.0537109375
2 0.13671875 0.3916015625 0.1611328125 0.412109375 0.1875 0.4111328125 0.2001953125 0.41015625 0.208984375 0.3994140625 0.20703125 0.3798828125 0.1953125 0.3603515625 0.1884765625 0.353515625 0.1416015625 0.349609375 0.134765625 0.3603515625 0.13671875 0.3916015625