2 0.712890625 0.9873046875 0.720703125 0.9443359375 0.716796875 0.9111328125 0.6787109375 0.90234375 0.6572265625 0.912109375 0.65234375 0.9365234375 0.662109375 0.9755859375 0.6806640625 0.98828125 0.712890625 0.9873046875
2 0.5087890625 0.265625 0.52734375 0.2646484375 0.5341796875 0.263671875 0.548828125 0.2431640625 0.548828125 0.2197265625 0.5283203125 0.201171875 0.5009765625 0.201171875 0.490234375 0.2119140625 0.498046875 0.2548828125 0.5087890625 0.265625
2 0.9541015625 0.40234375 0.966796875 0.3818359375 0.9541015625 0.34375 0.9208984375 0.353515625 0.904296875 0.3837890625 0.9111328125 0.400390625 0.94140625 0.4072265625 0.9541015625 0.40234375
2 0.578125 0.5595703125 0.587890625 0.5380859375 0.578125 0.5283203125 0.572265625 0.5068359375 0.5478515625 0.4921875 0.5244140625 0.4921875 0.5166015625 0.5 0.48046875 0.5087890625 0.48828125 0.5478515625 0.478515625 0.5693359375 0.4951171875 0.5859375 0.517578125 0.5888671875 0.53515625 0.5830078125 0.525390625 0.5810546875 0.5302734375 0.57421875 0.5458984375 0.578125 0.5478515625 0.5703125 0.5615234375 0.578125 0.580078125 0.5693359375 0.578125 0.5595703125
2 0.638671875 0.5185546875 0.63671875 0.5361328125 0.6494140625 0.56640625 0.6650390625 0.57421875 0.6923828125 0.576171875 0.7001953125 0.583984375 0.72265625 0.5849609375 0.748046875 0.5732421875 0.744140625 0.5556640625 0.751953125 0.5400390625 0.7412109375 0.525390625 0.7041015625 0.5078125 0.6748046875 0.501953125 0.6533203125 0.505859375 0.638671875 0.5185546875
2 0.345703125 0.0888671875 0.357421875 0.0751953125 0.359375 0.0380859375 0.3466796875 0.025390625 0.3271484375 0.0234375 0.30859375 0.0380859375 0.30859375 0.0673828125 0.3271484375 0.087890625 0.345703125 0.0888671875
2 0.080078125 0.4619140625 0.0693359375 0.45703125 0.06640625 0.4931640625 0.07421875 0.5068359375 0.08203125 0.5087890625 0.0859375 0.4833984375 0.080078125 0.4619140625
2 0.1171875 0.5380859375 0.11328125 0.5166015625 0.1064453125 0.5078125 0.0947265625 0.5078125 0.091796875 0.5361328125 0.1005859375 0.548828125 0.111328125 0.5498046875 0.1171875 0.5380859375
2 0.1220703125 0.884765625 0.134765625 0.8837890625 0.14453125 0.8623046875 0.14453125 0.8076171875 0.1328125 0.7744140625 0.1201171875 0.771484375 0.10546875 0.7880859375 0.107421875 0.8505859375 0.115234375 0.8779296875 0.1220703125 0.884765625
2 0.2197265625 0.693359375 0.220703125 0.6806640625 0.2041015625 0.666015625 0.1787109375 0.6640625 0.16796875 0.6845703125 0.1806640625 0.6953125 0.201171875 0.7001953125 0.2197265625 0.693359375
2 0.1162109375 0.603515625 0.107421875 0.6181640625 0.109375 0.6416015625 0.1162109375 0.65234375 0.125 0.6513671875 0.125 0.6142578125 0.1162109375 0.603515625
2 0.3349609375 0.841796875 0.318359375 0.8525390625 0.31640625 0.8720703125 0.322265625 0.8974609375 0.337890625 0.9130859375 0.34375 0.8466796875 0.3349609375 0.841796875
2 0.265625 0.9013671875 0.2568359375 0.892578125 0.2451171875 0.892578125 0.244140625 0.9306640625 0.259765625 0.9345703125 0.265625 0.9306640625 0.265625 0.9013671875
2 0.298828125 0.6279296875 0.3212890625 0.650390625 0.337890625 0.6513671875 0.37109375 0.6240234375 0.37109375 0.6064453125 0.3486328125 0.57421875 0.3232421875 0.572265625 0.3115234375 0.576171875 0.30078125 0.5908203125 0.294921875 0.6162109375 0.298828125 0.6279296875
2 0.548828125 0.7177734375 0.58203125 0.6884765625 0.58984375 0.6669921875 0.5810546875 0.65234375 0.5673828125 0.646484375 0.5341796875 0.646484375 0.525390625 0.6630859375 0.525390625 0.7080078125 0.548828125 0.7177734375