2 0.9423828125 0.990234375 0.951171875 0.9716796875 0.9453125 0.9482421875 0.9228515625 0.935546875 0.8984375 0.9326171875 0.876953125 0.9521484375 0.8828125 0.9873046875 0.9150390625 0.99609375 0.9423828125 0.990234375
2 0.810546875 0.8974609375 0.794921875 0.9150390625 0.8037109375 0.943359375 0.8154296875 0.94140625 0.826171875 0.9248046875 0.82421875 0.9033203125 0.810546875 0.8974609375
2 0.7783203125 0.84375 0.783203125 0.8408203125 0.783203125 0.8115234375 0.7763671875 0.802734375 0.763671875 0.8017578125 0.75390625 0.8154296875 0.751953125 0.8330078125 0.7607421875 0.841796875 0.7783203125 0.84375
2 0.94140625 0.8134765625 0.94140625 0.8056640625 0.919921875 0.7900390625 0.90625 0.8056640625 0.90625 0.8212890625 0.9150390625 0.83203125 0.9267578125 0.830078125 0.94140625 0.8134765625
2 0.6337890625 0.99609375 0.638671875 0.9814453125 0.6328125 0.9580078125 0.6259765625 0.951171875 0.59765625 0.9501953125 0.583984375 0.9619140625 0.587890625 0.9853515625 0.6025390625 0.998046875 0.6337890625 0.99609375
2 0.490234375 0.8857421875 0.486328125 0.8779296875 0.458984375 0.8701171875 0.453125 0.8740234375 0.455078125 0.8916015625 0.4677734375 0.90234375 0.4794921875 0.900390625 0.490234375 0.8857421875
2 0.1181640625 0.93359375 0.126953125 0.9267578125 0.126953125 0.9013671875 0.1201171875 0.888671875 0.109375 0.8876953125 0.099609375 0.8935546875 0.099609375 0.9111328125 0.10546875 0.9248046875 0.1181640625 0.93359375
2 0.4326171875 0.748046875 0.44140625 0.7333984375 0.439453125 0.7119140625 0.4150390625 0.6953125 0.3984375 0.6962890625 0.38671875 0.7119140625 0.38671875 0.7451171875 0.3994140625 0.75 0.4326171875 0.748046875
2 0.2705078125 0.673828125 0.27734375 0.6552734375 0.26953125 0.6357421875 0.2548828125 0.62109375 0.234375 0.6181640625 0.212890625 0.6279296875 0.216796875 0.6611328125 0.2314453125 0.673828125 0.2705078125 0.673828125
2 0 0.5478515625 0.0166015625 0.55078125 0.0380859375 0.56640625 0.0625 0.5517578125 0.0625 0.5087890625 0.056640625 0.4970703125 0.0361328125 0.482421875 0.013671875 0.4814453125 0 0.4931640625 0 0.5478515625
2 0.1376953125 0.546875 0.1904296875 0.556640625 0.2177734375 0.548828125 0.21875 0.5087890625 0.17578125 0.4990234375 0.1396484375 0.50390625 0.130859375 0.5126953125 0.12890625 0.5400390625 0.1376953125 0.546875
2 0.3837890625 0.5859375 0.388671875 0.5791015625 0.388671875 0.5380859375 0.3583984375 0.513671875 0.341796875 0.5146484375 0.322265625 0.5419921875 0.333984375 0.5771484375 0.3623046875 0.591796875 0.3837890625 0.5859375
2 0.4072265625 0.423828125 0.423828125 0.4091796875 0.421875 0.3857421875 0.4072265625 0.3671875 0.380859375 0.3642578125 0.365234375 0.3740234375 0.361328125 0.3935546875 0.3740234375 0.4140625 0.4072265625 0.423828125
2 0.7373046875 0.595703125 0.7685546875 0.587890625 0.779296875 0.5654296875 0.7685546875 0.5390625 0.744140625 0.5341796875 0.7294921875 0.53515625 0.712890625 0.5576171875 0.71875 0.5849609375 0.7373046875 0.595703125
2 0.4462890625 0.21484375 0.427734375 0.2119140625 0.4111328125 0.22265625 0.3994140625 0.21484375 0.388671875 0.2236328125 0.37890625 0.2412109375 0.3828125 0.2763671875 0.3876953125 0.28515625 0.4033203125 0.283203125 0.4150390625 0.291015625 0.4599609375 0.2890625 0.46875 0.2822265625 0.46875 0.2333984375 0.4462890625 0.21484375
2 0.94140625 0.4775390625 0.9365234375 0.46875 0.92578125 0.4677734375 0.8984375 0.4970703125 0.9052734375 0.509765625 0.9208984375 0.51171875 0.94140625 0.4990234375 0.94140625 0.4775390625
2 0.7177734375 0.447265625 0.751953125 0.4443359375 0.7470703125 0.404296875 0.7373046875 0.3984375 0.701171875 0.3955078125 0.693359375 0.4013671875 0.69140625 0.4189453125 0.7021484375 0.4375 0.7177734375 0.447265625
2 0.2666015625 0.4375 0.26953125 0.4013671875 0.2421875 0.3994140625 0.22265625 0.4072265625 0.21484375 0.4208984375 0.216796875 0.4345703125 0.2275390625 0.439453125 0.2666015625 0.4375
2 0.4921875 0.1884765625 0.4921875 0.2138671875 0.5087890625 0.21875 0.51171875 0.1904296875 0.4921875 0.1884765625
2 0.6845703125 0.373046875 0.693359375 0.3583984375 0.677734375 0.3544921875 0.6474609375 0.365234375 0.640625 0.3720703125 0.640625 0.3837890625 0.6611328125 0.384765625 0.6845703125 0.373046875