2 0.76171875 0.9833984375 0.7822265625 0.982421875 0.802734375 0.9677734375 0.802734375 0.9306640625 0.7900390625 0.9140625 0.7626953125 0.9140625 0.73828125 0.9482421875 0.73828125 0.9697265625 0.76171875 0.9833984375
2 0.7041015625 0.802734375 0.6787109375 0.810546875 0.634765625 0.8408203125 0.6328125 0.8544921875 0.65234375 0.8623046875 0.701171875 0.8193359375 0.7041015625 0.802734375
2 1 0.6142578125 0.9755859375 0.61328125 0.958984375 0.6318359375 0.962890625 0.6552734375 0.9755859375 0.671875 1 0.6748046875 1 0.6142578125
2 0.181640625 0.8076171875 0.19140625 0.8017578125 0.1875 0.7802734375 0.171875 0.7568359375 0.1591796875 0.751953125 0.1484375 0.7607421875 0.1484375 0.7802734375 0.1611328125 0.802734375 0.181640625 0.8076171875
2 1 0.2412109375 0.9775390625 0.234375 0.9609375 0.2529296875 0.9609375 0.2744140625 0.9794921875 0.291015625 1 0.2919921875 1 0.2412109375
2 0.90234375 0.2568359375 0.900390625 0.2138671875 0.8623046875 0.205078125 0.8515625 0.2216796875 0.8515625 0.2587890625 0.8681640625 0.26953125 0.89453125 0.2685546875 0.90234375 0.2568359375
2 0.8515625 0.4541015625 0.8466796875 0.44921875 0.7958984375 0.451171875 0.794921875 0.5166015625 0.845703125 0.5322265625 0.8515625 0.5244140625 0.8515625 0.4541015625
2 0.5654296875 0.4296875 0.576171875 0.4111328125 0.57421875 0.3916015625 0.5615234375 0.380859375 0.54296875 0.3837890625 0.541015625 0.4228515625 0.552734375 0.4326171875 0.5654296875 0.4296875
2 0.7236328125 0.4375 0.73046875 0.4306640625 0.732421875 0.4150390625 0.7236328125 0.404296875 0.662109375 0.4287109375 0.6650390625 0.4375 0.69921875 0.4384765625 0.7236328125 0.4375
2 0.830078125 0.6748046875 0.830078125 0.6474609375 0.8095703125 0.62109375 0.7841796875 0.619140625 0.76953125 0.6435546875 0.7939453125 0.67578125 0.810546875 0.6767578125 0.830078125 0.6748046875
2 0.8359375 0.7412109375 0.8525390625 0.736328125 0.857421875 0.7216796875 0.833984375 0.6884765625 0.8212890625 0.68359375 0.806640625 0.6923828125 0.80078125 0.7216796875 0.8115234375 0.736328125 0.8359375 0.7412109375
2 0.798828125 0.0009765625 0.7626953125 0 0.771484375 0.0283203125 0.7802734375 0.03515625 0.791015625 0.0341796875 0.80859375 0.0224609375 0.798828125 0.0009765625
2 0.59375 0.5732421875 0.591796875 0.6142578125 0.6025390625 0.626953125 0.62109375 0.6279296875 0.6474609375 0.625 0.673828125 0.6123046875 0.6796875 0.5791015625 0.6728515625 0.5703125 0.6494140625 0.560546875 0.6240234375 0.55859375 0.6064453125 0.5625 0.59375 0.5732421875
2 0.2021484375 0.576171875 0.1484375 0.5693359375 0.15234375 0.5849609375 0.1630859375 0.59375 0.193359375 0.5966796875 0.2109375 0.5908203125 0.2021484375 0.576171875
2 0.2890625 0.3017578125 0.2890625 0.2744140625 0.2822265625 0.265625 0.2412109375 0.2578125 0.2265625 0.2705078125 0.2333984375 0.298828125 0.275390625 0.3056640625 0.2890625 0.3017578125
2 0.2060546875 0.41015625 0.2236328125 0.41796875 0.27734375 0.4169921875 0.28515625 0.4091796875 0.28515625 0.3837890625 0.2802734375 0.37890625 0.2138671875 0.376953125 0.193359375 0.3857421875 0.193359375 0.4052734375 0.2001953125 0.4140625 0.2060546875 0.41015625
2 0.26953125 0.2099609375 0.26953125 0.1884765625 0.2529296875 0.1796875 0.1982421875 0.171875 0.171875 0.1845703125 0.17578125 0.1982421875 0.1884765625 0.203125 0.2470703125 0.201171875 0.26953125 0.2099609375
2 0.509765625 0.0927734375 0.5029296875 0.078125 0.4873046875 0.078125 0.474609375 0.1123046875 0.5 0.1259765625 0.509765625 0.1123046875 0.509765625 0.0927734375