2 0.4873046875 0.51171875 0.509765625 0.4970703125 0.5107421875 0.451171875 0.44921875 0.4501953125 0.4453125 0.4638671875 0.455078125 0.5126953125 0.4873046875 0.51171875
2 0.345703125 0.5068359375 0.3408203125 0.498046875 0.3056640625 0.505859375 0.28515625 0.5205078125 0.28125 0.5458984375 0.294921875 0.5849609375 0.3095703125 0.583984375 0.3095703125 0.578125 0.294921875 0.5751953125 0.3134765625 0.572265625 0.330078125 0.5576171875 0.330078125 0.5302734375 0.345703125 0.5068359375
2 0.6591796875 0.689453125 0.6318359375 0.685546875 0.62890625 0.7001953125 0.64453125 0.7392578125 0.6572265625 0.75 0.6748046875 0.751953125 0.6962890625 0.775390625 0.71875 0.7841796875 0.736328125 0.7822265625 0.740234375 0.7314453125 0.716796875 0.7060546875 0.716796875 0.6943359375 0.705078125 0.6806640625 0.6767578125 0.67578125 0.6591796875 0.689453125
2 0.8369140625 0.029296875 0.8154296875 0.029296875 0.783203125 0.0439453125 0.783203125 0.0673828125 0.7900390625 0.076171875 0.828125 0.0830078125 0.873046875 0.0712890625 0.8671875 0.0673828125 0.87109375 0.0595703125 0.865234375 0.0537109375 0.8662109375 0.041015625 0.8525390625 0.041015625 0.8369140625 0.029296875
2 0.314453125 0.0439453125 0.3369140625 0.0703125 0.3466796875 0.076171875 0.3564453125 0.0703125 0.36328125 0.0771484375 0.359375 0.0908203125 0.376953125 0.0947265625 0.423828125 0.0849609375 0.423828125 0.0322265625 0.4111328125 0.00390625 0.3427734375 0.005859375 0.34765625 0.0146484375 0.314453125 0.0361328125 0.314453125 0.0439453125
2 0.09765625 0.3017578125 0.1103515625 0.31640625 0.138671875 0.3271484375 0.154296875 0.3193359375 0.14453125 0.2705078125 0.1181640625 0.267578125 0.1103515625 0.259765625 0.0927734375 0.265625 0.08984375 0.2841796875 0.09765625 0.3017578125
2 0 0.3759765625 0.009765625 0.3798828125 0.0341796875 0.380859375 0.052734375 0.3740234375 0.05078125 0.3525390625 0.0419921875 0.33984375 0.0185546875 0.33203125 0 0.3330078125 0 0.3759765625
2 0 0.2568359375 0.0068359375 0.263671875 0.0263671875 0.259765625 0.03125 0.2646484375 0.0634765625 0.265625 0.0859375 0.2275390625 0.083984375 0.2119140625 0.0595703125 0.1953125 0.0244140625 0.1953125 0 0.2080078125 0 0.2568359375
2 0.798828125 0.4912109375 0.80078125 0.5126953125 0.806640625 0.5205078125 0.80859375 0.5458984375 0.82421875 0.5517578125 0.8447265625 0.546875 0.8515625 0.5380859375 0.84765625 0.4990234375 0.8330078125 0.46875 0.8134765625 0.474609375 0.8095703125 0.46875 0.798828125 0.4912109375
2 0.953125 0.3505859375 0.9775390625 0.3515625 1 0.3408203125 0.9970703125 0.287109375 0.9384765625 0.291015625 0.923828125 0.3056640625 0.939453125 0.3427734375 0.953125 0.3505859375
2 0.7138671875 0.16796875 0.697265625 0.1865234375 0.7421875 0.2119140625 0.7724609375 0.208984375 0.79296875 0.1982421875 0.794921875 0.1904296875 0.7822265625 0.1640625 0.7626953125 0.158203125 0.7333984375 0.16015625 0.7138671875 0.16796875
2 0.4375 0.1494140625 0.458984375 0.1630859375 0.4794921875 0.162109375 0.5107421875 0.14453125 0.521484375 0.1220703125 0.5048828125 0.111328125 0.4775390625 0.1328125 0.4423828125 0.138671875 0.4375 0.1494140625
2 0.234375 0.1240234375 0.2421875 0.1181640625 0.240234375 0.0947265625 0.2158203125 0.076171875 0.1982421875 0.076171875 0.19140625 0.0849609375 0.189453125 0.1142578125 0.234375 0.1240234375
2 0.283203125 0.2626953125 0.2841796875 0.271484375 0.333984375 0.3017578125 0.3427734375 0.302734375 0.3515625 0.2939453125 0.3505859375 0.265625 0.3369140625 0.271484375 0.3095703125 0.2578125 0.2880859375 0.2578125 0.283203125 0.2626953125
2 0.263671875 0.3447265625 0.26171875 0.3525390625 0.263671875 0.3955078125 0.283203125 0.4111328125 0.287109375 0.4267578125 0.2939453125 0.427734375 0.318359375 0.4091796875 0.326171875 0.3818359375 0.310546875 0.3623046875 0.3056640625 0.33203125 0.2802734375 0.333984375 0.263671875 0.3447265625
2 0.673828125 0.4091796875 0.671875 0.4521484375 0.6943359375 0.443359375 0.7099609375 0.453125 0.736328125 0.4306640625 0.7314453125 0.361328125 0.6943359375 0.359375 0.666015625 0.3779296875 0.673828125 0.4091796875