2 0.9619140625 0.1484375 0.9990234375 0.138671875 0.9990234375 0.10546875 0.9619140625 0.10546875 0.951171875 0.1240234375 0.953125 0.1435546875 0.9619140625 0.1484375
2 0.787109375 0.9326171875 0.791015625 0.9580078125 0.8017578125 0.966796875 0.8134765625 0.966796875 0.8173828125 0.951171875 0.80859375 0.9287109375 0.7939453125 0.921875 0.787109375 0.9326171875
2 0.595703125 0.5361328125 0.6298828125 0.541015625 0.6357421875 0.509765625 0.6298828125 0.49609375 0.5966796875 0.49609375 0.591796875 0.5048828125 0.595703125 0.5361328125
2 0.8759765625 0.517578125 0.8505859375 0.517578125 0.8388671875 0.5234375 0.826171875 0.5439453125 0.8291015625 0.5546875 0.8583984375 0.57421875 0.8955078125 0.5625 0.888671875 0.5361328125 0.8759765625 0.517578125
2 0.55859375 0.8779296875 0.5458984375 0.869140625 0.5283203125 0.869140625 0.521484375 0.8837890625 0.52734375 0.9052734375 0.541015625 0.9150390625 0.5400390625 0.919921875 0.5625 0.9052734375 0.5615234375 0.888671875 0.55859375 0.8779296875
2 0.5947265625 0.849609375 0.603515625 0.8427734375 0.6044921875 0.82421875 0.5888671875 0.81640625 0.568359375 0.8232421875 0.57421875 0.8427734375 0.5947265625 0.849609375
2 0.517578125 0.2763671875 0.5361328125 0.2890625 0.5595703125 0.291015625 0.57421875 0.2822265625 0.5771484375 0.263671875 0.5595703125 0.240234375 0.5263671875 0.23828125 0.517578125 0.2763671875
2 0.7353515625 0.400390625 0.73046875 0.4013671875 0.7255859375 0.3828125 0.6943359375 0.37890625 0.681640625 0.3837890625 0.66796875 0.4169921875 0.6884765625 0.45703125 0.7255859375 0.4609375 0.73046875 0.4560546875 0.736328125 0.4423828125 0.7353515625 0.400390625
2 0.41015625 0.5615234375 0.4091796875 0.552734375 0.3955078125 0.55078125 0.3759765625 0.529296875 0.3544921875 0.529296875 0.3359375 0.5380859375 0.318359375 0.5712890625 0.3310546875 0.580078125 0.3740234375 0.580078125 0.3876953125 0.5703125 0.4013671875 0.5703125 0.41015625 0.5615234375
2 0.3525390625 0.271484375 0.341796875 0.2900390625 0.341796875 0.3095703125 0.3662109375 0.337890625 0.3779296875 0.337890625 0.40234375 0.3115234375 0.4072265625 0.291015625 0.3876953125 0.27734375 0.3525390625 0.271484375
2 0.6181640625 0.076171875 0.623046875 0.0732421875 0.6220703125 0.060546875 0.6083984375 0.046875 0.572265625 0.0556640625 0.5810546875 0.0703125 0.6181640625 0.076171875
2 0.0732421875 0.248046875 0.060546875 0.2724609375 0.064453125 0.3017578125 0.0732421875 0.310546875 0.1025390625 0.3046875 0.12890625 0.2841796875 0.1298828125 0.26953125 0.1123046875 0.248046875 0.0732421875 0.248046875
2 0.1376953125 0.048828125 0.1103515625 0.0546875 0.095703125 0.0732421875 0.1083984375 0.099609375 0.1357421875 0.10546875 0.1650390625 0.0859375 0.1650390625 0.078125 0.16015625 0.0556640625 0.1376953125 0.048828125
2 0.1943359375 0.666015625 0.20703125 0.6611328125 0.2080078125 0.6484375 0.1923828125 0.63671875 0.171875 0.6376953125 0.1796875 0.6572265625 0.1943359375 0.666015625
2 0.5205078125 0.162109375 0.5078125 0.1787109375 0.5302734375 0.19140625 0.5595703125 0.19140625 0.5634765625 0.181640625 0.5478515625 0.1640625 0.5341796875 0.158203125 0.5205078125 0.162109375
2 0.494140625 0.5048828125 0.498046875 0.5224609375 0.5126953125 0.52734375 0.5380859375 0.515625 0.5400390625 0.494140625 0.5341796875 0.486328125 0.5009765625 0.494140625 0.494140625 0.5048828125
2 0.78515625 0.3154296875 0.7783203125 0.306640625 0.7373046875 0.306640625 0.73046875 0.3115234375 0.7265625 0.3232421875 0.7451171875 0.349609375 0.7763671875 0.359375 0.7822265625 0.359375 0.7861328125 0.349609375 0.78515625 0.3154296875
2 0.1181640625 0.126953125 0.1044921875 0.126953125 0.091796875 0.1416015625 0.09375 0.1591796875 0.1064453125 0.169921875 0.1298828125 0.169921875 0.1318359375 0.15625 0.12890625 0.1376953125 0.1181640625 0.126953125
2 0.0537109375 0 0.046875 0.0087890625 0.0595703125 0.017578125 0.0908203125 0.015625 0.1025390625 0 0.0537109375 0
2 0.4111328125 0.8125 0.41015625 0.7998046875 0.3994140625 0.791015625 0.3798828125 0.79296875 0.3603515625 0.8046875 0.353515625 0.8115234375 0.349609375 0.8583984375 0.3603515625 0.865234375 0.3916015625 0.86328125 0.412109375 0.8388671875 0.4111328125 0.8125