2 0.087890625 0.6572265625 0.0634765625 0.65234375 0.0244140625 0.662109375 0.01171875 0.6806640625 0.0126953125 0.712890625 0.0556640625 0.720703125 0.0888671875 0.716796875 0.09765625 0.6787109375 0.087890625 0.6572265625
2 0.7802734375 0.548828125 0.798828125 0.5283203125 0.798828125 0.5009765625 0.7880859375 0.490234375 0.7451171875 0.498046875 0.734375 0.5087890625 0.7353515625 0.52734375 0.736328125 0.5341796875 0.7568359375 0.548828125 0.7802734375 0.548828125
2 0.6162109375 0.904296875 0.599609375 0.9111328125 0.5927734375 0.94140625 0.59765625 0.9541015625 0.6181640625 0.966796875 0.65625 0.9541015625 0.646484375 0.9208984375 0.6162109375 0.904296875
2 0.5078125 0.5478515625 0.5078125 0.5244140625 0.5 0.5166015625 0.4912109375 0.48046875 0.4521484375 0.48828125 0.4306640625 0.478515625 0.4140625 0.4951171875 0.4111328125 0.517578125 0.4169921875 0.53515625 0.4189453125 0.525390625 0.42578125 0.5302734375 0.421875 0.5458984375 0.4296875 0.5478515625 0.421875 0.5615234375 0.4306640625 0.580078125 0.4404296875 0.578125 0.4619140625 0.587890625 0.4716796875 0.578125 0.4931640625 0.572265625 0.5078125 0.5478515625
2 0.423828125 0.6923828125 0.416015625 0.7001953125 0.4150390625 0.72265625 0.4267578125 0.748046875 0.4443359375 0.744140625 0.4599609375 0.751953125 0.474609375 0.7412109375 0.4921875 0.7041015625 0.498046875 0.6748046875 0.494140625 0.6533203125 0.4814453125 0.638671875 0.4638671875 0.63671875 0.43359375 0.6494140625 0.42578125 0.6650390625 0.423828125 0.6923828125
2 0.9765625 0.3271484375 0.9619140625 0.30859375 0.9326171875 0.30859375 0.912109375 0.3271484375 0.9111328125 0.345703125 0.9248046875 0.357421875 0.9619140625 0.359375 0.974609375 0.3466796875 0.9765625 0.3271484375
2 0.4912109375 0.08203125 0.5166015625 0.0859375 0.5380859375 0.080078125 0.54296875 0.0693359375 0.5068359375 0.06640625 0.4931640625 0.07421875 0.4912109375 0.08203125
2 0.4638671875 0.091796875 0.451171875 0.1005859375 0.4501953125 0.111328125 0.4619140625 0.1171875 0.4833984375 0.11328125 0.4921875 0.1064453125 0.4921875 0.0947265625 0.4638671875 0.091796875
2 0.2255859375 0.1328125 0.228515625 0.1201171875 0.2119140625 0.10546875 0.1494140625 0.107421875 0.1220703125 0.115234375 0.115234375 0.1220703125 0.1162109375 0.134765625 0.1376953125 0.14453125 0.1923828125 0.14453125 0.2255859375 0.1328125
2 0.3154296875 0.16796875 0.3046875 0.1806640625 0.2998046875 0.201171875 0.306640625 0.2197265625 0.3193359375 0.220703125 0.333984375 0.2041015625 0.3359375 0.1787109375 0.3154296875 0.16796875
2 0.3486328125 0.125 0.3857421875 0.125 0.396484375 0.1162109375 0.3818359375 0.107421875 0.3583984375 0.109375 0.34765625 0.1162109375 0.3486328125 0.125
2 0.0869140625 0.337890625 0.1533203125 0.34375 0.158203125 0.3349609375 0.1474609375 0.318359375 0.1279296875 0.31640625 0.1025390625 0.322265625 0.0869140625 0.337890625
2 0.0654296875 0.259765625 0.0693359375 0.265625 0.0986328125 0.265625 0.107421875 0.2568359375 0.107421875 0.2451171875 0.0693359375 0.244140625 0.0654296875 0.259765625
2 0.3935546875 0.37109375 0.42578125 0.3486328125 0.427734375 0.3232421875 0.423828125 0.3115234375 0.4091796875 0.30078125 0.3837890625 0.294921875 0.3720703125 0.298828125 0.349609375 0.3212890625 0.3486328125 0.337890625 0.3759765625 0.37109375 0.3935546875 0.37109375
2 0.353515625 0.5673828125 0.353515625 0.5341796875 0.3369140625 0.525390625 0.2919921875 0.525390625 0.2822265625 0.548828125 0.3115234375 0.58203125 0.3330078125 0.58984375 0.34765625 0.5810546875 0.353515625 0.5673828125