2 0.3798828125 0.923828125 0.396484375 0.9228515625 0.421875 0.8935546875 0.419921875 0.8740234375 0.41015625 0.8583984375 0.3974609375 0.8515625 0.3701171875 0.85546875 0.35546875 0.8701171875 0.359375 0.9091796875 0.3798828125 0.923828125
2 0.638671875 0.4794921875 0.6484375 0.4677734375 0.64453125 0.4501953125 0.6298828125 0.443359375 0.6181640625 0.447265625 0.607421875 0.4580078125 0.607421875 0.4677734375 0.6240234375 0.48046875 0.638671875 0.4794921875
2 0.3544921875 0.421875 0.369140625 0.4228515625 0.384765625 0.4130859375 0.384765625 0.3935546875 0.37890625 0.3798828125 0.3681640625 0.373046875 0.3505859375 0.37890625 0.337890625 0.3935546875 0.3359375 0.4052734375 0.3544921875 0.421875
2 0.2646484375 0.4765625 0.26171875 0.4892578125 0.27734375 0.4931640625 0.298828125 0.4833984375 0.2919921875 0.4765625 0.2646484375 0.4765625
2 0.908203125 0.4111328125 0.919921875 0.4013671875 0.921875 0.3857421875 0.9072265625 0.36328125 0.8896484375 0.359375 0.875 0.3720703125 0.876953125 0.3916015625 0.8876953125 0.41015625 0.908203125 0.4111328125
2 0.8134765625 0.310546875 0.802734375 0.3232421875 0.802734375 0.3369140625 0.8134765625 0.345703125 0.822265625 0.3447265625 0.826171875 0.3271484375 0.8134765625 0.310546875
2 1 0.3369140625 0.9794921875 0.328125 0.966796875 0.3408203125 0.966796875 0.3603515625 0.9853515625 0.376953125 1 0.3759765625 1 0.3369140625
2 0.8779296875 0.099609375 0.83984375 0.1005859375 0.8359375 0.1259765625 0.8408203125 0.1328125 0.876953125 0.1318359375 0.8828125 0.1220703125 0.8779296875 0.099609375
2 0.560546875 0.0751953125 0.572265625 0.0712890625 0.58203125 0.0517578125 0.580078125 0.0341796875 0.5673828125 0.013671875 0.5263671875 0.009765625 0.52734375 0.0673828125 0.5458984375 0.076171875 0.560546875 0.0751953125
2 0.03125 0.9658203125 0.0458984375 0.9609375 0.060546875 0.9404296875 0.0595703125 0.921875 0.0380859375 0.91796875 0.017578125 0.9267578125 0.009765625 0.9541015625 0.0205078125 0.96484375 0.03125 0.9658203125
2 0.158203125 0.8544921875 0.1513671875 0.84375 0.1318359375 0.84375 0.111328125 0.8564453125 0.109375 0.8681640625 0.1181640625 0.875 0.154296875 0.8740234375 0.158203125 0.8544921875
2 0.369140625 0.7763671875 0.36328125 0.7626953125 0.3525390625 0.751953125 0.3408203125 0.751953125 0.3359375 0.7568359375 0.33984375 0.7783203125 0.365234375 0.7841796875 0.369140625 0.7763671875
2 1 0.7744140625 0.9677734375 0.767578125 0.943359375 0.7919921875 0.94140625 0.8173828125 0.9521484375 0.828125 0.990234375 0.8291015625 1 0.8232421875 1 0.7744140625
2 0.41015625 0.5615234375 0.427734375 0.5498046875 0.423828125 0.5185546875 0.4111328125 0.509765625 0.3896484375 0.509765625 0.37890625 0.5224609375 0.380859375 0.5439453125 0.3876953125 0.5546875 0.41015625 0.5615234375
2 0.71875 0.6298828125 0.7265625 0.6474609375 0.7431640625 0.6640625 0.767578125 0.6630859375 0.7763671875 0.662109375 0.78515625 0.6494140625 0.783203125 0.6044921875 0.7724609375 0.595703125 0.7216796875 0.59765625 0.716796875 0.6142578125 0.724609375 0.6259765625 0.71875 0.6298828125
2 0.30078125 0.1787109375 0.306640625 0.1650390625 0.2998046875 0.15625 0.2763671875 0.154296875 0.259765625 0.1669921875 0.259765625 0.1728515625 0.287109375 0.1884765625 0.30078125 0.1787109375
2 0.6904296875 0.458984375 0.6787109375 0.455078125 0.67578125 0.4833984375 0.6884765625 0.49609375 0.697265625 0.4951171875 0.705078125 0.4755859375 0.6904296875 0.458984375