2 0.0859375 0.2373046875 0.0859375 0.2099609375 0.0693359375 0.197265625 0.0322265625 0.197265625 0.017578125 0.2177734375 0.0166015625 0.23828125 0.0302734375 0.26171875 0.0517578125 0.26171875 0.0859375 0.2373046875
2 0.1455078125 0.3671875 0.1591796875 0.365234375 0.189453125 0.3212890625 0.197265625 0.2958984375 0.1806640625 0.298828125 0.1376953125 0.34765625 0.1455078125 0.3671875
2 0.3251953125 0 0.328125 0.0244140625 0.3447265625 0.037109375 0.3681640625 0.041015625 0.38671875 0.0244140625 0.3857421875 0 0.3251953125 0
2 0.2392578125 0.8515625 0.248046875 0.8408203125 0.2431640625 0.828125 0.2197265625 0.8125 0.1982421875 0.80859375 0.1923828125 0.818359375 0.197265625 0.8388671875 0.2197265625 0.8515625 0.2392578125 0.8515625
2 0.7080078125 0 0.708984375 0.0205078125 0.7255859375 0.0390625 0.7470703125 0.0390625 0.765625 0.0224609375 0.7587890625 0 0.7080078125 0
2 0.7412109375 0.1484375 0.7783203125 0.1484375 0.794921875 0.1376953125 0.7861328125 0.099609375 0.7431640625 0.09765625 0.7314453125 0.10546875 0.73046875 0.1318359375 0.7412109375 0.1484375
2 0.4833984375 0.205078125 0.548828125 0.2041015625 0.55078125 0.1533203125 0.5458984375 0.1484375 0.4755859375 0.1484375 0.4677734375 0.154296875 0.4833984375 0.205078125
2 0.6162109375 0.45703125 0.619140625 0.4384765625 0.6083984375 0.42578125 0.5888671875 0.423828125 0.5703125 0.4345703125 0.5673828125 0.447265625 0.5771484375 0.458984375 0.6162109375 0.45703125
2 0.5712890625 0.337890625 0.595703125 0.2763671875 0.5849609375 0.267578125 0.5693359375 0.26953125 0.5625 0.2763671875 0.5615234375 0.30078125 0.5625 0.3349609375 0.5712890625 0.337890625
2 0.3564453125 0.23046875 0.380859375 0.2158203125 0.37890625 0.1904296875 0.3525390625 0.169921875 0.3251953125 0.169921875 0.3232421875 0.189453125 0.32421875 0.2060546875 0.3564453125 0.23046875
2 0.3076171875 0.193359375 0.31640625 0.1787109375 0.3115234375 0.166015625 0.2783203125 0.142578125 0.263671875 0.1474609375 0.2587890625 0.1640625 0.263671875 0.1884765625 0.2783203125 0.19921875 0.3076171875 0.193359375
2 0.96484375 0.2197265625 0.9716796875 0.228515625 1 0.2373046875 0.9990234375 0.201171875 0.9775390625 0.19140625 0.9658203125 0.208984375 0.96484375 0.2197265625
2 0.439453125 0.3505859375 0.4296875 0.3271484375 0.4208984375 0.3203125 0.3876953125 0.326171875 0.375 0.3525390625 0.3720703125 0.37890625 0.373046875 0.3974609375 0.3857421875 0.408203125 0.4267578125 0.40625 0.4375 0.3935546875 0.44140625 0.3759765625 0.439453125 0.3505859375
2 0.40625 0.8369140625 0.4150390625 0.84765625 0.4306640625 0.8515625 0.423828125 0.7978515625 0.4091796875 0.7890625 0.4033203125 0.806640625 0.40625 0.8369140625
2 0.7294921875 0.7734375 0.7421875 0.7587890625 0.734375 0.7177734375 0.7255859375 0.7109375 0.6982421875 0.7109375 0.6943359375 0.724609375 0.701171875 0.7666015625 0.7294921875 0.7734375
2 0.6142578125 0.806640625 0.623046875 0.7861328125 0.62109375 0.7197265625 0.6162109375 0.71484375 0.5908203125 0.71484375 0.5830078125 0.72265625 0.58203125 0.7763671875 0.58984375 0.7939453125 0.5859375 0.7998046875 0.5947265625 0.806640625 0.6142578125 0.806640625
2 0.8017578125 0.82421875 0.8154296875 0.828125 0.828125 0.8017578125 0.8203125 0.7470703125 0.8115234375 0.73046875 0.7900390625 0.73046875 0.798828125 0.7529296875 0.796875 0.8115234375 0.8017578125 0.82421875
2 0.8876953125 0.525390625 0.921875 0.5126953125 0.921875 0.4970703125 0.9072265625 0.490234375 0.8876953125 0.490234375 0.8740234375 0.5 0.8876953125 0.525390625