2 0.4658203125 0.3828125 0.47265625 0.3701171875 0.46875 0.3369140625 0.4306640625 0.318359375 0.4228515625 0.3203125 0.41796875 0.3291015625 0.4189453125 0.37890625 0.4404296875 0.39453125 0.4658203125 0.3828125
2 0.705078125 0.0927734375 0.7001953125 0.087890625 0.6962890625 0.09375 0.6982421875 0.103515625 0.705078125 0.0927734375
2 0.7138671875 0.123046875 0.7294921875 0.126953125 0.736328125 0.1220703125 0.744140625 0.0927734375 0.7314453125 0.08203125 0.7138671875 0.083984375 0.7021484375 0.109375 0.708984375 0.1103515625 0.7138671875 0.123046875
2 0.4619140625 0.884765625 0.478515625 0.8740234375 0.478515625 0.8486328125 0.4677734375 0.833984375 0.4501953125 0.83203125 0.43359375 0.8505859375 0.4306640625 0.865234375 0.4365234375 0.875 0.4619140625 0.884765625
2 0.6884765625 0.341796875 0.6728515625 0.359375 0.67578125 0.3740234375 0.68359375 0.3779296875 0.6796875 0.3837890625 0.6962890625 0.40234375 0.7099609375 0.40234375 0.71875 0.3935546875 0.728515625 0.3583984375 0.7255859375 0.34765625 0.7080078125 0.33984375 0.6884765625 0.341796875
2 0.896484375 0.9638671875 0.8896484375 0.955078125 0.8583984375 0.953125 0.8515625 0.9580078125 0.8525390625 0.96875 0.8603515625 1 0.89453125 0.9990234375 0.896484375 0.9638671875
2 0.96875 0.6513671875 0.966796875 0.6044921875 0.9521484375 0.591796875 0.9345703125 0.59375 0.9130859375 0.646484375 0.9384765625 0.669921875 0.9599609375 0.66015625 0.96875 0.6513671875
2 0.75 0.5791015625 0.76171875 0.5537109375 0.7568359375 0.525390625 0.7275390625 0.5234375 0.71875 0.5283203125 0.7109375 0.5439453125 0.7060546875 0.583984375 0.7275390625 0.591796875 0.75 0.5791015625
2 0.501953125 0.6181640625 0.5 0.5908203125 0.4677734375 0.591796875 0.4609375 0.6005859375 0.4599609375 0.62109375 0.4833984375 0.63671875 0.4970703125 0.630859375 0.501953125 0.6181640625
2 0.07421875 0.8056640625 0.076171875 0.7919921875 0.0458984375 0.7890625 0.03515625 0.7978515625 0.0322265625 0.8125 0.0380859375 0.818359375 0.0595703125 0.814453125 0.07421875 0.8056640625
2 0.130859375 0.5458984375 0.126953125 0.5341796875 0.1201171875 0.529296875 0.1005859375 0.537109375 0.0966796875 0.556640625 0.1044921875 0.5625 0.1220703125 0.5625 0.130859375 0.5458984375
2 0.2490234375 0.01953125 0.28515625 0.0009765625 0.2294921875 0.00390625 0.2392578125 0.01953125 0.2490234375 0.01953125
2 0.3564453125 0.171875 0.3359375 0.1904296875 0.3349609375 0.203125 0.3486328125 0.208984375 0.357421875 0.2021484375 0.361328125 0.1767578125 0.3564453125 0.171875
2 0.5400390625 0.728515625 0.5654296875 0.734375 0.5947265625 0.712890625 0.6044921875 0.712890625 0.615234375 0.6923828125 0.5947265625 0.681640625 0.5517578125 0.685546875 0.541015625 0.6923828125 0.5380859375 0.712890625 0.5400390625 0.728515625
2 0.9443359375 0.16015625 0.94921875 0.1435546875 0.9453125 0.1123046875 0.9248046875 0.095703125 0.9052734375 0.1015625 0.896484375 0.1142578125 0.8935546875 0.142578125 0.9169921875 0.16796875 0.9443359375 0.16015625
2 0.1845703125 0.609375 0.1953125 0.5927734375 0.1875 0.5556640625 0.1767578125 0.552734375 0.1572265625 0.5625 0.138671875 0.5888671875 0.1396484375 0.595703125 0.1474609375 0.60546875 0.1845703125 0.609375