2 0.47265625 0.3564453125 0.4619140625 0.349609375 0.435546875 0.3486328125 0.40625 0.3798828125 0.40625 0.4091796875 0.4208984375 0.427734375 0.4560546875 0.423828125 0.4765625 0.4013671875 0.47265625 0.3564453125
2 0.4853515625 0.404296875 0.5048828125 0.404296875 0.5322265625 0.388671875 0.5390625 0.3779296875 0.533203125 0.3505859375 0.5224609375 0.341796875 0.498046875 0.3369140625 0.4853515625 0.33984375 0.46875 0.3544921875 0.474609375 0.3916015625 0.4853515625 0.404296875
2 0.966796875 0.4169921875 0.9462890625 0.42578125 0.9228515625 0.44921875 0.8955078125 0.453125 0.884765625 0.4677734375 0.88671875 0.4912109375 0.9013671875 0.50390625 0.9130859375 0.50390625 0.9150390625 0.49609375 0.9248046875 0.49609375 0.9326171875 0.48828125 0.9990234375 0.484375 1 0.4228515625 0.9853515625 0.416015625 0.966796875 0.4169921875
2 0.8193359375 0.390625 0.828125 0.3759765625 0.828125 0.3564453125 0.8212890625 0.34765625 0.79296875 0.3447265625 0.76953125 0.3603515625 0.767578125 0.3720703125 0.76953125 0.3896484375 0.7861328125 0.3984375 0.8193359375 0.390625
2 1 0.0927734375 0.990234375 0.0927734375 0.96484375 0.1083984375 0.951171875 0.1376953125 0.9541015625 0.150390625 0.9833984375 0.162109375 1 0.1591796875 1 0.0927734375
2 0.66015625 0.4287109375 0.6494140625 0.421875 0.6171875 0.4208984375 0.603515625 0.4521484375 0.607421875 0.4638671875 0.6220703125 0.474609375 0.6474609375 0.470703125 0.662109375 0.4501953125 0.66015625 0.4287109375
2 0.39453125 0.5244140625 0.3857421875 0.517578125 0.36328125 0.5185546875 0.345703125 0.5322265625 0.341796875 0.5556640625 0.3603515625 0.57421875 0.3818359375 0.572265625 0.39453125 0.5537109375 0.39453125 0.5244140625
2 0.2646484375 0.634765625 0.283203125 0.6123046875 0.275390625 0.5732421875 0.2646484375 0.560546875 0.2421875 0.5556640625 0.2197265625 0.5625 0.201171875 0.5927734375 0.208984375 0.6337890625 0.2216796875 0.64453125 0.2646484375 0.634765625
2 0.6640625 0.6123046875 0.6533203125 0.59765625 0.630859375 0.5947265625 0.61328125 0.6044921875 0.607421875 0.6376953125 0.6142578125 0.64453125 0.6552734375 0.650390625 0.662109375 0.6416015625 0.6640625 0.6123046875
2 0.83984375 0.6962890625 0.828125 0.7060546875 0.828125 0.7255859375 0.8427734375 0.751953125 0.8701171875 0.748046875 0.892578125 0.7333984375 0.8759765625 0.697265625 0.83984375 0.6962890625
2 0.7978515625 0.74609375 0.81640625 0.7353515625 0.81640625 0.7041015625 0.8076171875 0.69140625 0.796875 0.6904296875 0.7724609375 0.697265625 0.763671875 0.7080078125 0.76171875 0.7314453125 0.7666015625 0.7421875 0.7978515625 0.74609375
2 0.984375 0.6650390625 0.986328125 0.6552734375 0.978515625 0.6376953125 0.9716796875 0.630859375 0.9609375 0.6318359375 0.927734375 0.6552734375 0.923828125 0.6708984375 0.9306640625 0.6796875 0.9580078125 0.68359375 0.984375 0.6650390625
2 0.5908203125 0.75 0.6064453125 0.748046875 0.654296875 0.7119140625 0.650390625 0.6943359375 0.640625 0.6923828125 0.5859375 0.7099609375 0.5908203125 0.75
2 0.556640625 0.7294921875 0.5478515625 0.720703125 0.521484375 0.7197265625 0.501953125 0.7314453125 0.5 0.7529296875 0.5146484375 0.771484375 0.5302734375 0.775390625 0.548828125 0.7587890625 0.556640625 0.7294921875
2 0.361328125 0.8251953125 0.3740234375 0.8359375 0.41015625 0.8251953125 0.41015625 0.7900390625 0.392578125 0.7841796875 0.359375 0.8095703125 0.361328125 0.8251953125
2 0.1611328125 0.861328125 0.171875 0.8505859375 0.169921875 0.8154296875 0.1455078125 0.8125 0.13671875 0.8056640625 0.109375 0.8349609375 0.12890625 0.8388671875 0.126953125 0.8564453125 0.1337890625 0.861328125 0.1611328125 0.861328125
2 0.787109375 0.9501953125 0.76953125 0.9638671875 0.76171875 0.9990234375 0.8291015625 1 0.83203125 0.9853515625 0.826171875 0.9638671875 0.8115234375 0.951171875 0.787109375 0.9501953125
2 0.8603515625 0.92578125 0.865234375 0.9013671875 0.84765625 0.8623046875 0.8388671875 0.85546875 0.8046875 0.8544921875 0.79296875 0.8603515625 0.79296875 0.8701171875 0.80859375 0.8994140625 0.8330078125 0.921875 0.8603515625 0.92578125
2 0.9140625 0.8037109375 0.8984375 0.8369140625 0.900390625 0.8525390625 0.9521484375 0.86328125 0.955078125 0.8525390625 0.9453125 0.8193359375 0.9287109375 0.802734375 0.9140625 0.8037109375
2 0.0146484375 0.962890625 0 0.9638671875 0.0009765625 1 0.056640625 0.9990234375 0.0439453125 0.974609375 0.0146484375 0.962890625
2 0.62890625 0.0654296875 0.6162109375 0.0546875 0.607421875 0.0556640625 0.5888671875 0.068359375 0.560546875 0.0732421875 0.5615234375 0.109375 0.5966796875 0.119140625 0.623046875 0.0966796875 0.62890625 0.0654296875
2 0.7841796875 0.048828125 0.779296875 0.0576171875 0.78515625 0.0712890625 0.77734375 0.0908203125 0.779296875 0.1064453125 0.8056640625 0.119140625 0.8505859375 0.111328125 0.857421875 0.1005859375 0.845703125 0.0849609375 0.841796875 0.0400390625 0.81640625 0.0341796875 0.8154296875 0.0390625 0.7841796875 0.048828125
2 0.9208984375 0.998046875 0.94140625 0.9892578125 0.9609375 0.9501953125 0.95703125 0.9150390625 0.9296875 0.9111328125 0.8984375 0.9287109375 0.8984375 0.9482421875 0.888671875 0.9638671875 0.89453125 0.9873046875 0.9208984375 0.998046875