2 0.37890625 0.5810546875 0.39453125 0.5595703125 0.3828125 0.5341796875 0.3701171875 0.52734375 0.3369140625 0.53125 0.318359375 0.5693359375 0.3203125 0.5771484375 0.3291015625 0.58203125 0.37890625 0.5810546875
2 0.09375 0.3037109375 0.103515625 0.3017578125 0.0927734375 0.294921875 0.087890625 0.2998046875 0.09375 0.3037109375
2 0.109375 0.2978515625 0.1103515625 0.291015625 0.123046875 0.2861328125 0.126953125 0.2705078125 0.1220703125 0.263671875 0.0927734375 0.255859375 0.08203125 0.2685546875 0.083984375 0.2861328125 0.109375 0.2978515625
2 0.865234375 0.5693359375 0.875 0.5634765625 0.884765625 0.5380859375 0.8740234375 0.521484375 0.8486328125 0.521484375 0.833984375 0.5322265625 0.83203125 0.5498046875 0.8505859375 0.56640625 0.865234375 0.5693359375
2 0.34765625 0.2744140625 0.33984375 0.2919921875 0.341796875 0.3115234375 0.359375 0.3271484375 0.3740234375 0.32421875 0.3779296875 0.31640625 0.3837890625 0.3203125 0.40234375 0.3037109375 0.40234375 0.2900390625 0.3935546875 0.28125 0.3583984375 0.271484375 0.34765625 0.2744140625
2 1 0.1396484375 0.9990234375 0.10546875 0.9638671875 0.103515625 0.955078125 0.1103515625 0.953125 0.1416015625 0.9580078125 0.1484375 0.96875 0.1474609375 1 0.1396484375
2 0.669921875 0.0615234375 0.66015625 0.0400390625 0.6513671875 0.03125 0.6044921875 0.033203125 0.591796875 0.0478515625 0.59375 0.0654296875 0.646484375 0.0869140625 0.669921875 0.0615234375
2 0.583984375 0.2939453125 0.591796875 0.2724609375 0.5791015625 0.25 0.5537109375 0.23828125 0.525390625 0.2431640625 0.5234375 0.2724609375 0.5283203125 0.28125 0.5439453125 0.2890625 0.583984375 0.2939453125
2 0.63671875 0.5166015625 0.630859375 0.5029296875 0.6181640625 0.498046875 0.5908203125 0.5 0.591796875 0.5322265625 0.6005859375 0.5390625 0.62109375 0.5400390625 0.63671875 0.5166015625
2 0.818359375 0.9619140625 0.814453125 0.9404296875 0.8056640625 0.92578125 0.7919921875 0.923828125 0.7890625 0.9541015625 0.7978515625 0.96484375 0.8125 0.9677734375 0.818359375 0.9619140625
2 0.5625 0.8955078125 0.5625 0.8779296875 0.5458984375 0.869140625 0.5341796875 0.873046875 0.529296875 0.8798828125 0.537109375 0.8994140625 0.556640625 0.9033203125 0.5625 0.8955078125
2 0.00390625 0.7705078125 0.01953125 0.7607421875 0.01953125 0.7509765625 0.0009765625 0.71484375 0.00390625 0.7705078125
2 0.2021484375 0.642578125 0.1767578125 0.638671875 0.171875 0.6435546875 0.1904296875 0.6640625 0.203125 0.6650390625 0.208984375 0.6513671875 0.2021484375 0.642578125
2 0.6923828125 0.458984375 0.712890625 0.4619140625 0.728515625 0.4599609375 0.734375 0.4345703125 0.712890625 0.4052734375 0.712890625 0.3955078125 0.6923828125 0.384765625 0.681640625 0.4052734375 0.685546875 0.4482421875 0.6923828125 0.458984375
2 0.142578125 0.1064453125 0.16796875 0.0830078125 0.16015625 0.0556640625 0.1435546875 0.05078125 0.1123046875 0.0546875 0.095703125 0.0751953125 0.1015625 0.0947265625 0.1142578125 0.103515625 0.142578125 0.1064453125
2 0.595703125 0.8603515625 0.60546875 0.8525390625 0.609375 0.8154296875 0.5927734375 0.8046875 0.5556640625 0.8125 0.552734375 0.8232421875 0.5625 0.8427734375 0.5888671875 0.861328125 0.595703125 0.8603515625