2 0.1455078125 0.517578125 0.14453125 0.4912109375 0.1240234375 0.44921875 0.0927734375 0.4453125 0.078125 0.4541015625 0.08203125 0.5224609375 0.1005859375 0.546875 0.1142578125 0.552734375 0.1318359375 0.55078125 0.142578125 0.5361328125 0.1455078125 0.517578125
2 0.1748046875 0.021484375 0.1650390625 0 0.09765625 0.0009765625 0.1015625 0.0224609375 0.1533203125 0.056640625 0.1611328125 0.05859375 0.171875 0.0498046875 0.1748046875 0.021484375
2 0.3134765625 0.732421875 0.2919921875 0.69921875 0.2783203125 0.69921875 0.26171875 0.7099609375 0.263671875 0.7392578125 0.2861328125 0.7578125 0.3115234375 0.75390625 0.3134765625 0.732421875
2 0.2724609375 0.826171875 0.263671875 0.8173828125 0.26953125 0.7958984375 0.2587890625 0.787109375 0.2255859375 0.783203125 0.205078125 0.7939453125 0.205078125 0.8349609375 0.2236328125 0.853515625 0.2587890625 0.8515625 0.271484375 0.8388671875 0.2724609375 0.826171875
2 0.2998046875 0.92578125 0.28515625 0.9013671875 0.2724609375 0.89453125 0.2607421875 0.900390625 0.2158203125 0.896484375 0.193359375 0.9169921875 0.1953125 0.9580078125 0.2080078125 0.970703125 0.2763671875 0.984375 0.298828125 0.9697265625 0.294921875 0.9443359375 0.2998046875 0.92578125
2 0.4658203125 0.828125 0.4521484375 0.81640625 0.4296875 0.8154296875 0.43359375 0.8330078125 0.4462890625 0.84375 0.4599609375 0.841796875 0.4658203125 0.828125
2 0.4384765625 0.912109375 0.4306640625 0.904296875 0.4072265625 0.90625 0.404296875 0.9228515625 0.4384765625 0.931640625 0.4384765625 0.912109375
2 0.5673828125 0.888671875 0.564453125 0.8759765625 0.5556640625 0.87109375 0.5126953125 0.876953125 0.494140625 0.9033203125 0.5 0.9423828125 0.5283203125 0.951171875 0.5498046875 0.943359375 0.56640625 0.9130859375 0.5673828125 0.888671875
2 0.7060546875 0.912109375 0.6591796875 0.87890625 0.6318359375 0.88671875 0.6171875 0.9072265625 0.6171875 0.9208984375 0.6376953125 0.943359375 0.6826171875 0.943359375 0.6953125 0.9345703125 0.7060546875 0.912109375
2 0.8994140625 0.94140625 0.896484375 0.9111328125 0.8818359375 0.90234375 0.8623046875 0.90234375 0.8232421875 0.919921875 0.802734375 0.9365234375 0.796875 0.9501953125 0.8046875 0.9697265625 0.8232421875 0.986328125 0.8603515625 0.98828125 0.900390625 0.9716796875 0.8994140625 0.94140625
2 0.9951171875 0.642578125 0.990234375 0.6240234375 0.9580078125 0.58984375 0.9296875 0.6025390625 0.9140625 0.6357421875 0.916015625 0.6513671875 0.9365234375 0.666015625 0.9775390625 0.6640625 0.99609375 0.6513671875 0.9951171875 0.642578125
2 0.7236328125 0.818359375 0.7021484375 0.8046875 0.6826171875 0.80859375 0.6640625 0.8251953125 0.666015625 0.8427734375 0.6845703125 0.85546875 0.7099609375 0.857421875 0.724609375 0.8388671875 0.7236328125 0.818359375
2 0.8544921875 0.666015625 0.8369140625 0.642578125 0.8291015625 0.642578125 0.814453125 0.6572265625 0.810546875 0.6767578125 0.8232421875 0.693359375 0.8369140625 0.697265625 0.85546875 0.6865234375 0.8544921875 0.666015625
2 0.8115234375 0.640625 0.7978515625 0.61328125 0.7705078125 0.607421875 0.751953125 0.6416015625 0.751953125 0.6552734375 0.7646484375 0.669921875 0.7880859375 0.673828125 0.806640625 0.6630859375 0.8115234375 0.640625
2 0.8857421875 0.521484375 0.8779296875 0.509765625 0.8173828125 0.5 0.806640625 0.5244140625 0.806640625 0.5439453125 0.8173828125 0.560546875 0.8583984375 0.5703125 0.8798828125 0.568359375 0.88671875 0.5537109375 0.8857421875 0.521484375
2 0.9951171875 0.18359375 0.97265625 0.1591796875 0.9736328125 0.15234375 0.9228515625 0.15625 0.8984375 0.1708984375 0.9140625 0.2177734375 0.9287109375 0.23046875 0.9462890625 0.2265625 0.9638671875 0.23828125 0.9921875 0.2236328125 0.9951171875 0.18359375
2 0.9189453125 0.318359375 0.908203125 0.2958984375 0.8935546875 0.2890625 0.87890625 0.2958984375 0.8671875 0.3271484375 0.8994140625 0.33984375 0.916015625 0.3310546875 0.9189453125 0.318359375
2 0.7001953125 0.521484375 0.6728515625 0.486328125 0.6533203125 0.490234375 0.642578125 0.5048828125 0.6455078125 0.515625 0.6865234375 0.537109375 0.701171875 0.5322265625 0.7001953125 0.521484375
2 0.5517578125 0.66796875 0.5419921875 0.638671875 0.4990234375 0.63671875 0.4921875 0.6435546875 0.4921875 0.6669921875 0.5224609375 0.6953125 0.5478515625 0.69921875 0.5517578125 0.66796875
2 0.5673828125 0.451171875 0.564453125 0.4189453125 0.5498046875 0.41015625 0.5146484375 0.4140625 0.4873046875 0.408203125 0.482421875 0.4130859375 0.48046875 0.4443359375 0.5068359375 0.46875 0.5361328125 0.4765625 0.5673828125 0.4609375 0.5673828125 0.451171875
2 0.2841796875 0.255859375 0.2568359375 0.236328125 0.2353515625 0.234375 0.228515625 0.2373046875 0.2265625 0.2724609375 0.2412109375 0.29296875 0.2744140625 0.298828125 0.283203125 0.2861328125 0.2841796875 0.255859375
2 0.2900390625 0.05859375 0.2822265625 0.0390625 0.265625 0.0458984375 0.263671875 0.0654296875 0.2783203125 0.076171875 0.291015625 0.0732421875 0.2900390625 0.05859375
2 0.3134765625 0.142578125 0.2958984375 0.115234375 0.2822265625 0.115234375 0.2587890625 0.123046875 0.244140625 0.1357421875 0.240234375 0.1591796875 0.2568359375 0.173828125 0.2978515625 0.177734375 0.3125 0.1650390625 0.3134765625 0.142578125
2 0.3212890625 0.576171875 0.3125 0.5341796875 0.2880859375 0.513671875 0.25390625 0.5380859375 0.255859375 0.5751953125 0.2724609375 0.58984375 0.3115234375 0.603515625 0.3212890625 0.576171875
2 0.3896484375 0.4765625 0.3828125 0.4521484375 0.3720703125 0.4453125 0.3388671875 0.443359375 0.32421875 0.4521484375 0.33203125 0.4677734375 0.326171875 0.4931640625 0.3388671875 0.505859375 0.3701171875 0.49609375 0.3896484375 0.4765625
2 0.3798828125 0.357421875 0.3681640625 0.337890625 0.3330078125 0.33984375 0.302734375 0.3583984375 0.30078125 0.3857421875 0.3388671875 0.396484375 0.3642578125 0.39453125 0.37890625 0.3818359375 0.3798828125 0.357421875
2 0.2880859375 0.412109375 0.2685546875 0.392578125 0.251953125 0.4013671875 0.2578125 0.4208984375 0.2763671875 0.43359375 0.2890625 0.4267578125 0.2880859375 0.412109375
2 0.0263671875 0.51171875 0.0224609375 0.5 0.00390625 0.5048828125 0.00390625 0.5322265625 0.0146484375 0.544921875 0.02734375 0.5400390625 0.0263671875 0.51171875
2 0.1357421875 0.9453125 0.1259765625 0.9375 0.1083984375 0.9375 0.1015625 0.9482421875 0.1103515625 0.9609375 0.1240234375 0.962890625 0.134765625 0.9560546875 0.1357421875 0.9453125