2 0.7841796875 0.08984375 0.763671875 0.1005859375 0.76171875 0.1337890625 0.7685546875 0.146484375 0.7802734375 0.15234375 0.8232421875 0.158203125 0.833984375 0.1474609375 0.8369140625 0.130859375 0.833984375 0.1005859375 0.8232421875 0.091796875 0.7841796875 0.08984375
2 0.482421875 0.1240234375 0.484375 0.1611328125 0.4931640625 0.169921875 0.5166015625 0.171875 0.5341796875 0.154296875 0.5341796875 0.1171875 0.5048828125 0.11328125 0.482421875 0.1240234375
2 0.5986328125 0.068359375 0.587890625 0.0771484375 0.576171875 0.1201171875 0.5966796875 0.123046875 0.6279296875 0.099609375 0.62890625 0.0908203125 0.6171875 0.0771484375 0.5986328125 0.068359375
2 0.650390625 0.4462890625 0.6611328125 0.46484375 0.669921875 0.4619140625 0.6787109375 0.443359375 0.6748046875 0.421875 0.654296875 0.4267578125 0.650390625 0.4462890625
2 0.27734375 0.1982421875 0.267578125 0.2041015625 0.265625 0.2255859375 0.2763671875 0.236328125 0.2880859375 0.236328125 0.3017578125 0.201171875 0.302734375 0.1884765625 0.2841796875 0.177734375 0.27734375 0.1982421875
2 0.8544921875 0.55078125 0.833984375 0.5654296875 0.83203125 0.5849609375 0.8505859375 0.59375 0.8759765625 0.5703125 0.875 0.5595703125 0.8662109375 0.55078125 0.8544921875 0.55078125
2 0.3681640625 0.703125 0.359375 0.7138671875 0.359375 0.7587890625 0.4111328125 0.751953125 0.4462890625 0.734375 0.4443359375 0.724609375 0.4130859375 0.703125 0.3681640625 0.703125
2 0.64453125 0.7724609375 0.6708984375 0.798828125 0.6943359375 0.8125 0.703125 0.8115234375 0.697265625 0.8076171875 0.705078125 0.7958984375 0.701171875 0.7841796875 0.7080078125 0.783203125 0.6904296875 0.759765625 0.640625 0.7529296875 0.64453125 0.7724609375
2 0.69140625 0.9189453125 0.6923828125 0.966796875 0.728515625 0.9619140625 0.728515625 0.9169921875 0.7333984375 0.9140625 0.734375 0.9033203125 0.7197265625 0.89453125 0.69140625 0.9189453125
2 0.1484375 0.3154296875 0.142578125 0.3505859375 0.2119140625 0.3671875 0.2236328125 0.345703125 0.220703125 0.3115234375 0.1923828125 0.30078125 0.1484375 0.3154296875
2 0 0.8916015625 0.0087890625 0.8984375 0.0380859375 0.900390625 0.0693359375 0.890625 0.0791015625 0.87890625 0.0498046875 0.833984375 0 0.8408203125 0 0.8916015625
2 0.0185546875 0.548828125 0.0009765625 0.546875 0 0.6142578125 0.0224609375 0.6328125 0.0341796875 0.6328125 0.0517578125 0.6015625 0.05078125 0.5849609375 0.0390625 0.5615234375 0.0185546875 0.548828125
2 0.2041015625 0.91015625 0.2216796875 0.91015625 0.2314453125 0.892578125 0.2294921875 0.86328125 0.203125 0.8740234375 0.2041015625 0.91015625
2 0.73046875 0.8525390625 0.7265625 0.8896484375 0.7373046875 0.8984375 0.7705078125 0.8828125 0.7568359375 0.85546875 0.7412109375 0.849609375 0.73046875 0.8525390625
2 0.87109375 0.9306640625 0.87890625 0.9287109375 0.8623046875 0.927734375 0.849609375 0.9462890625 0.84765625 0.9716796875 0.853515625 0.9873046875 0.8857421875 0.990234375 0.8955078125 0.982421875 0.896484375 0.9658203125 0.880859375 0.9365234375 0.87109375 0.9306640625