2 0.6513671875 0.90625 0.662109375 0.9052734375 0.6826171875 0.8984375 0.70703125 0.8779296875 0.705078125 0.8623046875 0.6923828125 0.84765625 0.6533203125 0.845703125 0.638671875 0.8544921875 0.638671875 0.8974609375 0.6513671875 0.90625
2 0.513671875 0.8544921875 0.4951171875 0.833984375 0.4638671875 0.8359375 0.453125 0.8916015625 0.505859375 0.8994140625 0.515625 0.8837890625 0.513671875 0.8544921875
2 0.568359375 0.8759765625 0.60546875 0.8564453125 0.611328125 0.8212890625 0.6044921875 0.810546875 0.5654296875 0.8125 0.548828125 0.8271484375 0.544921875 0.8486328125 0.55078125 0.8623046875 0.568359375 0.8759765625
2 0.28125 0.8349609375 0.306640625 0.8212890625 0.30859375 0.8017578125 0.2841796875 0.783203125 0.2587890625 0.787109375 0.24609375 0.8037109375 0.251953125 0.8232421875 0.2626953125 0.833984375 0.28125 0.8349609375
2 0.9541015625 0.380859375 0.935546875 0.3896484375 0.931640625 0.4189453125 0.9365234375 0.423828125 1 0.4267578125 0.9990234375 0.37890625 0.9541015625 0.380859375
2 0.59765625 0.4111328125 0.61328125 0.4013671875 0.61328125 0.3740234375 0.5986328125 0.36328125 0.5771484375 0.365234375 0.56640625 0.3779296875 0.5625 0.3974609375 0.5751953125 0.412109375 0.59765625 0.4111328125
2 0.4208984375 0.369140625 0.44140625 0.3486328125 0.4267578125 0.3203125 0.3896484375 0.32421875 0.376953125 0.3388671875 0.37890625 0.3681640625 0.400390625 0.3779296875 0.4208984375 0.369140625
2 0.0390625 0.3349609375 0.072265625 0.3173828125 0.078125 0.2998046875 0.0693359375 0.2890625 0.0400390625 0.28515625 0.01953125 0.2939453125 0.017578125 0.3232421875 0.0263671875 0.333984375 0.0390625 0.3349609375
2 0.85546875 0.3154296875 0.8662109375 0.3125 0.87109375 0.3037109375 0.8642578125 0.29296875 0.8466796875 0.287109375 0.7958984375 0.287109375 0.78515625 0.3037109375 0.7939453125 0.31640625 0.85546875 0.3154296875
2 0.07421875 0.8798828125 0.0703125 0.8544921875 0.0595703125 0.84375 0.0419921875 0.84765625 0.025390625 0.8662109375 0.0439453125 0.890625 0.05078125 0.8896484375 0.07421875 0.8798828125
2 0.80859375 0.6455078125 0.81640625 0.6318359375 0.8134765625 0.6171875 0.7880859375 0.623046875 0.76953125 0.6396484375 0.763671875 0.6630859375 0.771484375 0.6650390625 0.80859375 0.6455078125