2 0.4794921875 0.576171875 0.484375 0.5732421875 0.4921875 0.5419921875 0.4814453125 0.51953125 0.4365234375 0.513671875 0.4169921875 0.53515625 0.416015625 0.5498046875 0.4296875 0.5615234375 0.4306640625 0.5703125 0.4580078125 0.56640625 0.4794921875 0.576171875
2 0.5078125 0.2470703125 0.509765625 0.2119140625 0.4970703125 0.201171875 0.4736328125 0.201171875 0.462890625 0.2158203125 0.4619140625 0.232421875 0.462890625 0.2548828125 0.4775390625 0.263671875 0.4912109375 0.263671875 0.5078125 0.2470703125
2 0.3359375 0.9775390625 0.345703125 0.9228515625 0.3349609375 0.908203125 0.3251953125 0.90234375 0.2880859375 0.90625 0.2822265625 0.93359375 0.283203125 0.9794921875 0.2900390625 0.98828125 0.3173828125 0.98828125 0.3359375 0.9775390625
2 0.65625 0.9052734375 0.6630859375 0.912109375 0.69140625 0.8837890625 0.69140625 0.8544921875 0.6689453125 0.83984375 0.6513671875 0.84375 0.65625 0.9052734375
2 0.736328125 0.9287109375 0.7529296875 0.93359375 0.759765625 0.9130859375 0.7578125 0.8974609375 0.7451171875 0.89453125 0.7353515625 0.904296875 0.736328125 0.9287109375
2 0.8056640625 1 0.810546875 0.9658203125 0.8037109375 0.95703125 0.7880859375 0.953125 0.7548828125 0.98046875 0.7568359375 1 0.8056640625 1
2 0.8193359375 0.701171875 0.833984375 0.6884765625 0.833984375 0.6767578125 0.8193359375 0.662109375 0.7978515625 0.6640625 0.7802734375 0.6796875 0.779296875 0.6923828125 0.7998046875 0.703125 0.8193359375 0.701171875
2 0.7294921875 0.70703125 0.7451171875 0.7109375 0.767578125 0.6923828125 0.77734375 0.6630859375 0.7607421875 0.6640625 0.7275390625 0.6953125 0.7294921875 0.70703125
2 0.9755859375 0.33984375 0.98828125 0.3232421875 0.98828125 0.3115234375 0.9853515625 0.306640625 0.9697265625 0.30859375 0.9599609375 0.322265625 0.958984375 0.3291015625 0.9755859375 0.33984375
2 0.5341796875 0 0.533203125 0.0068359375 0.5517578125 0.03515625 0.5703125 0.0341796875 0.5673828125 0 0.5341796875 0
2 0.4599609375 0.71484375 0.474609375 0.7041015625 0.478515625 0.6787109375 0.4658203125 0.650390625 0.4384765625 0.64453125 0.4130859375 0.662109375 0.419921875 0.6884765625 0.4384765625 0.708984375 0.4599609375 0.71484375
2 0.09375 0.3974609375 0.09765625 0.3857421875 0.0810546875 0.353515625 0.0537109375 0.34375 0.04296875 0.3486328125 0.0341796875 0.375 0.041015625 0.3974609375 0.0556640625 0.40625 0.0830078125 0.404296875 0.09375 0.3974609375
2 0.58984375 0.9033203125 0.6044921875 0.908203125 0.619140625 0.8935546875 0.62890625 0.8427734375 0.6123046875 0.828125 0.5908203125 0.8359375 0.58984375 0.9033203125