2 0.4384765625 0.5703125 0.4501953125 0.583984375 0.46484375 0.5830078125 0.486328125 0.5634765625 0.48046875 0.5185546875 0.4580078125 0.5078125 0.4267578125 0.515625 0.423828125 0.5205078125 0.43359375 0.5419921875 0.4296875 0.5693359375 0.4384765625 0.5703125
2 0.7451171875 0.537109375 0.767578125 0.5380859375 0.7841796875 0.537109375 0.798828125 0.5263671875 0.798828125 0.5029296875 0.7880859375 0.490234375 0.7529296875 0.4921875 0.736328125 0.5087890625 0.736328125 0.5224609375 0.7451171875 0.537109375
2 0.0205078125 0.716796875 0.06640625 0.7177734375 0.09375 0.7119140625 0.09765625 0.6748046875 0.091796875 0.6650390625 0.0771484375 0.654296875 0.0224609375 0.6640625 0.01171875 0.6826171875 0.01171875 0.7099609375 0.0205078125 0.716796875
2 0.1455078125 0.30859375 0.1162109375 0.30859375 0.087890625 0.3369140625 0.0947265625 0.34375 0.15625 0.3486328125 0.16015625 0.3310546875 0.1455078125 0.30859375
2 0.1025390625 0.2421875 0.0869140625 0.240234375 0.06640625 0.2470703125 0.0712890625 0.263671875 0.095703125 0.2646484375 0.10546875 0.2548828125 0.1025390625 0.2421875
2 0 0.2431640625 0.01953125 0.2451171875 0.046875 0.2119140625 0.04296875 0.1962890625 0.0341796875 0.189453125 0 0.1943359375 0 0.2431640625
2 0.3203125 0.2197265625 0.3359375 0.2021484375 0.337890625 0.1806640625 0.3232421875 0.166015625 0.3115234375 0.166015625 0.298828125 0.1806640625 0.296875 0.2001953125 0.3076171875 0.220703125 0.3203125 0.2197265625
2 0.3369140625 0.22265625 0.3076171875 0.232421875 0.2890625 0.2548828125 0.29296875 0.2705078125 0.3046875 0.2724609375 0.3359375 0.2392578125 0.3369140625 0.22265625
2 0.69140625 0.0302734375 0.693359375 0.0146484375 0.6884765625 0.01171875 0.6767578125 0.01171875 0.66015625 0.0244140625 0.6708984375 0.041015625 0.677734375 0.0400390625 0.69140625 0.0302734375
2 1 0.4326171875 0.9658203125 0.4296875 0.96484375 0.4482421875 0.9931640625 0.466796875 1 0.4658203125 1 0.4326171875
2 0.337890625 0.5869140625 0.35546875 0.5615234375 0.349609375 0.5341796875 0.3212890625 0.521484375 0.2958984375 0.525390625 0.28515625 0.5400390625 0.291015625 0.5615234375 0.3115234375 0.580078125 0.337890625 0.5869140625
2 0.6025390625 0.958984375 0.625 0.9658203125 0.6513671875 0.95703125 0.65625 0.9462890625 0.646484375 0.9189453125 0.6142578125 0.90234375 0.6025390625 0.90625 0.595703125 0.9169921875 0.59375 0.9443359375 0.6025390625 0.958984375
2 0.1572265625 0.37109375 0.1064453125 0.380859375 0.091796875 0.3955078125 0.0966796875 0.41015625 0.1640625 0.4091796875 0.171875 0.3876953125 0.1572265625 0.37109375