2 0.828125 0.4580078125 0.8388671875 0.474609375 0.8544921875 0.482421875 0.8671875 0.4814453125 0.884765625 0.4755859375 0.8984375 0.4404296875 0.896484375 0.4326171875 0.8818359375 0.431640625 0.8701171875 0.416015625 0.8408203125 0.416015625 0.82421875 0.4404296875 0.828125 0.4580078125
2 0.37109375 0.4716796875 0.40625 0.4443359375 0.408203125 0.4150390625 0.4033203125 0.41015625 0.3310546875 0.416015625 0.322265625 0.4228515625 0.3203125 0.4326171875 0.33984375 0.4677734375 0.37109375 0.4716796875
2 0.125 0.7568359375 0.138671875 0.7392578125 0.138671875 0.7138671875 0.1025390625 0.693359375 0.0751953125 0.689453125 0.06640625 0.7001953125 0.068359375 0.7451171875 0.0908203125 0.7578125 0.125 0.7568359375
2 0.587890625 0.7373046875 0.587890625 0.7177734375 0.5712890625 0.70703125 0.5400390625 0.708984375 0.529296875 0.7216796875 0.52734375 0.7548828125 0.568359375 0.7587890625 0.587890625 0.7373046875
2 1 0.8662109375 0.9755859375 0.853515625 0.9599609375 0.853515625 0.958984375 0.8857421875 0.9697265625 0.892578125 0.984375 0.8916015625 1 0.8876953125 1 0.8662109375
2 0.640625 0.4658203125 0.6259765625 0.453125 0.6025390625 0.455078125 0.5986328125 0.44921875 0.591796875 0.4638671875 0.591796875 0.4970703125 0.642578125 0.4990234375 0.640625 0.4658203125
2 0.7158203125 0.564453125 0.73046875 0.5654296875 0.724609375 0.5576171875 0.7294921875 0.546875 0.7041015625 0.541015625 0.689453125 0.5517578125 0.689453125 0.5712890625 0.681640625 0.5810546875 0.6875 0.6103515625 0.697265625 0.6142578125 0.7109375 0.6083984375 0.708984375 0.6025390625 0.71875 0.5927734375 0.7109375 0.5869140625 0.728515625 0.5771484375 0.7216796875 0.5703125 0.708984375 0.5712890625 0.7158203125 0.564453125
2 0.40234375 0.7080078125 0.400390625 0.6943359375 0.3837890625 0.6796875 0.3505859375 0.68359375 0.34375 0.7001953125 0.3564453125 0.7265625 0.37109375 0.7255859375 0.40234375 0.7080078125
2 0.8154296875 0.033203125 0.7978515625 0.037109375 0.791015625 0.0478515625 0.791015625 0.0712890625 0.80078125 0.0771484375 0.814453125 0.0634765625 0.8154296875 0.033203125
2 0.564453125 0.1064453125 0.5478515625 0.095703125 0.53515625 0.1064453125 0.53125 0.1259765625 0.552734375 0.1318359375 0.564453125 0.1240234375 0.564453125 0.1064453125
2 0.5615234375 0.814453125 0.5302734375 0.8125 0.513671875 0.8193359375 0.5185546875 0.8359375 0.541015625 0.8388671875 0.55859375 0.8251953125 0.5615234375 0.814453125
2 0.21484375 0.3623046875 0.2099609375 0.3359375 0.173828125 0.3388671875 0.177734375 0.3447265625 0.169921875 0.3564453125 0.171875 0.3662109375 0.19140625 0.3681640625 0.21484375 0.3623046875
2 0.001953125 0.3076171875 0.033203125 0.2373046875 0.0068359375 0.216796875 0 0.2177734375 0.001953125 0.3076171875
2 0.5390625 0.6572265625 0.548828125 0.6533203125 0.546875 0.6455078125 0.556640625 0.6298828125 0.5498046875 0.6171875 0.5283203125 0.62890625 0.51953125 0.6455078125 0.5322265625 0.658203125 0.5390625 0.6572265625
2 0.6630859375 0.94140625 0.6640625 0.9345703125 0.6494140625 0.9140625 0.6025390625 0.923828125 0.59375 0.9345703125 0.6025390625 0.947265625 0.650390625 0.9462890625 0.6630859375 0.94140625
2 0.5634765625 0.1875 0.576171875 0.1884765625 0.5986328125 0.18359375 0.609375 0.1748046875 0.60546875 0.1455078125 0.5869140625 0.1328125 0.5673828125 0.134765625 0.548828125 0.1533203125 0.55078125 0.1767578125 0.5634765625 0.1875