2 0.935546875 0.3857421875 0.9296875 0.4091796875 0.9345703125 0.4609375 1 0.4580078125 0.9990234375 0.375 0.9521484375 0.37890625 0.935546875 0.3857421875
2 0.8583984375 0.31640625 0.869140625 0.3095703125 0.8681640625 0.298828125 0.8544921875 0.287109375 0.7978515625 0.28515625 0.78515625 0.2939453125 0.783203125 0.3134765625 0.7978515625 0.318359375 0.8583984375 0.31640625
2 0.634765625 0.8974609375 0.6494140625 0.90625 0.6845703125 0.8984375 0.70703125 0.8798828125 0.7060546875 0.857421875 0.6884765625 0.845703125 0.6650390625 0.84375 0.6435546875 0.849609375 0.6328125 0.8623046875 0.634765625 0.8974609375
2 0.453125 0.8916015625 0.4736328125 0.90625 0.5068359375 0.904296875 0.515625 0.8935546875 0.5185546875 0.87109375 0.5126953125 0.84765625 0.4931640625 0.833984375 0.4716796875 0.833984375 0.4609375 0.8408203125 0.453125 0.8916015625
2 0.6142578125 0.80859375 0.5888671875 0.806640625 0.5615234375 0.814453125 0.552734375 0.8232421875 0.546875 0.8486328125 0.5634765625 0.875 0.60546875 0.8583984375 0.6142578125 0.80859375
2 0.31640625 0.7333984375 0.3251953125 0.7421875 0.3876953125 0.74609375 0.400390625 0.7255859375 0.4013671875 0.693359375 0.396484375 0.6728515625 0.3818359375 0.662109375 0.3408203125 0.6640625 0.318359375 0.6845703125 0.31640625 0.7333984375
2 0.443359375 0.6826171875 0.4453125 0.7255859375 0.4599609375 0.732421875 0.4951171875 0.732421875 0.5107421875 0.7265625 0.51953125 0.7197265625 0.5224609375 0.6796875 0.521484375 0.6708984375 0.5087890625 0.66015625 0.4541015625 0.65625 0.443359375 0.6826171875
2 0.2705078125 0.837890625 0.3037109375 0.830078125 0.3134765625 0.81640625 0.3125 0.7958984375 0.2880859375 0.783203125 0.2568359375 0.78515625 0.2421875 0.8017578125 0.25 0.8271484375 0.2705078125 0.837890625
2 0.2109375 0.1201171875 0.2109375 0.1494140625 0.2197265625 0.15625 0.2392578125 0.15625 0.2509765625 0.150390625 0.2626953125 0.1328125 0.2802734375 0.12890625 0.287109375 0.1162109375 0.2861328125 0.091796875 0.2548828125 0.078125 0.2353515625 0.080078125 0.2109375 0.1201171875
2 0.0517578125 0.33203125 0.072265625 0.3154296875 0.0732421875 0.29296875 0.0615234375 0.287109375 0.0087890625 0.2890625 0.001953125 0.2998046875 0.00390625 0.3193359375 0.0263671875 0.3359375 0.0517578125 0.33203125
2 0.6142578125 0.37109375 0.6005859375 0.36328125 0.5712890625 0.3671875 0.5546875 0.3876953125 0.55078125 0.4111328125 0.6064453125 0.412109375 0.615234375 0.3994140625 0.6142578125 0.37109375
2 0.4208984375 0.38671875 0.4453125 0.3740234375 0.4521484375 0.34765625 0.4248046875 0.31640625 0.3916015625 0.322265625 0.375 0.3369140625 0.375 0.3681640625 0.3916015625 0.3828125 0.4208984375 0.38671875
2 0.712890625 0.6083984375 0.7275390625 0.619140625 0.7412109375 0.6171875 0.7548828125 0.625 0.7998046875 0.61328125 0.8203125 0.5810546875 0.8212890625 0.556640625 0.8154296875 0.544921875 0.7373046875 0.544921875 0.708984375 0.5869140625 0.712890625 0.6083984375