2 0.0634765625 0.34765625 0.087890625 0.3427734375 0.09765625 0.3212890625 0.0888671875 0.283203125 0.0556640625 0.279296875 0.0126953125 0.287109375 0.01171875 0.3193359375 0.0244140625 0.337890625 0.0634765625 0.34765625
2 0.7880859375 0.509765625 0.798828125 0.4990234375 0.798828125 0.4716796875 0.7802734375 0.451171875 0.7568359375 0.451171875 0.736328125 0.4658203125 0.7353515625 0.47265625 0.734375 0.4912109375 0.7451171875 0.501953125 0.7880859375 0.509765625
2 0.646484375 0.0791015625 0.65625 0.0458984375 0.6181640625 0.033203125 0.59765625 0.0458984375 0.5927734375 0.05859375 0.599609375 0.0888671875 0.6162109375 0.095703125 0.646484375 0.0791015625
2 0.4521484375 0.51171875 0.4912109375 0.51953125 0.5 0.4833984375 0.5078125 0.4755859375 0.5078125 0.4521484375 0.4931640625 0.427734375 0.4716796875 0.421875 0.4619140625 0.412109375 0.4404296875 0.421875 0.4306640625 0.419921875 0.421875 0.4384765625 0.4296875 0.4521484375 0.421875 0.4541015625 0.42578125 0.4697265625 0.4189453125 0.474609375 0.4169921875 0.46484375 0.4111328125 0.482421875 0.4140625 0.5048828125 0.4306640625 0.521484375 0.4521484375 0.51171875
2 0.42578125 0.3349609375 0.43359375 0.3505859375 0.4638671875 0.36328125 0.4814453125 0.361328125 0.494140625 0.3466796875 0.498046875 0.3251953125 0.4921875 0.2958984375 0.474609375 0.2587890625 0.4599609375 0.248046875 0.4443359375 0.255859375 0.4267578125 0.251953125 0.4150390625 0.27734375 0.416015625 0.2998046875 0.423828125 0.3076171875 0.42578125 0.3349609375
2 0.9619140625 0.69140625 0.9765625 0.6728515625 0.974609375 0.6533203125 0.9619140625 0.640625 0.9248046875 0.642578125 0.9111328125 0.654296875 0.912109375 0.6728515625 0.9326171875 0.69140625 0.9619140625 0.69140625
2 0.54296875 0.9306640625 0.5380859375 0.919921875 0.5166015625 0.9140625 0.4912109375 0.91796875 0.4931640625 0.92578125 0.5068359375 0.93359375 0.54296875 0.9306640625
2 0.4921875 0.9052734375 0.4921875 0.8935546875 0.4833984375 0.88671875 0.4619140625 0.8828125 0.4501953125 0.888671875 0.451171875 0.8994140625 0.4638671875 0.908203125 0.4921875 0.9052734375
2 0.1494140625 0.892578125 0.2119140625 0.89453125 0.228515625 0.8798828125 0.2255859375 0.8671875 0.1923828125 0.85546875 0.1376953125 0.85546875 0.1162109375 0.865234375 0.115234375 0.8779296875 0.1220703125 0.884765625 0.1494140625 0.892578125
2 0.3359375 0.8212890625 0.333984375 0.7958984375 0.3193359375 0.779296875 0.306640625 0.7802734375 0.2998046875 0.798828125 0.3046875 0.8193359375 0.3154296875 0.83203125 0.3359375 0.8212890625
2 0.3818359375 0.892578125 0.396484375 0.8837890625 0.3857421875 0.875 0.3486328125 0.875 0.34765625 0.8837890625 0.3583984375 0.890625 0.3818359375 0.892578125
2 0.1474609375 0.681640625 0.158203125 0.6650390625 0.1533203125 0.65625 0.0869140625 0.662109375 0.1025390625 0.677734375 0.1279296875 0.68359375 0.1474609375 0.681640625
2 0.107421875 0.7431640625 0.0986328125 0.734375 0.0693359375 0.734375 0.0654296875 0.740234375 0.0693359375 0.755859375 0.107421875 0.7548828125 0.107421875 0.7431640625
2 0.3837890625 0.705078125 0.4091796875 0.69921875 0.423828125 0.6884765625 0.427734375 0.6767578125 0.42578125 0.6513671875 0.3935546875 0.62890625 0.3759765625 0.62890625 0.3486328125 0.662109375 0.349609375 0.6787109375 0.3720703125 0.701171875 0.3837890625 0.705078125
2 0.353515625 0.4658203125 0.353515625 0.4326171875 0.34765625 0.4189453125 0.3330078125 0.41015625 0.3115234375 0.41796875 0.2822265625 0.451171875 0.2919921875 0.474609375 0.3369140625 0.474609375 0.353515625 0.4658203125