2 0.123046875 0.9521484375 0.1015625 0.9326171875 0.0771484375 0.935546875 0.0546875 0.9482421875 0.048828125 0.9716796875 0.0576171875 0.990234375 0.0849609375 0.99609375 0.1171875 0.9873046875 0.123046875 0.9521484375
2 0.1845703125 0.94140625 0.1962890625 0.943359375 0.205078125 0.9150390625 0.189453125 0.8974609375 0.17578125 0.9033203125 0.173828125 0.9248046875 0.1845703125 0.94140625
2 0.24609375 0.8154296875 0.236328125 0.8017578125 0.2236328125 0.802734375 0.216796875 0.8115234375 0.216796875 0.8408203125 0.2216796875 0.84375 0.2392578125 0.841796875 0.248046875 0.8330078125 0.24609375 0.8154296875
2 0.09375 0.8212890625 0.09375 0.8056640625 0.080078125 0.7900390625 0.05859375 0.8056640625 0.05859375 0.8134765625 0.0732421875 0.830078125 0.0849609375 0.83203125 0.09375 0.8212890625
2 0.416015625 0.9619140625 0.40234375 0.9501953125 0.3740234375 0.951171875 0.3671875 0.9580078125 0.361328125 0.9814453125 0.3662109375 0.99609375 0.3974609375 0.998046875 0.412109375 0.9853515625 0.416015625 0.9619140625
2 0.544921875 0.8916015625 0.546875 0.8740234375 0.541015625 0.8701171875 0.513671875 0.8779296875 0.509765625 0.8857421875 0.5205078125 0.900390625 0.5322265625 0.90234375 0.544921875 0.8916015625
2 0.900390625 0.8935546875 0.890625 0.8876953125 0.8798828125 0.888671875 0.873046875 0.9013671875 0.873046875 0.9267578125 0.8818359375 0.93359375 0.89453125 0.9248046875 0.900390625 0.9111328125 0.900390625 0.8935546875
2 0.61328125 0.7119140625 0.6015625 0.6962890625 0.5849609375 0.6953125 0.560546875 0.7119140625 0.55859375 0.7333984375 0.5673828125 0.748046875 0.6005859375 0.75 0.61328125 0.7451171875 0.61328125 0.7119140625
2 0.787109375 0.6279296875 0.765625 0.6181640625 0.7451171875 0.62109375 0.73046875 0.6357421875 0.72265625 0.6552734375 0.7294921875 0.673828125 0.7685546875 0.673828125 0.783203125 0.6611328125 0.787109375 0.6279296875
2 1 0.4931640625 0.986328125 0.4814453125 0.9638671875 0.482421875 0.943359375 0.4970703125 0.9375 0.5087890625 0.9375 0.5517578125 0.9619140625 0.56640625 0.9833984375 0.55078125 1 0.5478515625 1 0.4931640625
2 0.8603515625 0.50390625 0.82421875 0.4990234375 0.78125 0.5087890625 0.7822265625 0.548828125 0.8095703125 0.556640625 0.8623046875 0.546875 0.87109375 0.5400390625 0.869140625 0.5126953125 0.8603515625 0.50390625
2 0.677734375 0.5419921875 0.658203125 0.5146484375 0.6416015625 0.513671875 0.611328125 0.5380859375 0.611328125 0.5791015625 0.6162109375 0.5859375 0.6376953125 0.591796875 0.666015625 0.5771484375 0.677734375 0.5419921875
2 0.634765625 0.3740234375 0.619140625 0.3642578125 0.5927734375 0.3671875 0.578125 0.3857421875 0.576171875 0.4091796875 0.5927734375 0.423828125 0.6259765625 0.4140625 0.638671875 0.3935546875 0.634765625 0.3740234375
2 0.2705078125 0.53515625 0.255859375 0.5341796875 0.2314453125 0.5390625 0.220703125 0.5654296875 0.2314453125 0.587890625 0.2626953125 0.595703125 0.28125 0.5849609375 0.287109375 0.5576171875 0.2705078125 0.53515625
2 0.5400390625 0.2890625 0.5849609375 0.291015625 0.5966796875 0.283203125 0.6123046875 0.28515625 0.6171875 0.2763671875 0.62109375 0.2412109375 0.611328125 0.2236328125 0.6005859375 0.21484375 0.5888671875 0.22265625 0.572265625 0.2119140625 0.5537109375 0.21484375 0.53125 0.2333984375 0.53125 0.2822265625 0.5400390625 0.2890625
2 0.0947265625 0.509765625 0.1015625 0.4970703125 0.07421875 0.4677734375 0.0634765625 0.46875 0.05859375 0.4775390625 0.05859375 0.4990234375 0.0791015625 0.51171875 0.0947265625 0.509765625
2 0.306640625 0.4013671875 0.298828125 0.3955078125 0.2626953125 0.3984375 0.2529296875 0.404296875 0.248046875 0.4443359375 0.2822265625 0.447265625 0.2978515625 0.4375 0.30859375 0.4189453125 0.306640625 0.4013671875
2 0.78515625 0.4208984375 0.77734375 0.4072265625 0.7578125 0.3994140625 0.73046875 0.4013671875 0.7333984375 0.4375 0.7724609375 0.439453125 0.783203125 0.4345703125 0.78515625 0.4208984375
2 0.5078125 0.2138671875 0.5078125 0.1884765625 0.48828125 0.1904296875 0.4912109375 0.21875 0.5078125 0.2138671875
2 0.359375 0.3720703125 0.3525390625 0.365234375 0.322265625 0.3544921875 0.306640625 0.3583984375 0.3154296875 0.373046875 0.3388671875 0.384765625 0.359375 0.3837890625 0.359375 0.3720703125