2 0.1015625 0.0673828125 0.123046875 0.0478515625 0.1171875 0.0126953125 0.0849609375 0.00390625 0.0576171875 0.009765625 0.048828125 0.0283203125 0.0546875 0.0517578125 0.0771484375 0.064453125 0.1015625 0.0673828125
2 0.173828125 0.0751953125 0.17578125 0.0966796875 0.189453125 0.1025390625 0.205078125 0.0849609375 0.1962890625 0.056640625 0.1845703125 0.05859375 0.173828125 0.0751953125
2 0.236328125 0.1982421875 0.24609375 0.1845703125 0.248046875 0.1669921875 0.2392578125 0.158203125 0.2216796875 0.15625 0.216796875 0.1591796875 0.216796875 0.1884765625 0.2236328125 0.197265625 0.236328125 0.1982421875
2 0.09375 0.1787109375 0.0849609375 0.16796875 0.0732421875 0.169921875 0.05859375 0.1865234375 0.05859375 0.1943359375 0.080078125 0.2099609375 0.09375 0.1943359375 0.09375 0.1787109375
2 0.40234375 0.0498046875 0.416015625 0.0380859375 0.412109375 0.0146484375 0.3974609375 0.001953125 0.3662109375 0.00390625 0.361328125 0.0185546875 0.3671875 0.0419921875 0.3740234375 0.048828125 0.40234375 0.0498046875
2 0.544921875 0.1083984375 0.5322265625 0.09765625 0.5205078125 0.099609375 0.509765625 0.1142578125 0.513671875 0.1220703125 0.541015625 0.1298828125 0.546875 0.1259765625 0.544921875 0.1083984375
2 0.890625 0.1123046875 0.900390625 0.1064453125 0.900390625 0.0888671875 0.89453125 0.0751953125 0.8818359375 0.06640625 0.873046875 0.0732421875 0.873046875 0.0986328125 0.8798828125 0.111328125 0.890625 0.1123046875
2 0.6015625 0.3037109375 0.61328125 0.2880859375 0.61328125 0.2548828125 0.6005859375 0.25 0.5673828125 0.251953125 0.55859375 0.2666015625 0.560546875 0.2880859375 0.5849609375 0.3046875 0.6015625 0.3037109375
2 0.765625 0.3818359375 0.787109375 0.3720703125 0.783203125 0.3388671875 0.7685546875 0.326171875 0.7294921875 0.326171875 0.72265625 0.3447265625 0.73046875 0.3642578125 0.7451171875 0.37890625 0.765625 0.3818359375
2 1 0.4521484375 0.9833984375 0.44921875 0.9619140625 0.43359375 0.9375 0.4482421875 0.9375 0.4912109375 0.943359375 0.5029296875 0.9638671875 0.517578125 0.986328125 0.5185546875 1 0.5068359375 1 0.4521484375
2 0.82421875 0.5009765625 0.8603515625 0.49609375 0.869140625 0.4873046875 0.87109375 0.4599609375 0.8623046875 0.453125 0.8095703125 0.443359375 0.7822265625 0.451171875 0.78125 0.4912109375 0.82421875 0.5009765625
2 0.658203125 0.4853515625 0.677734375 0.4580078125 0.666015625 0.4228515625 0.6376953125 0.408203125 0.6162109375 0.4140625 0.611328125 0.4208984375 0.611328125 0.4619140625 0.6416015625 0.486328125 0.658203125 0.4853515625
2 0.619140625 0.6357421875 0.634765625 0.6259765625 0.638671875 0.6064453125 0.6259765625 0.5859375 0.5927734375 0.576171875 0.576171875 0.5908203125 0.578125 0.6142578125 0.5927734375 0.6328125 0.619140625 0.6357421875
2 0.255859375 0.4658203125 0.2705078125 0.46484375 0.287109375 0.4423828125 0.28125 0.4150390625 0.2626953125 0.404296875 0.2314453125 0.412109375 0.220703125 0.4345703125 0.2314453125 0.4609375 0.255859375 0.4658203125
2 0.611328125 0.7763671875 0.62109375 0.7587890625 0.6171875 0.7236328125 0.6123046875 0.71484375 0.5966796875 0.716796875 0.5849609375 0.708984375 0.5400390625 0.7109375 0.53125 0.7177734375 0.53125 0.7666015625 0.5537109375 0.78515625 0.572265625 0.7880859375 0.5888671875 0.77734375 0.6005859375 0.78515625 0.611328125 0.7763671875
2 0.0947265625 0.490234375 0.0791015625 0.48828125 0.05859375 0.5009765625 0.05859375 0.5224609375 0.0634765625 0.53125 0.07421875 0.5322265625 0.1015625 0.5029296875 0.0947265625 0.490234375
2 0.298828125 0.6044921875 0.306640625 0.5986328125 0.30859375 0.5810546875 0.2978515625 0.5625 0.2822265625 0.552734375 0.248046875 0.5556640625 0.2529296875 0.595703125 0.2626953125 0.6015625 0.298828125 0.6044921875
2 0.78515625 0.5791015625 0.783203125 0.5654296875 0.7724609375 0.560546875 0.7333984375 0.5625 0.73046875 0.5986328125 0.7578125 0.6005859375 0.77734375 0.5927734375 0.78515625 0.5791015625
2 0.5078125 0.8115234375 0.5078125 0.7861328125 0.4912109375 0.78125 0.48828125 0.8095703125 0.5078125 0.8115234375
2 0.359375 0.6279296875 0.359375 0.6162109375 0.3388671875 0.615234375 0.3154296875 0.626953125 0.306640625 0.6416015625 0.322265625 0.6455078125 0.3525390625 0.634765625 0.359375 0.6279296875