2 0.9619140625 0 0.9619140625 0.013671875 0.9794921875 0.048828125 1 0.0498046875 0.9990234375 0 0.9619140625 0
2 0.7841796875 0.40625 0.7900390625 0.412109375 0.8134765625 0.41015625 0.8349609375 0.419921875 0.849609375 0.4052734375 0.849609375 0.3740234375 0.8330078125 0.359375 0.8095703125 0.357421875 0.80078125 0.3798828125 0.78515625 0.3916015625 0.7841796875 0.40625
2 0.5771484375 0.279296875 0.6103515625 0.283203125 0.6328125 0.2666015625 0.64453125 0.2314453125 0.642578125 0.2158203125 0.6123046875 0.205078125 0.5732421875 0.21484375 0.560546875 0.2275390625 0.5556640625 0.25390625 0.5771484375 0.279296875
2 0.3486328125 0.447265625 0.3564453125 0.47265625 0.4072265625 0.474609375 0.4296875 0.4619140625 0.439453125 0.4482421875 0.439453125 0.4326171875 0.4228515625 0.412109375 0.3935546875 0.404296875 0.3720703125 0.41015625 0.3515625 0.4306640625 0.3486328125 0.447265625
2 0.3857421875 0.484375 0.3544921875 0.484375 0.3251953125 0.505859375 0.3486328125 0.533203125 0.3779296875 0.5390625 0.400390625 0.5029296875 0.3857421875 0.484375
2 0.435546875 0.6572265625 0.4521484375 0.66015625 0.470703125 0.6474609375 0.474609375 0.6220703125 0.4658203125 0.609375 0.4521484375 0.60546875 0.4306640625 0.61328125 0.423828125 0.6201171875 0.4248046875 0.62890625 0.435546875 0.6572265625
2 0.5498046875 0.392578125 0.5703125 0.3798828125 0.57421875 0.3603515625 0.5615234375 0.341796875 0.5400390625 0.33984375 0.5234375 0.3564453125 0.5224609375 0.376953125 0.5263671875 0.390625 0.5498046875 0.392578125
2 0.59765625 0.6552734375 0.6162109375 0.6640625 0.6455078125 0.658203125 0.650390625 0.6435546875 0.642578125 0.6123046875 0.6318359375 0.607421875 0.6025390625 0.615234375 0.591796875 0.6318359375 0.5927734375 0.640625 0.59765625 0.6552734375
2 0.7265625 0.5087890625 0.7275390625 0.5546875 0.7373046875 0.578125 0.7607421875 0.58203125 0.775390625 0.5693359375 0.775390625 0.5498046875 0.787109375 0.5380859375 0.78515625 0.5224609375 0.7763671875 0.51953125 0.7607421875 0.498046875 0.7353515625 0.5 0.7265625 0.5087890625
2 0.744140625 0.8037109375 0.7421875 0.7666015625 0.7060546875 0.765625 0.6953125 0.7783203125 0.6904296875 0.806640625 0.7177734375 0.8203125 0.7353515625 0.81640625 0.744140625 0.8037109375
2 0.6982421875 0.87890625 0.7255859375 0.89453125 0.740234375 0.8916015625 0.751953125 0.8603515625 0.751953125 0.8427734375 0.7431640625 0.833984375 0.7060546875 0.830078125 0.6953125 0.8388671875 0.6923828125 0.853515625 0.6982421875 0.87890625
2 0.6650390625 0.986328125 0.6875 0.9638671875 0.685546875 0.9306640625 0.6767578125 0.923828125 0.6552734375 0.92578125 0.630859375 0.9619140625 0.6318359375 0.974609375 0.6513671875 0.986328125 0.6650390625 0.986328125
2 0.416015625 0.9560546875 0.4130859375 0.98046875 0.4169921875 1 0.484375 0.9990234375 0.48828125 0.9443359375 0.509765625 0.9169921875 0.509765625 0.9033203125 0.4951171875 0.88671875 0.4755859375 0.8828125 0.453125 0.8955078125 0.447265625 0.9248046875 0.416015625 0.9560546875
2 0.388671875 0.8369140625 0.408203125 0.7919921875 0.4013671875 0.748046875 0.3818359375 0.74609375 0.353515625 0.7587890625 0.345703125 0.7783203125 0.3447265625 0.810546875 0.3544921875 0.833984375 0.388671875 0.8369140625
2 0.1552734375 1 0.16015625 0.9814453125 0.150390625 0.9541015625 0.1416015625 0.94921875 0.1181640625 0.95703125 0.103515625 0.9716796875 0.0947265625 1 0.1552734375 1
2 0.7255859375 0.607421875 0.71484375 0.6162109375 0.7021484375 0.662109375 0.7353515625 0.66796875 0.74609375 0.6591796875 0.7470703125 0.607421875 0.7255859375 0.607421875
2 0.904296875 0.8427734375 0.90234375 0.8291015625 0.8837890625 0.814453125 0.8623046875 0.814453125 0.8603515625 0.8359375 0.8662109375 0.845703125 0.8837890625 0.8515625 0.904296875 0.8427734375
2 0.8525390625 0.955078125 0.86328125 0.9521484375 0.857421875 0.9072265625 0.8486328125 0.8984375 0.8115234375 0.90625 0.8046875 0.9130859375 0.8056640625 0.9296875 0.8251953125 0.947265625 0.8525390625 0.955078125
2 0.8046875 0.1376953125 0.8125 0.1416015625 0.8046875 0.1513671875 0.8056640625 0.189453125 0.8271484375 0.203125 0.8837890625 0.201171875 0.896484375 0.1767578125 0.896484375 0.1533203125 0.8828125 0.1240234375 0.8466796875 0.126953125 0.8408203125 0.111328125 0.8291015625 0.111328125 0.8203125 0.1279296875 0.8046875 0.1376953125