2 0.8330078125 0.51953125 0.83984375 0.5068359375 0.837890625 0.4892578125 0.8232421875 0.482421875 0.8056640625 0.486328125 0.810546875 0.5146484375 0.8212890625 0.521484375 0.8330078125 0.51953125
2 0.892578125 0.5888671875 0.896484375 0.5771484375 0.8876953125 0.56640625 0.8603515625 0.5625 0.859375 0.5693359375 0.8759765625 0.587890625 0.892578125 0.5888671875
2 0.1943359375 0.697265625 0.2236328125 0.70703125 0.248046875 0.6923828125 0.25390625 0.6767578125 0.25 0.6494140625 0.2236328125 0.626953125 0.1943359375 0.625 0.181640625 0.6494140625 0.1708984375 0.650390625 0.169921875 0.6630859375 0.181640625 0.6884765625 0.1943359375 0.697265625
2 0.056640625 0.1474609375 0.0546875 0.1357421875 0.0400390625 0.12109375 0.029296875 0.1259765625 0.0244140625 0.13671875 0.025390625 0.1494140625 0.0361328125 0.15625 0.056640625 0.1474609375
2 0.423828125 0.6220703125 0.4013671875 0.60546875 0.3642578125 0.59375 0.37109375 0.6142578125 0.3583984375 0.62890625 0.3701171875 0.640625 0.4150390625 0.640625 0.423828125 0.6220703125
2 0.7294921875 0.3125 0.73828125 0.3076171875 0.740234375 0.2841796875 0.7333984375 0.27734375 0.7138671875 0.279296875 0.7021484375 0.2890625 0.703125 0.2998046875 0.7119140625 0.30859375 0.7294921875 0.3125
2 0.9951171875 0.5 1 0.4951171875 0.9970703125 0.474609375 0.9501953125 0.466796875 0.9462890625 0.4765625 0.9453125 0.4892578125 0.9521484375 0.5 0.9951171875 0.5
2 0.9697265625 0.880859375 0.978515625 0.8740234375 0.974609375 0.8603515625 0.9599609375 0.849609375 0.9482421875 0.845703125 0.9345703125 0.8515625 0.93359375 0.8583984375 0.9501953125 0.875 0.9697265625 0.880859375
2 0.111328125 0.9580078125 0.1171875 0.9326171875 0.0986328125 0.931640625 0.0830078125 0.94921875 0.0869140625 0.96484375 0.1044921875 0.962890625 0.111328125 0.9580078125
2 0.4794921875 0.16015625 0.49609375 0.1552734375 0.49609375 0.1201171875 0.4658203125 0.08203125 0.4345703125 0.083984375 0.4326171875 0.10546875 0.43359375 0.1376953125 0.4462890625 0.1484375 0.4794921875 0.16015625
2 0.6826171875 0.86328125 0.693359375 0.8427734375 0.6884765625 0.82421875 0.6572265625 0.814453125 0.6337890625 0.822265625 0.6259765625 0.8359375 0.62890625 0.8544921875 0.6552734375 0.87109375 0.6826171875 0.86328125
2 0.1044921875 0.240234375 0.119140625 0.2255859375 0.119140625 0.2001953125 0.1083984375 0.1875 0.0791015625 0.1875 0.0595703125 0.201171875 0.07421875 0.2333984375 0.0849609375 0.240234375 0.1044921875 0.240234375