2 0.5830078125 0.53515625 0.5634765625 0.513671875 0.5185546875 0.51953125 0.5078125 0.5419921875 0.515625 0.5732421875 0.5205078125 0.576171875 0.5419921875 0.56640625 0.5693359375 0.5703125 0.5703125 0.5615234375 0.583984375 0.5498046875 0.5830078125 0.53515625
2 0.537109375 0.2158203125 0.5263671875 0.201171875 0.5029296875 0.201171875 0.490234375 0.2119140625 0.4921875 0.2470703125 0.5087890625 0.263671875 0.5224609375 0.263671875 0.537109375 0.2548828125 0.5380859375 0.232421875 0.537109375 0.2158203125
2 0.7119140625 0.90625 0.6748046875 0.90234375 0.6650390625 0.908203125 0.654296875 0.9228515625 0.6640625 0.9775390625 0.6826171875 0.98828125 0.7099609375 0.98828125 0.716796875 0.9794921875 0.7177734375 0.93359375 0.7119140625 0.90625
2 0.3369140625 0.912109375 0.34375 0.9052734375 0.3486328125 0.84375 0.3310546875 0.83984375 0.30859375 0.8544921875 0.30859375 0.8837890625 0.3369140625 0.912109375
2 0.2470703125 0.93359375 0.263671875 0.9287109375 0.2646484375 0.904296875 0.2548828125 0.89453125 0.2421875 0.8974609375 0.240234375 0.9130859375 0.2470703125 0.93359375
2 0.2431640625 1 0.2451171875 0.98046875 0.2119140625 0.953125 0.1962890625 0.95703125 0.189453125 0.9658203125 0.1943359375 1 0.2431640625 1
2 0.1806640625 0.662109375 0.166015625 0.6767578125 0.166015625 0.6884765625 0.1806640625 0.701171875 0.2001953125 0.703125 0.220703125 0.6923828125 0.2197265625 0.6796875 0.2021484375 0.6640625 0.1806640625 0.662109375
2 0.2548828125 0.7109375 0.2705078125 0.70703125 0.2724609375 0.6953125 0.2392578125 0.6640625 0.22265625 0.6630859375 0.232421875 0.6923828125 0.2548828125 0.7109375
2 0.01171875 0.3115234375 0.01171875 0.3232421875 0.0244140625 0.33984375 0.041015625 0.3291015625 0.0400390625 0.322265625 0.0302734375 0.30859375 0.0146484375 0.306640625 0.01171875 0.3115234375
2 0.4326171875 0 0.4296875 0.0341796875 0.4482421875 0.03515625 0.466796875 0.0068359375 0.4658203125 0 0.4326171875 0
2 0.5341796875 0.650390625 0.521484375 0.6787109375 0.525390625 0.7041015625 0.5400390625 0.71484375 0.5615234375 0.708984375 0.580078125 0.6884765625 0.5869140625 0.662109375 0.5615234375 0.64453125 0.5341796875 0.650390625
2 0.95703125 0.3486328125 0.9462890625 0.34375 0.9189453125 0.353515625 0.90234375 0.3857421875 0.90625 0.3974609375 0.9169921875 0.404296875 0.9443359375 0.40625 0.958984375 0.3974609375 0.9658203125 0.375 0.95703125 0.3486328125
2 0.3955078125 0.908203125 0.41015625 0.9033203125 0.4091796875 0.8359375 0.3876953125 0.828125 0.37109375 0.8427734375 0.380859375 0.8935546875 0.3955078125 0.908203125