2 0.95703125 0.6689453125 0.927734375 0.6845703125 0.923828125 0.6982421875 0.9287109375 0.708984375 0.9697265625 0.712890625 0.9765625 0.7080078125 0.97265625 0.6708984375 0.95703125 0.6689453125
2 0.7451171875 0.8515625 0.7333984375 0.869140625 0.71484375 0.8759765625 0.70703125 0.8876953125 0.70703125 0.9013671875 0.7177734375 0.916015625 0.7568359375 0.921875 0.7802734375 0.892578125 0.7978515625 0.89453125 0.83203125 0.8759765625 0.8271484375 0.8515625 0.8076171875 0.84375 0.767578125 0.8427734375 0.7451171875 0.8515625
2 0.400390625 0.5966796875 0.38671875 0.6064453125 0.384765625 0.6259765625 0.3955078125 0.634765625 0.4228515625 0.6328125 0.4296875 0.6259765625 0.431640625 0.6005859375 0.400390625 0.5966796875
2 0.3427734375 0.154296875 0.3564453125 0.1484375 0.365234375 0.1357421875 0.361328125 0.1044921875 0.337890625 0.0986328125 0.3173828125 0.103515625 0.302734375 0.1201171875 0.306640625 0.1455078125 0.3154296875 0.15234375 0.3427734375 0.154296875
2 0.453125 0.1748046875 0.45703125 0.1552734375 0.44921875 0.1376953125 0.4365234375 0.123046875 0.42578125 0.1240234375 0.392578125 0.1455078125 0.38671875 0.1748046875 0.3916015625 0.19140625 0.4326171875 0.189453125 0.453125 0.1748046875
2 0.74609375 0.1787109375 0.7353515625 0.16796875 0.71875 0.1669921875 0.6953125 0.1806640625 0.693359375 0.2001953125 0.7099609375 0.216796875 0.7412109375 0.212890625 0.75 0.2001953125 0.74609375 0.1787109375
2 0.1396484375 0.7109375 0.1533203125 0.71484375 0.1943359375 0.716796875 0.208984375 0.7080078125 0.212890625 0.6923828125 0.2080078125 0.6875 0.1796875 0.6865234375 0.1396484375 0.6875 0.130859375 0.6923828125 0.130859375 0.7001953125 0.1396484375 0.7109375
2 0.55078125 0.6591796875 0.5673828125 0.673828125 0.6025390625 0.673828125 0.62109375 0.6611328125 0.62109375 0.6357421875 0.6103515625 0.625 0.595703125 0.6220703125 0.5849609375 0.630859375 0.5693359375 0.630859375 0.552734375 0.6455078125 0.55078125 0.6591796875
2 0.6767578125 0.658203125 0.6845703125 0.65625 0.689453125 0.6318359375 0.6708984375 0.6171875 0.65625 0.6162109375 0.654296875 0.6416015625 0.6767578125 0.658203125
2 0.55078125 0.2841796875 0.5400390625 0.2734375 0.51953125 0.2705078125 0.498046875 0.2763671875 0.505859375 0.3212890625 0.5166015625 0.330078125 0.5478515625 0.328125 0.5546875 0.2958984375 0.55078125 0.2841796875
2 0.52734375 0.1162109375 0.5146484375 0.103515625 0.494140625 0.1025390625 0.482421875 0.1181640625 0.482421875 0.1455078125 0.4873046875 0.154296875 0.5107421875 0.166015625 0.52734375 0.1474609375 0.52734375 0.1162109375