2 0.7705078125 0.150390625 0.8271484375 0.166015625 0.8466796875 0.1640625 0.8671875 0.1513671875 0.873046875 0.1259765625 0.8701171875 0.111328125 0.8466796875 0.1015625 0.79296875 0.0966796875 0.7744140625 0.09765625 0.76171875 0.1123046875 0.7705078125 0.150390625
2 0.486328125 0.1630859375 0.4931640625 0.169921875 0.5107421875 0.17578125 0.533203125 0.1630859375 0.5390625 0.1396484375 0.537109375 0.1201171875 0.53125 0.1162109375 0.5068359375 0.115234375 0.484375 0.1259765625 0.486328125 0.1630859375
2 0.294921875 0.2353515625 0.30859375 0.2001953125 0.3046875 0.1884765625 0.263671875 0.2119140625 0.2724609375 0.234375 0.294921875 0.2353515625
2 0.6572265625 0.478515625 0.677734375 0.4541015625 0.677734375 0.4248046875 0.65234375 0.4287109375 0.650390625 0.4658203125 0.6572265625 0.478515625
2 0.365234375 0.7607421875 0.4208984375 0.751953125 0.4462890625 0.740234375 0.453125 0.7275390625 0.4404296875 0.71484375 0.427734375 0.7119140625 0.3876953125 0.7109375 0.37109375 0.7275390625 0.365234375 0.7607421875
2 0.2119140625 0.9140625 0.2216796875 0.912109375 0.234375 0.8974609375 0.232421875 0.8603515625 0.19921875 0.8798828125 0.19921875 0.9033203125 0.2119140625 0.9140625
2 0.0166015625 0.875 0.0400390625 0.87109375 0.0654296875 0.88671875 0.0791015625 0.8828125 0.080078125 0.8701171875 0.05078125 0.8330078125 0.0048828125 0.83984375 0.00390625 0.8701171875 0.0166015625 0.875
2 0.0302734375 0.634765625 0.0546875 0.6162109375 0.056640625 0.5947265625 0.044921875 0.5615234375 0.021484375 0.5498046875 0.001953125 0.5517578125 0.001953125 0.6103515625 0.0302734375 0.634765625
2 0.140625 0.3564453125 0.1455078125 0.365234375 0.1884765625 0.369140625 0.21875 0.3642578125 0.220703125 0.3525390625 0.2265625 0.3505859375 0.2265625 0.3154296875 0.236328125 0.3115234375 0.236328125 0.3056640625 0.2314453125 0.294921875 0.203125 0.2919921875 0.15234375 0.2958984375 0.1484375 0.3369140625 0.140625 0.3564453125
2 0.31640625 0.4111328125 0.3232421875 0.423828125 0.3388671875 0.431640625 0.3623046875 0.431640625 0.3798828125 0.42578125 0.392578125 0.4130859375 0.388671875 0.3759765625 0.375 0.3681640625 0.3388671875 0.3671875 0.318359375 0.3837890625 0.31640625 0.4111328125
2 0.3798828125 0.365234375 0.40234375 0.3583984375 0.400390625 0.3427734375 0.390625 0.3349609375 0.373046875 0.3408203125 0.373046875 0.3564453125 0.3798828125 0.365234375
2 0.6728515625 0.796875 0.6826171875 0.796875 0.693359375 0.7861328125 0.693359375 0.7685546875 0.6787109375 0.755859375 0.65234375 0.7548828125 0.64453125 0.7626953125 0.646484375 0.7705078125 0.6728515625 0.796875
2 0.390625 0.5107421875 0.4013671875 0.51953125 0.4287109375 0.521484375 0.41796875 0.4931640625 0.408203125 0.4853515625 0.4013671875 0.484375 0.390625 0.4951171875 0.390625 0.5107421875
2 0.83203125 0.5810546875 0.8388671875 0.591796875 0.8544921875 0.59375 0.8671875 0.5810546875 0.875 0.5615234375 0.8671875 0.5556640625 0.8544921875 0.5546875 0.833984375 0.5693359375 0.83203125 0.5810546875
2 0.5849609375 0.12109375 0.5986328125 0.12109375 0.62890625 0.1005859375 0.626953125 0.0869140625 0.609375 0.0732421875 0.591796875 0.0771484375 0.58203125 0.1064453125 0.5849609375 0.12109375
2 0.7265625 0.8896484375 0.7353515625 0.8984375 0.7490234375 0.896484375 0.765625 0.8818359375 0.76171875 0.8603515625 0.75 0.8544921875 0.7373046875 0.853515625 0.73046875 0.8603515625 0.7265625 0.8896484375
2 0.6953125 0.9423828125 0.7080078125 0.9453125 0.7373046875 0.9375 0.74609375 0.9228515625 0.74609375 0.9111328125 0.73828125 0.9052734375 0.7080078125 0.90625 0.69140625 0.9267578125 0.6953125 0.9423828125
2 0.853515625 0.9697265625 0.8818359375 0.9765625 0.8935546875 0.96875 0.880859375 0.9462890625 0.8583984375 0.94921875 0.8515625 0.9580078125 0.853515625 0.9697265625