2 0.8623046875 0.294921875 0.84765625 0.3076171875 0.845703125 0.3466796875 0.8544921875 0.361328125 0.8974609375 0.361328125 0.90625 0.3486328125 0.9052734375 0.337890625 0.8984375 0.3173828125 0.8779296875 0.29296875 0.8623046875 0.294921875
2 0.8994140625 0.494140625 0.8837890625 0.484375 0.8544921875 0.486328125 0.833984375 0.5048828125 0.8359375 0.5361328125 0.8916015625 0.546875 0.8994140625 0.494140625
2 0.8125 0.4345703125 0.8271484375 0.451171875 0.8486328125 0.455078125 0.8623046875 0.44921875 0.8759765625 0.431640625 0.8564453125 0.39453125 0.8212890625 0.388671875 0.810546875 0.3955078125 0.8125 0.4345703125
2 0.787109375 0.7412109375 0.8037109375 0.75390625 0.8232421875 0.748046875 0.833984375 0.7373046875 0.8349609375 0.71875 0.8212890625 0.693359375 0.8017578125 0.69140625 0.783203125 0.7158203125 0.787109375 0.7412109375
2 0.4267578125 0 0.37890625 0.0009765625 0.380859375 0.0458984375 0.3896484375 0.064453125 0.4189453125 0.068359375 0.423828125 0.0634765625 0.4267578125 0
2 0.365234375 0.4228515625 0.3779296875 0.43359375 0.3974609375 0.4375 0.412109375 0.4248046875 0.4111328125 0.40234375 0.4013671875 0.38671875 0.3740234375 0.38671875 0.36328125 0.4013671875 0.365234375 0.4228515625
2 0.3388671875 0.623046875 0.3681640625 0.62109375 0.3779296875 0.599609375 0.369140625 0.5791015625 0.3486328125 0.55859375 0.3203125 0.5732421875 0.32421875 0.6103515625 0.3388671875 0.623046875
2 0.28515625 0.9599609375 0.2939453125 0.98046875 0.3232421875 0.982421875 0.333984375 0.9736328125 0.3349609375 0.9609375 0.3173828125 0.927734375 0.2998046875 0.921875 0.2890625 0.9306640625 0.28515625 0.9599609375
2 0.287109375 0.1533203125 0.287109375 0.2041015625 0.3037109375 0.21484375 0.31640625 0.2060546875 0.3154296875 0.14453125 0.3125 0.1337890625 0.3037109375 0.12890625 0.29296875 0.1357421875 0.287109375 0.1533203125
2 0.8662109375 0.974609375 0.890625 0.9560546875 0.8896484375 0.94921875 0.8798828125 0.92578125 0.8544921875 0.9296875 0.84375 0.9404296875 0.84765625 0.9580078125 0.8662109375 0.974609375
2 0.6396484375 0.23046875 0.6630859375 0.236328125 0.6650390625 0.228515625 0.6455078125 0.19140625 0.6318359375 0.18359375 0.6171875 0.1865234375 0.623046875 0.2119140625 0.6396484375 0.23046875