2 0.0126953125 0.111328125 0.00390625 0.1181640625 0.005859375 0.1455078125 0.0283203125 0.166015625 0.0458984375 0.1640625 0.0556640625 0.1484375 0.0546875 0.1279296875 0.0458984375 0.1171875 0.0126953125 0.111328125
2 0.1298828125 0.494140625 0.1103515625 0.5 0.1015625 0.5107421875 0.1015625 0.5341796875 0.111328125 0.5634765625 0.1240234375 0.57421875 0.1728515625 0.578125 0.18359375 0.5673828125 0.1884765625 0.55078125 0.181640625 0.5146484375 0.1611328125 0.498046875 0.1298828125 0.494140625
2 0.3349609375 0.01171875 0.31640625 0.0205078125 0.310546875 0.0478515625 0.3271484375 0.068359375 0.3623046875 0.072265625 0.3701171875 0.052734375 0.37109375 0.0380859375 0.3544921875 0.013671875 0.3349609375 0.01171875
2 0.5537109375 0.578125 0.5283203125 0.578125 0.505859375 0.5947265625 0.5 0.6435546875 0.5263671875 0.65234375 0.5283203125 0.658203125 0.5537109375 0.66015625 0.5576171875 0.65234375 0.5888671875 0.6484375 0.6083984375 0.615234375 0.5986328125 0.595703125 0.5810546875 0.59375 0.5537109375 0.578125
2 0.7666015625 0.251953125 0.755859375 0.2607421875 0.7578125 0.2900390625 0.7802734375 0.30859375 0.8017578125 0.3125 0.8125 0.3056640625 0.8173828125 0.29296875 0.8125 0.2763671875 0.7900390625 0.255859375 0.7666015625 0.251953125
2 0.8876953125 0.61328125 0.880859375 0.6201171875 0.876953125 0.6728515625 0.8857421875 0.685546875 0.9111328125 0.68359375 0.9404296875 0.666015625 0.939453125 0.6416015625 0.9248046875 0.619140625 0.8876953125 0.61328125
2 0.9345703125 0.826171875 0.921875 0.8369140625 0.921875 0.8564453125 0.9345703125 0.87109375 0.9697265625 0.8671875 0.9775390625 0.857421875 0.974609375 0.8369140625 0.9580078125 0.828125 0.9345703125 0.826171875
2 0.5205078125 0.435546875 0.486328125 0.4462890625 0.4765625 0.4853515625 0.4833984375 0.494140625 0.5380859375 0.50390625 0.546875 0.5009765625 0.5390625 0.4990234375 0.5498046875 0.49609375 0.5556640625 0.486328125 0.5546875 0.4541015625 0.5478515625 0.439453125 0.5205078125 0.435546875
2 0.2939453125 0.71875 0.2783203125 0.720703125 0.2734375 0.7275390625 0.27734375 0.7568359375 0.2939453125 0.765625 0.3076171875 0.755859375 0.30859375 0.7392578125 0.30078125 0.7236328125 0.2939453125 0.71875
2 0.435546875 0.8857421875 0.4375 0.9052734375 0.4462890625 0.9140625 0.4677734375 0.916015625 0.4755859375 0.90625 0.4765625 0.8974609375 0.4677734375 0.888671875 0.435546875 0.8857421875
2 0.2412109375 1 0.2421875 0.9873046875 0.2353515625 0.978515625 0.216796875 0.9775390625 0.2138671875 1 0.2412109375 1
2 0.259765625 0.5380859375 0.26171875 0.5654296875 0.2822265625 0.572265625 0.2900390625 0.560546875 0.283203125 0.5400390625 0.2646484375 0.53125 0.259765625 0.5380859375
2 0.09375 0.2158203125 0.1123046875 0.2421875 0.1240234375 0.2421875 0.123046875 0.2001953125 0.1103515625 0.193359375 0.09375 0.2158203125