2 0.0302734375 0.845703125 0.0849609375 0.841796875 0.10546875 0.8271484375 0.0771484375 0.77734375 0.0556640625 0.7734375 0.0380859375 0.76171875 0.0146484375 0.76953125 0 0.7822265625 0.0009765625 0.814453125 0.0302734375 0.845703125
2 0.14453125 0.6513671875 0.1357421875 0.640625 0.1240234375 0.638671875 0.0771484375 0.640625 0.0556640625 0.66015625 0.0576171875 0.68359375 0.0693359375 0.681640625 0.0771484375 0.693359375 0.0869140625 0.693359375 0.0966796875 0.70703125 0.1083984375 0.708984375 0.123046875 0.7021484375 0.126953125 0.6787109375 0.140625 0.6689453125 0.14453125 0.6513671875
2 0.0009765625 0.39453125 0.0068359375 0.404296875 0.0302734375 0.41796875 0.0517578125 0.421875 0.0859375 0.3818359375 0.08984375 0.3427734375 0.0673828125 0.3203125 0.0537109375 0.326171875 0.0341796875 0.322265625 0.0009765625 0.337890625 0.0009765625 0.39453125
2 0.103515625 0.0419921875 0.1044921875 0.056640625 0.109375 0.0849609375 0.1181640625 0.09375 0.1416015625 0.095703125 0.1748046875 0.080078125 0.205078125 0.0498046875 0.1904296875 0.021484375 0.1787109375 0.013671875 0.1455078125 0.009765625 0.115234375 0.0244140625 0.103515625 0.0419921875
2 0.3388671875 0.12109375 0.3759765625 0.12109375 0.390625 0.0888671875 0.384765625 0.0712890625 0.3720703125 0.05859375 0.3564453125 0.0546875 0.3193359375 0.05859375 0.306640625 0.0712890625 0.3076171875 0.078125 0.3388671875 0.12109375
2 0.3076171875 0.197265625 0.3359375 0.1767578125 0.337890625 0.1591796875 0.3154296875 0.142578125 0.2900390625 0.140625 0.2734375 0.1552734375 0.2724609375 0.189453125 0.2978515625 0.19921875 0.3076171875 0.197265625
2 0.4619140625 0.361328125 0.5048828125 0.361328125 0.509765625 0.3564453125 0.509765625 0.3291015625 0.4833984375 0.302734375 0.4541015625 0.296875 0.4482421875 0.330078125 0.451171875 0.3486328125 0.4619140625 0.361328125
2 0.4326171875 0.529296875 0.4208984375 0.54296875 0.421875 0.5693359375 0.4384765625 0.587890625 0.5107421875 0.59375 0.51953125 0.5869140625 0.5234375 0.5576171875 0.517578125 0.5458984375 0.4931640625 0.52734375 0.4658203125 0.521484375 0.4423828125 0.53125 0.4326171875 0.529296875
2 0.34765625 0.4990234375 0.3427734375 0.484375 0.3212890625 0.474609375 0.3095703125 0.470703125 0.3037109375 0.48046875 0.3291015625 0.509765625 0.3408203125 0.5078125 0.34765625 0.4990234375
2 0.1728515625 0.35546875 0.189453125 0.3369140625 0.19140625 0.3212890625 0.1748046875 0.302734375 0.1650390625 0.30078125 0.146484375 0.3134765625 0.1474609375 0.330078125 0.1640625 0.3544921875 0.1728515625 0.35546875
2 0.6376953125 0.552734375 0.6572265625 0.5546875 0.6728515625 0.548828125 0.66796875 0.5263671875 0.671875 0.4990234375 0.6513671875 0.4921875 0.6298828125 0.50390625 0.623046875 0.5107421875 0.6220703125 0.541015625 0.6376953125 0.552734375
2 0.7138671875 0.01953125 0.705078125 0.0283203125 0.7060546875 0.048828125 0.708984375 0.0791015625 0.7275390625 0.09765625 0.7900390625 0.1015625 0.814453125 0.0810546875 0.82421875 0.0634765625 0.8193359375 0.0390625 0.7880859375 0.01953125 0.7685546875 0.015625 0.7294921875 0.013671875 0.7138671875 0.01953125
2 0.8662109375 0.51953125 0.873046875 0.5439453125 0.8837890625 0.552734375 0.9091796875 0.5546875 0.923828125 0.5439453125 0.919921875 0.4775390625 0.91015625 0.4599609375 0.8935546875 0.447265625 0.8759765625 0.4453125 0.8671875 0.4521484375 0.8662109375 0.51953125
2 0.7138671875 0.240234375 0.693359375 0.2451171875 0.6904296875 0.271484375 0.7119140625 0.298828125 0.740234375 0.2861328125 0.73828125 0.2607421875 0.7138671875 0.240234375
2 0.748046875 0.4599609375 0.74609375 0.4267578125 0.7275390625 0.408203125 0.6943359375 0.39453125 0.6845703125 0.42578125 0.6923828125 0.462890625 0.7236328125 0.46875 0.748046875 0.4599609375
2 0.7646484375 0.763671875 0.775390625 0.7548828125 0.77734375 0.7275390625 0.7607421875 0.705078125 0.7255859375 0.69921875 0.716796875 0.7119140625 0.7158203125 0.744140625 0.7451171875 0.76171875 0.7646484375 0.763671875
2 0.734375 0.9501953125 0.73046875 0.9345703125 0.7216796875 0.923828125 0.7138671875 0.923828125 0.7099609375 0.93359375 0.71484375 0.9580078125 0.7255859375 0.962890625 0.734375 0.9501953125
2 1 0.4677734375 0.9892578125 0.455078125 0.974609375 0.4560546875 0.9736328125 0.4765625 0.9775390625 0.498046875 1 0.4970703125 1 0.4677734375
2 0.919921875 0.3017578125 0.908203125 0.2626953125 0.8955078125 0.25 0.86328125 0.2490234375 0.8623046875 0.28515625 0.8681640625 0.294921875 0.8994140625 0.3046875 0.919921875 0.3017578125
2 0.576171875 0.1826171875 0.5703125 0.1591796875 0.5478515625 0.13671875 0.533203125 0.1416015625 0.5322265625 0.171875 0.5400390625 0.181640625 0.5595703125 0.189453125 0.576171875 0.1826171875
2 0.75 0.5966796875 0.74609375 0.5771484375 0.7275390625 0.564453125 0.7109375 0.5712890625 0.7099609375 0.583984375 0.7138671875 0.59375 0.7333984375 0.6015625 0.75 0.5966796875
2 0.8095703125 0.236328125 0.828125 0.2236328125 0.828125 0.2158203125 0.8173828125 0.208984375 0.8017578125 0.208984375 0.7783203125 0.216796875 0.7763671875 0.22265625 0.7900390625 0.236328125 0.8095703125 0.236328125
2 1 0.1435546875 0.9501953125 0.138671875 0.8974609375 0.146484375 0.8955078125 0.15625 0.9033203125 0.17578125 0.9287109375 0.177734375 0.9931640625 0.1640625 1 0.1591796875 1 0.1435546875
2 0.4873046875 0.984375 0.498046875 0.9619140625 0.4921875 0.9423828125 0.4755859375 0.9375 0.4658203125 0.9453125 0.45703125 0.9580078125 0.4580078125 0.97265625 0.4677734375 0.98828125 0.4873046875 0.984375
2 0.1748046875 0.81640625 0.15625 0.8427734375 0.1474609375 0.8828125 0.1875 0.8955078125 0.181640625 0.8759765625 0.18359375 0.8291015625 0.1748046875 0.81640625
2 0.32421875 0.4638671875 0.3369140625 0.470703125 0.3759765625 0.46484375 0.388671875 0.4423828125 0.38671875 0.4208984375 0.3583984375 0.40234375 0.3310546875 0.404296875 0.32421875 0.4091796875 0.3193359375 0.4453125 0.32421875 0.4638671875
2 0.4326171875 0.099609375 0.4365234375 0.109375 0.4404296875 0.09375 0.4521484375 0.109375 0.5068359375 0.109375 0.5234375 0.0849609375 0.513671875 0.0537109375 0.5048828125 0.048828125 0.4599609375 0.05078125 0.43359375 0.0791015625 0.4326171875 0.099609375
2 0.701171875 0.6376953125 0.701171875 0.6123046875 0.6611328125 0.599609375 0.6220703125 0.599609375 0.6142578125 0.634765625 0.6318359375 0.66015625 0.6689453125 0.66015625 0.701171875 0.6376953125
2 0.8154296875 0.396484375 0.83203125 0.3798828125 0.828125 0.3466796875 0.8095703125 0.337890625 0.7685546875 0.341796875 0.759765625 0.3544921875 0.7587890625 0.384765625 0.7724609375 0.40234375 0.8154296875 0.396484375
2 0.73828125 0.1826171875 0.73046875 0.2021484375 0.7431640625 0.2109375 0.7744140625 0.212890625 0.787109375 0.1982421875 0.787109375 0.1650390625 0.7744140625 0.146484375 0.7412109375 0.146484375 0.7255859375 0.16796875 0.73828125 0.1826171875
2 0.900390625 0.0517578125 0.8896484375 0.0390625 0.8798828125 0.037109375 0.865234375 0.0458984375 0.8662109375 0.052734375 0.8740234375 0.060546875 0.8896484375 0.0625 0.900390625 0.0517578125
2 0.8740234375 0.662109375 0.9013671875 0.66796875 0.9140625 0.6611328125 0.9091796875 0.625 0.876953125 0.6162109375 0.8740234375 0.662109375
2 0.900390625 0.9755859375 0.8623046875 0.95703125 0.8388671875 0.955078125 0.82421875 0.9697265625 0.8251953125 0.978515625 0.8388671875 1 0.904296875 0.9990234375 0.900390625 0.9755859375