2 0.8515625 0.9443359375 0.8359375 0.9541015625 0.833984375 0.9716796875 0.8544921875 0.994140625 0.8818359375 0.99609375 0.888671875 0.9873046875 0.8828125 0.9541015625 0.8720703125 0.9453125 0.8515625 0.9443359375
2 0.4658203125 0.8984375 0.4892578125 0.8984375 0.5 0.8896484375 0.505859375 0.8701171875 0.501953125 0.8388671875 0.4853515625 0.818359375 0.44921875 0.8115234375 0.4326171875 0.81640625 0.421875 0.8271484375 0.42578125 0.8759765625 0.4365234375 0.888671875 0.4658203125 0.8984375
2 0.947265625 0.6298828125 0.927734375 0.6376953125 0.931640625 0.6728515625 0.9521484375 0.689453125 0.9794921875 0.68359375 0.98828125 0.6650390625 0.986328125 0.6455078125 0.9619140625 0.62890625 0.947265625 0.6298828125
2 0.341796875 0.4716796875 0.34765625 0.4736328125 0.3564453125 0.5 0.4052734375 0.494140625 0.421875 0.4716796875 0.421875 0.4462890625 0.40625 0.4189453125 0.404296875 0.4013671875 0.384765625 0.3916015625 0.3515625 0.4111328125 0.34765625 0.4423828125 0.33984375 0.4462890625 0.341796875 0.4716796875
2 0.744140625 0.2099609375 0.7236328125 0.1875 0.70703125 0.1826171875 0.6943359375 0.1875 0.6875 0.1982421875 0.69140625 0.2197265625 0.7099609375 0.2421875 0.7392578125 0.244140625 0.748046875 0.2333984375 0.744140625 0.2099609375
2 0.333984375 0.0595703125 0.31640625 0.0888671875 0.314453125 0.1142578125 0.3271484375 0.123046875 0.3798828125 0.119140625 0.38671875 0.1123046875 0.380859375 0.0751953125 0.3583984375 0.060546875 0.333984375 0.0595703125
2 0.142578125 0.0224609375 0.1328125 0.0302734375 0.12890625 0.0654296875 0.1435546875 0.078125 0.1630859375 0.078125 0.173828125 0.0654296875 0.171875 0.0419921875 0.1630859375 0.025390625 0.142578125 0.0224609375
2 0.505859375 0.5166015625 0.5146484375 0.5234375 0.5537109375 0.513671875 0.564453125 0.4794921875 0.560546875 0.4521484375 0.5458984375 0.4453125 0.513671875 0.4443359375 0.50390625 0.4501953125 0.5009765625 0.4609375 0.4990234375 0.453125 0.49609375 0.4619140625 0.505859375 0.5166015625
2 0.244140625 0.6923828125 0.234375 0.7060546875 0.2431640625 0.72265625 0.2724609375 0.7265625 0.279296875 0.7216796875 0.28125 0.7060546875 0.2763671875 0.69921875 0.2607421875 0.69140625 0.244140625 0.6923828125
2 0.0859375 0.5537109375 0.0947265625 0.5625 0.1142578125 0.564453125 0.111328125 0.5322265625 0.1025390625 0.5234375 0.09375 0.5244140625 0.083984375 0.5322265625 0.0859375 0.5537109375
2 0 0.7861328125 0.0224609375 0.783203125 0.021484375 0.7646484375 0.0126953125 0.7578125 0 0.7587890625 0 0.7861328125
2 0.46875 0.7353515625 0.4599609375 0.716796875 0.439453125 0.7099609375 0.427734375 0.7177734375 0.4345703125 0.73828125 0.4619140625 0.740234375 0.46875 0.7353515625
2 0.7578125 0.8876953125 0.7841796875 0.90625 0.806640625 0.8896484375 0.7998046875 0.876953125 0.7578125 0.8759765625 0.7578125 0.8876953125