2 0.9755859375 0.384765625 1 0.3837890625 0.9990234375 0.318359375 0.9794921875 0.322265625 0.95703125 0.3544921875 0.95703125 0.3681640625 0.9755859375 0.384765625
2 0.9755859375 0.759765625 1 0.7587890625 0.9990234375 0.701171875 0.9736328125 0.70703125 0.9609375 0.7216796875 0.9609375 0.7451171875 0.9755859375 0.759765625
2 0.79296875 0.5380859375 0.8037109375 0.556640625 0.8330078125 0.55859375 0.8515625 0.5498046875 0.8505859375 0.474609375 0.8388671875 0.46875 0.796875 0.4833984375 0.79296875 0.5380859375
2 0.8486328125 0.26171875 0.8369140625 0.2578125 0.8154296875 0.263671875 0.8046875 0.2783203125 0.806640625 0.2978515625 0.8173828125 0.3046875 0.8369140625 0.30078125 0.8515625 0.2822265625 0.8525390625 0.271484375 0.8486328125 0.26171875
2 0.7880859375 0.333984375 0.7705078125 0.341796875 0.763671875 0.3564453125 0.7783203125 0.375 0.7900390625 0.375 0.818359375 0.3505859375 0.8193359375 0.33984375 0.8037109375 0.33203125 0.7880859375 0.333984375
2 0.7802734375 0.013671875 0.7587890625 0.015625 0.744140625 0.0322265625 0.7421875 0.0537109375 0.7626953125 0.078125 0.7861328125 0.080078125 0.783203125 0.0771484375 0.80078125 0.0576171875 0.7998046875 0.033203125 0.7802734375 0.013671875
2 0.5693359375 0.583984375 0.5576171875 0.568359375 0.54296875 0.5712890625 0.5458984375 0.61328125 0.560546875 0.6103515625 0.5693359375 0.583984375
2 0.1865234375 0.189453125 0.1650390625 0.19140625 0.1484375 0.2216796875 0.150390625 0.2373046875 0.1669921875 0.244140625 0.1826171875 0.232421875 0.1923828125 0.232421875 0.19921875 0.2236328125 0.2001953125 0.201171875 0.1865234375 0.189453125
2 0.150390625 0.4248046875 0.1904296875 0.421875 0.2099609375 0.408203125 0.1826171875 0.400390625 0.1650390625 0.40234375 0.15234375 0.4130859375 0.150390625 0.4248046875
2 0.5068359375 0.748046875 0.490234375 0.7646484375 0.4921875 0.7841796875 0.5107421875 0.79296875 0.5244140625 0.7890625 0.533203125 0.7763671875 0.5322265625 0.7578125 0.5185546875 0.74609375 0.5068359375 0.748046875
2 0.626953125 0.1396484375 0.6328125 0.1533203125 0.6884765625 0.189453125 0.7041015625 0.19140625 0.7119140625 0.16796875 0.6611328125 0.12109375 0.62890625 0.1240234375 0.626953125 0.1396484375
2 0.794921875 0.6396484375 0.8017578125 0.65234375 0.8193359375 0.65625 0.8359375 0.6455078125 0.8388671875 0.62890625 0.8349609375 0.62109375 0.8056640625 0.619140625 0.794921875 0.6396484375
2 0.169921875 0.8095703125 0.1923828125 0.818359375 0.2333984375 0.8203125 0.25 0.8134765625 0.2529296875 0.796875 0.1884765625 0.79296875 0.1748046875 0.796875 0.169921875 0.8095703125
2 0.2841796875 0.11328125 0.27734375 0.1220703125 0.27734375 0.1494140625 0.2880859375 0.15625 0.3095703125 0.154296875 0.328125 0.1337890625 0.3271484375 0.12109375 0.3173828125 0.107421875 0.2841796875 0.11328125