2 1 0.1806640625 0.9892578125 0.171875 0.9521484375 0.171875 0.939453125 0.1865234375 0.9375 0.2021484375 0.947265625 0.2197265625 0.96484375 0.2275390625 1 0.2177734375 1 0.1806640625
2 0.353515625 0.1162109375 0.3662109375 0.140625 0.38671875 0.1455078125 0.41015625 0.1396484375 0.421875 0.1181640625 0.421875 0.1044921875 0.4013671875 0.078125 0.3798828125 0.07421875 0.359375 0.0888671875 0.353515625 0.1162109375
2 0.3359375 0.2412109375 0.341796875 0.2470703125 0.3525390625 0.24609375 0.36328125 0.2353515625 0.369140625 0.2236328125 0.3662109375 0.212890625 0.3466796875 0.21484375 0.337890625 0.2236328125 0.3359375 0.2412109375
2 0.109375 0.1396484375 0.140625 0.1533203125 0.15625 0.1474609375 0.15625 0.1259765625 0.1279296875 0.123046875 0.1220703125 0.111328125 0.1142578125 0.11328125 0.103515625 0.1259765625 0.109375 0.1396484375
2 0.666015625 0.1748046875 0.669921875 0.1572265625 0.6630859375 0.1484375 0.642578125 0.1533203125 0.640625 0.1669921875 0.646484375 0.1767578125 0.666015625 0.1748046875
2 0.70703125 0.2451171875 0.705078125 0.2255859375 0.6845703125 0.21484375 0.6767578125 0.216796875 0.671875 0.2275390625 0.697265625 0.2490234375 0.70703125 0.2451171875
2 0.607421875 0.5400390625 0.623046875 0.5537109375 0.6337890625 0.5546875 0.646484375 0.5439453125 0.646484375 0.5263671875 0.6357421875 0.517578125 0.6181640625 0.521484375 0.607421875 0.5322265625 0.607421875 0.5400390625
2 0.703125 0.5126953125 0.6943359375 0.501953125 0.67578125 0.5126953125 0.6796875 0.5400390625 0.703125 0.5244140625 0.703125 0.5126953125
2 0.876953125 0.6279296875 0.890625 0.6337890625 0.9052734375 0.6328125 0.921875 0.6103515625 0.919921875 0.5986328125 0.9072265625 0.587890625 0.8876953125 0.587890625 0.876953125 0.6064453125 0.876953125 0.6279296875
2 0.826171875 0.6533203125 0.8056640625 0.642578125 0.79296875 0.6533203125 0.814453125 0.6884765625 0.826171875 0.6748046875 0.826171875 0.6533203125
2 0.712890625 0.6572265625 0.6865234375 0.642578125 0.6796875 0.6572265625 0.6875 0.6650390625 0.7080078125 0.666015625 0.712890625 0.6572265625
2 0.83203125 0.8974609375 0.8427734375 0.908203125 0.861328125 0.9091796875 0.8798828125 0.91015625 0.892578125 0.8974609375 0.892578125 0.8662109375 0.8720703125 0.849609375 0.8525390625 0.8515625 0.83203125 0.8701171875 0.83203125 0.8974609375
2 0.5234375 0.9521484375 0.52734375 0.9892578125 0.5556640625 0.990234375 0.572265625 0.9833984375 0.583984375 0.9521484375 0.5693359375 0.92578125 0.5458984375 0.921875 0.529296875 0.9326171875 0.5234375 0.9521484375
2 0.419921875 0.9541015625 0.4375 0.9755859375 0.4677734375 0.9765625 0.4921875 0.9599609375 0.5 0.9248046875 0.4833984375 0.896484375 0.4638671875 0.896484375 0.423828125 0.9208984375 0.419921875 0.9541015625
2 0.259765625 0.8310546875 0.275390625 0.8408203125 0.2939453125 0.841796875 0.306640625 0.8349609375 0.30859375 0.8154296875 0.2978515625 0.802734375 0.2783203125 0.806640625 0.259765625 0.8232421875 0.259765625 0.8310546875
2 0.34375 0.6123046875 0.361328125 0.6240234375 0.3740234375 0.623046875 0.384765625 0.6123046875 0.38671875 0.5869140625 0.3759765625 0.572265625 0.3544921875 0.572265625 0.337890625 0.5947265625 0.34375 0.6123046875
2 0.51953125 0.8095703125 0.517578125 0.8232421875 0.5322265625 0.8203125 0.5390625 0.8095703125 0.53515625 0.7822265625 0.5263671875 0.77734375 0.5185546875 0.77734375 0.51171875 0.7900390625 0.51953125 0.8095703125
2 0.57421875 0.7373046875 0.5869140625 0.75390625 0.6015625 0.7568359375 0.6123046875 0.7578125 0.61328125 0.7470703125 0.60546875 0.7060546875 0.5947265625 0.703125 0.580078125 0.7119140625 0.580078125 0.7294921875 0.57421875 0.7373046875
2 0.2939453125 0.521484375 0.296875 0.5087890625 0.2861328125 0.5 0.2666015625 0.5 0.259765625 0.5166015625 0.267578125 0.5224609375 0.2939453125 0.521484375
2 0.4521484375 0.693359375 0.44921875 0.6787109375 0.4208984375 0.673828125 0.4140625 0.6806640625 0.4140625 0.6923828125 0.419921875 0.6962890625 0.4521484375 0.693359375
2 0.3828125 0.4794921875 0.396484375 0.4873046875 0.4208984375 0.4765625 0.431640625 0.4580078125 0.427734375 0.4443359375 0.4111328125 0.431640625 0.396484375 0.4365234375 0.3828125 0.4599609375 0.3828125 0.4794921875
2 0.009765625 0.0419921875 0.013671875 0.0654296875 0.025390625 0.0791015625 0.0498046875 0.080078125 0.0625 0.0732421875 0.0625 0.0615234375 0.05078125 0.0419921875 0.0341796875 0.03125 0.0205078125 0.03125 0.009765625 0.0419921875
2 0.6025390625 0.21875 0.6171875 0.2080078125 0.615234375 0.1943359375 0.6064453125 0.1875 0.58984375 0.1904296875 0.59375 0.2177734375 0.6025390625 0.21875
2 0.744140625 0.3955078125 0.783203125 0.3837890625 0.783203125 0.3427734375 0.7744140625 0.33203125 0.7392578125 0.333984375 0.728515625 0.3505859375 0.73046875 0.3837890625 0.744140625 0.3955078125
2 0.9990234375 0.619140625 0.97265625 0.6240234375 0.966796875 0.6552734375 0.9765625 0.6650390625 1 0.6611328125 0.9990234375 0.619140625