2 0.1376953125 0.705078125 0.15234375 0.6923828125 0.154296875 0.6533203125 0.1455078125 0.638671875 0.1025390625 0.638671875 0.09375 0.6513671875 0.0947265625 0.662109375 0.1015625 0.6826171875 0.1220703125 0.70703125 0.1376953125 0.705078125
2 0.1005859375 0.505859375 0.1162109375 0.515625 0.1455078125 0.513671875 0.166015625 0.4951171875 0.1640625 0.4638671875 0.1083984375 0.453125 0.1005859375 0.505859375
2 0.1875 0.5654296875 0.1728515625 0.548828125 0.1513671875 0.544921875 0.1376953125 0.55078125 0.1240234375 0.568359375 0.1435546875 0.60546875 0.1787109375 0.611328125 0.189453125 0.6044921875 0.1875 0.5654296875
2 0.212890625 0.2587890625 0.1962890625 0.24609375 0.1767578125 0.251953125 0.166015625 0.2626953125 0.1650390625 0.28125 0.1787109375 0.306640625 0.1982421875 0.30859375 0.216796875 0.2841796875 0.212890625 0.2587890625
2 0.5732421875 1 0.62109375 0.9990234375 0.619140625 0.9541015625 0.6103515625 0.935546875 0.5810546875 0.931640625 0.576171875 0.9365234375 0.5732421875 1
2 0.634765625 0.5771484375 0.6220703125 0.56640625 0.6025390625 0.5625 0.587890625 0.5751953125 0.5888671875 0.59765625 0.5986328125 0.61328125 0.6259765625 0.61328125 0.63671875 0.5986328125 0.634765625 0.5771484375
2 0.6611328125 0.376953125 0.6318359375 0.37890625 0.6220703125 0.400390625 0.630859375 0.4208984375 0.6513671875 0.44140625 0.6796875 0.4267578125 0.67578125 0.3896484375 0.6611328125 0.376953125
2 0.71484375 0.0400390625 0.7060546875 0.01953125 0.6767578125 0.017578125 0.666015625 0.0263671875 0.6650390625 0.0390625 0.6826171875 0.072265625 0.7001953125 0.078125 0.7109375 0.0693359375 0.71484375 0.0400390625
2 0.712890625 0.8466796875 0.712890625 0.7958984375 0.6962890625 0.78515625 0.68359375 0.7939453125 0.6845703125 0.85546875 0.6875 0.8662109375 0.6962890625 0.87109375 0.70703125 0.8642578125 0.712890625 0.8466796875
2 0.1337890625 0.025390625 0.109375 0.0439453125 0.1103515625 0.05078125 0.1201171875 0.07421875 0.1455078125 0.0703125 0.15625 0.0595703125 0.15234375 0.0419921875 0.1337890625 0.025390625
2 0.3603515625 0.76953125 0.3369140625 0.763671875 0.3349609375 0.771484375 0.3544921875 0.80859375 0.3681640625 0.81640625 0.3828125 0.8134765625 0.376953125 0.7880859375 0.3603515625 0.76953125