2 0.6689453125 0.04296875 0.6845703125 0.072265625 0.6982421875 0.076171875 0.708984375 0.0712890625 0.712890625 0.0302734375 0.7080078125 0.0234375 0.6708984375 0.02734375 0.6689453125 0.04296875
2 0.8515625 0.2548828125 0.869140625 0.2666015625 0.8759765625 0.28515625 0.8876953125 0.29296875 0.9013671875 0.29296875 0.916015625 0.2822265625 0.921875 0.2431640625 0.892578125 0.2197265625 0.89453125 0.2021484375 0.8759765625 0.16796875 0.8515625 0.1728515625 0.84375 0.1923828125 0.8427734375 0.232421875 0.8515625 0.2548828125
2 0.5966796875 0.599609375 0.6064453125 0.61328125 0.6259765625 0.615234375 0.634765625 0.6044921875 0.6328125 0.5771484375 0.6259765625 0.5703125 0.6005859375 0.568359375 0.5966796875 0.599609375
2 0.154296875 0.6572265625 0.1484375 0.6435546875 0.1357421875 0.634765625 0.1044921875 0.638671875 0.0986328125 0.662109375 0.103515625 0.6826171875 0.1201171875 0.697265625 0.1455078125 0.693359375 0.15234375 0.6845703125 0.154296875 0.6572265625
2 0.1748046875 0.546875 0.1552734375 0.54296875 0.1376953125 0.55078125 0.123046875 0.5634765625 0.1240234375 0.57421875 0.1455078125 0.607421875 0.1748046875 0.61328125 0.19140625 0.6083984375 0.189453125 0.5673828125 0.1748046875 0.546875
2 0.1787109375 0.25390625 0.16796875 0.2646484375 0.1669921875 0.28125 0.1806640625 0.3046875 0.2001953125 0.306640625 0.216796875 0.2900390625 0.212890625 0.2587890625 0.2001953125 0.25 0.1787109375 0.25390625
2 0.7109375 0.8603515625 0.71484375 0.8466796875 0.716796875 0.8056640625 0.7080078125 0.791015625 0.6923828125 0.787109375 0.6875 0.7919921875 0.6865234375 0.8203125 0.6875 0.8603515625 0.6923828125 0.869140625 0.7001953125 0.869140625 0.7109375 0.8603515625
2 0.6591796875 0.44921875 0.673828125 0.4326171875 0.673828125 0.3974609375 0.6611328125 0.37890625 0.6357421875 0.37890625 0.625 0.3896484375 0.6220703125 0.404296875 0.630859375 0.4150390625 0.630859375 0.4306640625 0.6455078125 0.447265625 0.6591796875 0.44921875
2 0.658203125 0.3232421875 0.65625 0.3154296875 0.6318359375 0.310546875 0.6171875 0.3291015625 0.6162109375 0.34375 0.6416015625 0.345703125 0.658203125 0.3232421875
2 0.2841796875 0.44921875 0.2734375 0.4599609375 0.2705078125 0.48046875 0.2763671875 0.501953125 0.3212890625 0.494140625 0.330078125 0.4833984375 0.328125 0.4521484375 0.2958984375 0.4453125 0.2841796875 0.44921875
2 0.1162109375 0.47265625 0.103515625 0.4853515625 0.1025390625 0.505859375 0.1181640625 0.517578125 0.1455078125 0.517578125 0.154296875 0.5126953125 0.166015625 0.4892578125 0.1474609375 0.47265625 0.1162109375 0.47265625