2 0.1630859375 0.130859375 0.166015625 0.1474609375 0.1767578125 0.158203125 0.2197265625 0.15234375 0.2314453125 0.146484375 0.23828125 0.1337890625 0.236328125 0.1005859375 0.2158203125 0.08984375 0.1767578125 0.091796875 0.166015625 0.1005859375 0.1630859375 0.130859375
2 0.4658203125 0.154296875 0.4833984375 0.171875 0.5068359375 0.169921875 0.515625 0.1611328125 0.517578125 0.1240234375 0.4951171875 0.11328125 0.4658203125 0.1171875 0.4658203125 0.154296875
2 0.3720703125 0.099609375 0.4033203125 0.123046875 0.423828125 0.1201171875 0.412109375 0.0771484375 0.4013671875 0.068359375 0.3828125 0.0771484375 0.37109375 0.0908203125 0.3720703125 0.099609375
2 0.3212890625 0.443359375 0.330078125 0.4619140625 0.3388671875 0.46484375 0.349609375 0.4462890625 0.345703125 0.4267578125 0.3251953125 0.421875 0.3212890625 0.443359375
2 0.6982421875 0.201171875 0.7119140625 0.236328125 0.7236328125 0.236328125 0.734375 0.2255859375 0.732421875 0.2041015625 0.72265625 0.1982421875 0.7158203125 0.177734375 0.697265625 0.1884765625 0.6982421875 0.201171875
2 0.1240234375 0.5703125 0.1494140625 0.59375 0.16796875 0.5849609375 0.166015625 0.5654296875 0.1455078125 0.55078125 0.1337890625 0.55078125 0.125 0.5595703125 0.1240234375 0.5703125
2 0.5537109375 0.734375 0.5888671875 0.751953125 0.640625 0.7587890625 0.640625 0.7138671875 0.6318359375 0.703125 0.5869140625 0.703125 0.5556640625 0.724609375 0.5537109375 0.734375
2 0.2919921875 0.783203125 0.298828125 0.7841796875 0.294921875 0.7958984375 0.302734375 0.8076171875 0.296875 0.8115234375 0.3056640625 0.8125 0.3291015625 0.798828125 0.35546875 0.7724609375 0.359375 0.7529296875 0.3095703125 0.759765625 0.2919921875 0.783203125
2 0.2666015625 0.9140625 0.271484375 0.9169921875 0.271484375 0.9619140625 0.3076171875 0.966796875 0.30859375 0.9189453125 0.2802734375 0.89453125 0.265625 0.9033203125 0.2666015625 0.9140625
2 0.7763671875 0.345703125 0.7880859375 0.3671875 0.857421875 0.3505859375 0.8515625 0.3154296875 0.8076171875 0.30078125 0.779296875 0.3115234375 0.7763671875 0.345703125
2 1 0.8408203125 0.9501953125 0.833984375 0.9208984375 0.87890625 0.9306640625 0.890625 0.9619140625 0.900390625 0.9912109375 0.8984375 1 0.8916015625 1 0.8408203125
2 0.9482421875 0.6015625 0.9658203125 0.6328125 0.9775390625 0.6328125 1 0.6142578125 0.9990234375 0.546875 0.9814453125 0.548828125 0.9609375 0.5615234375 0.94921875 0.5849609375 0.9482421875 0.6015625
2 0.7685546875 0.892578125 0.7783203125 0.91015625 0.7958984375 0.91015625 0.796875 0.8740234375 0.7705078125 0.86328125 0.7685546875 0.892578125
2 0.2294921875 0.8828125 0.2626953125 0.8984375 0.2734375 0.8896484375 0.26953125 0.8525390625 0.2587890625 0.849609375 0.2431640625 0.85546875 0.2294921875 0.8828125
2 0.1044921875 0.982421875 0.1142578125 0.990234375 0.146484375 0.9873046875 0.15234375 0.9716796875 0.150390625 0.9462890625 0.1376953125 0.927734375 0.12109375 0.9287109375 0.12890625 0.9306640625 0.119140625 0.9365234375 0.103515625 0.9658203125 0.1044921875 0.982421875