2 0.111328125 0.9873046875 0.1181640625 0.99609375 0.1455078125 0.994140625 0.166015625 0.9716796875 0.1640625 0.9541015625 0.1484375 0.9443359375 0.1279296875 0.9453125 0.1171875 0.9541015625 0.111328125 0.9873046875
2 0.5341796875 0.8984375 0.5634765625 0.888671875 0.57421875 0.8759765625 0.578125 0.8271484375 0.5673828125 0.81640625 0.55078125 0.8115234375 0.5146484375 0.818359375 0.498046875 0.8388671875 0.494140625 0.8701171875 0.5 0.8896484375 0.5107421875 0.8984375 0.5341796875 0.8984375
2 0.01171875 0.6650390625 0.0205078125 0.68359375 0.0478515625 0.689453125 0.068359375 0.6728515625 0.072265625 0.6376953125 0.052734375 0.6298828125 0.0380859375 0.62890625 0.013671875 0.6455078125 0.01171875 0.6650390625
2 0.65234375 0.4736328125 0.658203125 0.4716796875 0.66015625 0.4462890625 0.65234375 0.4423828125 0.6484375 0.4111328125 0.615234375 0.3916015625 0.595703125 0.4013671875 0.59375 0.4189453125 0.578125 0.4462890625 0.578125 0.4716796875 0.5947265625 0.494140625 0.6435546875 0.5 0.65234375 0.4736328125
2 0.2607421875 0.244140625 0.2900390625 0.2421875 0.30859375 0.2197265625 0.3125 0.1982421875 0.3056640625 0.1875 0.29296875 0.1826171875 0.2763671875 0.1875 0.255859375 0.2099609375 0.251953125 0.2333984375 0.2607421875 0.244140625
2 0.61328125 0.1123046875 0.6201171875 0.119140625 0.6728515625 0.123046875 0.685546875 0.1142578125 0.68359375 0.0888671875 0.666015625 0.0595703125 0.6416015625 0.060546875 0.619140625 0.0751953125 0.61328125 0.1123046875
2 0.826171875 0.0654296875 0.8369140625 0.078125 0.8564453125 0.078125 0.87109375 0.0654296875 0.8671875 0.0302734375 0.857421875 0.0224609375 0.8369140625 0.025390625 0.828125 0.0419921875 0.826171875 0.0654296875
2 0.494140625 0.5166015625 0.50390625 0.4619140625 0.5009765625 0.453125 0.4990234375 0.4609375 0.49609375 0.4501953125 0.486328125 0.4443359375 0.4541015625 0.4453125 0.439453125 0.4521484375 0.435546875 0.4794921875 0.4462890625 0.513671875 0.4853515625 0.5234375 0.494140625 0.5166015625
2 0.71875 0.7060546875 0.720703125 0.7216796875 0.7275390625 0.7265625 0.7568359375 0.72265625 0.765625 0.7060546875 0.755859375 0.6923828125 0.7392578125 0.69140625 0.7236328125 0.69921875 0.71875 0.7060546875
2 0.888671875 0.5322265625 0.8857421875 0.564453125 0.9052734375 0.5625 0.9140625 0.5537109375 0.916015625 0.5322265625 0.90625 0.5244140625 0.8974609375 0.5234375 0.888671875 0.5322265625
2 1 0.7587890625 0.9873046875 0.7578125 0.978515625 0.7646484375 0.9775390625 0.783203125 1 0.7861328125 1 0.7587890625
2 0.5400390625 0.716796875 0.53125 0.7353515625 0.5380859375 0.740234375 0.5654296875 0.73828125 0.572265625 0.7177734375 0.560546875 0.7099609375 0.5400390625 0.716796875
2 0.2421875 0.8759765625 0.2001953125 0.876953125 0.193359375 0.8896484375 0.2158203125 0.90625 0.2421875 0.8876953125 0.2421875 0.8759765625