2 0.923828125 0.3017578125 0.927734375 0.3154296875 0.95703125 0.3310546875 0.97265625 0.3291015625 0.9765625 0.2919921875 0.9697265625 0.287109375 0.9287109375 0.291015625 0.923828125 0.3017578125
2 0.7978515625 0.10546875 0.7802734375 0.107421875 0.7568359375 0.078125 0.7177734375 0.083984375 0.70703125 0.0986328125 0.70703125 0.1123046875 0.71484375 0.1240234375 0.7333984375 0.130859375 0.7451171875 0.1484375 0.767578125 0.1572265625 0.8076171875 0.15625 0.8271484375 0.1484375 0.83203125 0.1240234375 0.7978515625 0.10546875
2 0.384765625 0.3740234375 0.38671875 0.3935546875 0.400390625 0.4033203125 0.431640625 0.3994140625 0.4296875 0.3740234375 0.4228515625 0.3671875 0.3955078125 0.365234375 0.384765625 0.3740234375
2 0.337890625 0.9013671875 0.361328125 0.8955078125 0.365234375 0.8642578125 0.3564453125 0.8515625 0.3427734375 0.845703125 0.3154296875 0.84765625 0.306640625 0.8544921875 0.302734375 0.8798828125 0.3173828125 0.896484375 0.337890625 0.9013671875
2 0.42578125 0.8759765625 0.4365234375 0.876953125 0.44921875 0.8623046875 0.45703125 0.8447265625 0.453125 0.8251953125 0.4326171875 0.810546875 0.3916015625 0.80859375 0.38671875 0.8251953125 0.392578125 0.8544921875 0.42578125 0.8759765625
2 0.6953125 0.8193359375 0.71875 0.8330078125 0.7353515625 0.83203125 0.74609375 0.8212890625 0.75 0.7998046875 0.7412109375 0.787109375 0.7099609375 0.783203125 0.693359375 0.7998046875 0.6953125 0.8193359375
2 0.2080078125 0.3125 0.212890625 0.3076171875 0.208984375 0.2919921875 0.1943359375 0.283203125 0.1533203125 0.28515625 0.1396484375 0.2890625 0.130859375 0.2998046875 0.130859375 0.3076171875 0.1396484375 0.3125 0.1796875 0.3134765625 0.2080078125 0.3125
2 0.6103515625 0.375 0.62109375 0.3642578125 0.62109375 0.3388671875 0.6025390625 0.326171875 0.5673828125 0.326171875 0.55078125 0.3408203125 0.552734375 0.3544921875 0.5693359375 0.369140625 0.5849609375 0.369140625 0.595703125 0.3779296875 0.6103515625 0.375
2 0.6845703125 0.34375 0.6767578125 0.341796875 0.654296875 0.3583984375 0.65625 0.3837890625 0.6708984375 0.3828125 0.689453125 0.3681640625 0.6845703125 0.34375
2 0.498046875 0.7236328125 0.51953125 0.7294921875 0.5400390625 0.7265625 0.55078125 0.7158203125 0.5546875 0.7041015625 0.5478515625 0.671875 0.5166015625 0.669921875 0.505859375 0.6787109375 0.498046875 0.7236328125
2 0.482421875 0.8818359375 0.494140625 0.8974609375 0.5146484375 0.896484375 0.52734375 0.8837890625 0.52734375 0.8525390625 0.5107421875 0.833984375 0.4873046875 0.845703125 0.482421875 0.8544921875 0.482421875 0.8818359375