2 0.10546875 0.0009765625 0.10546875 0.0380859375 0.1240234375 0.048828125 0.1435546875 0.046875 0.1484375 0.0380859375 0.138671875 0.0009765625 0.10546875 0.0009765625
2 0.966796875 0.1982421875 0.966796875 0.1865234375 0.951171875 0.1826171875 0.9287109375 0.19140625 0.921875 0.2060546875 0.9326171875 0.212890625 0.9580078125 0.208984375 0.966796875 0.1982421875
2 0.509765625 0.3642578125 0.49609375 0.3701171875 0.49609375 0.4033203125 0.5048828125 0.408203125 0.5361328125 0.404296875 0.541015625 0.3701171875 0.509765625 0.3642578125
2 0.5234375 0.1611328125 0.5439453125 0.173828125 0.5546875 0.1708984375 0.57421875 0.1416015625 0.5625 0.1044921875 0.5361328125 0.111328125 0.517578125 0.1240234375 0.517578125 0.1494140625 0.5234375 0.1611328125
2 0.869140625 0.4716796875 0.8837890625 0.478515625 0.9052734375 0.47265625 0.9150390625 0.458984375 0.919921875 0.4599609375 0.9052734375 0.4375 0.888671875 0.4384765625 0.8779296875 0.44140625 0.869140625 0.4541015625 0.869140625 0.4716796875
2 0.82421875 0.3955078125 0.81640625 0.4111328125 0.8232421875 0.431640625 0.8427734375 0.42578125 0.849609375 0.4052734375 0.8427734375 0.396484375 0.82421875 0.3955078125
2 0.291015625 0.4404296875 0.2822265625 0.42578125 0.263671875 0.4228515625 0.240234375 0.4404296875 0.23828125 0.4736328125 0.2763671875 0.482421875 0.2890625 0.4638671875 0.291015625 0.4404296875
2 0.3828125 0.2744140625 0.37890625 0.3056640625 0.3837890625 0.318359375 0.4169921875 0.33203125 0.45703125 0.3115234375 0.4609375 0.2744140625 0.4560546875 0.26953125 0.4423828125 0.263671875 0.400390625 0.2646484375 0.4013671875 0.26953125 0.3828125 0.2744140625
2 0.55078125 0.6044921875 0.529296875 0.6240234375 0.529296875 0.6455078125 0.5380859375 0.6640625 0.5712890625 0.681640625 0.580078125 0.6689453125 0.580078125 0.6259765625 0.5703125 0.6123046875 0.5703125 0.5986328125 0.5615234375 0.58984375 0.552734375 0.5908203125 0.55078125 0.6044921875
2 0.3095703125 0.658203125 0.337890625 0.6337890625 0.337890625 0.6220703125 0.3115234375 0.59765625 0.291015625 0.5927734375 0.27734375 0.6123046875 0.271484375 0.6474609375 0.2900390625 0.658203125 0.3095703125 0.658203125
2 0.060546875 0.3779296875 0.046875 0.3916015625 0.0556640625 0.427734375 0.0703125 0.4189453125 0.076171875 0.3818359375 0.0732421875 0.376953125 0.060546875 0.3779296875
2 0.3017578125 0.935546875 0.310546875 0.9267578125 0.3046875 0.8974609375 0.2841796875 0.87109375 0.26953125 0.8701171875 0.248046875 0.8876953125 0.248046875 0.9267578125 0.2724609375 0.939453125 0.3017578125 0.935546875
2 0.0732421875 0.904296875 0.099609375 0.8916015625 0.10546875 0.8642578125 0.0859375 0.8349609375 0.078125 0.8349609375 0.0556640625 0.83984375 0.048828125 0.8623046875 0.0546875 0.8896484375 0.0732421875 0.904296875
2 0.6484375 0.7919921875 0.63671875 0.8076171875 0.6376953125 0.828125 0.6572265625 0.8203125 0.666015625 0.8056640625 0.6611328125 0.79296875 0.6484375 0.7919921875
2 0.19140625 0.4697265625 0.19140625 0.4404296875 0.181640625 0.4365234375 0.1640625 0.4521484375 0.158203125 0.4658203125 0.162109375 0.4794921875 0.1787109375 0.4921875 0.19140625 0.4697265625
2 0.52734375 0.4873046875 0.515625 0.4619140625 0.494140625 0.4599609375 0.486328125 0.4658203125 0.494140625 0.4990234375 0.5048828125 0.505859375 0.5224609375 0.501953125 0.52734375 0.4873046875
2 0.306640625 0.2626953125 0.3115234375 0.26953125 0.3232421875 0.2734375 0.349609375 0.2548828125 0.359375 0.2236328125 0.359375 0.2177734375 0.349609375 0.2138671875 0.3154296875 0.21484375 0.306640625 0.2216796875 0.306640625 0.2626953125
2 0.1416015625 0.908203125 0.1591796875 0.90625 0.169921875 0.8935546875 0.169921875 0.8701171875 0.15625 0.8681640625 0.1376953125 0.87109375 0.126953125 0.8818359375 0.126953125 0.8955078125 0.1416015625 0.908203125
2 0 0.9462890625 0.0087890625 0.953125 0.017578125 0.9404296875 0.015625 0.9091796875 0 0.8974609375 0 0.9462890625
2 0.791015625 0.6005859375 0.79296875 0.6201171875 0.8046875 0.6396484375 0.8115234375 0.646484375 0.8583984375 0.650390625 0.865234375 0.6396484375 0.86328125 0.6083984375 0.8388671875 0.587890625 0.8125 0.5888671875 0.7998046875 0.58984375 0.791015625 0.6005859375