2 0.2353515625 0.7890625 0.236328125 0.7724609375 0.228515625 0.7607421875 0.2158203125 0.748046875 0.2060546875 0.75 0.193359375 0.7783203125 0.189453125 0.8056640625 0.2060546875 0.818359375 0.2314453125 0.8203125 0.2353515625 0.7890625
2 0.5341796875 0.490234375 0.5458984375 0.490234375 0.5595703125 0.4765625 0.5556640625 0.4609375 0.5400390625 0.458984375 0.52734375 0.4677734375 0.5234375 0.4794921875 0.5341796875 0.490234375
2 0.931640625 0.1982421875 0.9365234375 0.185546875 0.931640625 0.1669921875 0.9208984375 0.162109375 0.900390625 0.1767578125 0.89453125 0.2001953125 0.9033203125 0.2109375 0.9130859375 0.2109375 0.931640625 0.1982421875
2 0.35546875 0.2685546875 0.357421875 0.2802734375 0.3720703125 0.283203125 0.3857421875 0.26171875 0.3837890625 0.251953125 0.3642578125 0.255859375 0.35546875 0.2685546875
2 0.349609375 0.2744140625 0.337890625 0.3095703125 0.3486328125 0.30859375 0.3857421875 0.263671875 0.3837890625 0.251953125 0.3642578125 0.255859375 0.349609375 0.2744140625
2 0.341796875 0.2373046875 0.3330078125 0.232421875 0.3095703125 0.287109375 0.32421875 0.2763671875 0.3408203125 0.25 0.341796875 0.2373046875
2 0.126953125 0.8251953125 0.1396484375 0.83203125 0.1572265625 0.826171875 0.1650390625 0.8125 0.1630859375 0.80078125 0.125 0.8056640625 0.126953125 0.8251953125
2 0.2880859375 0.51953125 0.318359375 0.4775390625 0.3212890625 0.46484375 0.3193359375 0.458984375 0.3076171875 0.458984375 0.296875 0.4697265625 0.287109375 0.4951171875 0.2880859375 0.51953125
2 0.3447265625 0.47265625 0.3349609375 0.47265625 0.328125 0.4873046875 0.3427734375 0.490234375 0.3486328125 0.484375 0.3447265625 0.47265625
2 0.4189453125 0.671875 0.404296875 0.6826171875 0.38671875 0.7119140625 0.3916015625 0.732421875 0.4267578125 0.68359375 0.4189453125 0.671875
2 0.3134765625 0.931640625 0.3544921875 0.931640625 0.3505859375 0.9140625 0.3046875 0.9208984375 0.3134765625 0.931640625
2 0.2568359375 0.943359375 0.2666015625 0.943359375 0.2763671875 0.931640625 0.275390625 0.9072265625 0.265625 0.8896484375 0.2568359375 0.88671875 0.25 0.9345703125 0.2568359375 0.943359375