2 0.658203125 0.4326171875 0.673828125 0.4228515625 0.6796875 0.4091796875 0.673828125 0.3818359375 0.6650390625 0.373046875 0.6318359375 0.3828125 0.62109375 0.3955078125 0.62109375 0.4150390625 0.6396484375 0.431640625 0.658203125 0.4326171875
2 0.54296875 0.6318359375 0.552734375 0.6064453125 0.548828125 0.5693359375 0.5302734375 0.5546875 0.5009765625 0.5546875 0.498046875 0.5751953125 0.517578125 0.5927734375 0.53125 0.6298828125 0.54296875 0.6318359375
2 0.580078125 0.6083984375 0.61328125 0.5712890625 0.611328125 0.5498046875 0.6025390625 0.54296875 0.5859375 0.5556640625 0.572265625 0.6005859375 0.572265625 0.6083984375 0.580078125 0.6083984375
2 0.416015625 0.2275390625 0.41796875 0.2177734375 0.4033203125 0.197265625 0.3818359375 0.193359375 0.376953125 0.1982421875 0.376953125 0.2099609375 0.3916015625 0.224609375 0.416015625 0.2275390625
2 0.4375 0.2392578125 0.4521484375 0.236328125 0.484375 0.2021484375 0.494140625 0.1845703125 0.4912109375 0.173828125 0.435546875 0.2197265625 0.4296875 0.2373046875 0.4375 0.2392578125
2 0.673828125 0.1806640625 0.6875 0.1689453125 0.697265625 0.1396484375 0.69921875 0.1220703125 0.6923828125 0.1171875 0.67578125 0.1220703125 0.6640625 0.1650390625 0.6640625 0.1767578125 0.673828125 0.1806640625
2 0.69140625 0.1982421875 0.71484375 0.1630859375 0.72265625 0.1337890625 0.7197265625 0.119140625 0.697265625 0.1435546875 0.6875 0.1884765625 0.69140625 0.1982421875
2 0.712890625 0.2138671875 0.7236328125 0.2109375 0.75 0.1845703125 0.7578125 0.1689453125 0.7529296875 0.15234375 0.7392578125 0.15234375 0.69921875 0.1884765625 0.697265625 0.2099609375 0.712890625 0.2138671875
2 0.701171875 0.2412109375 0.71484375 0.2255859375 0.7099609375 0.21484375 0.6982421875 0.21484375 0.6875 0.2255859375 0.689453125 0.2392578125 0.701171875 0.2412109375
2 0.720703125 0.2626953125 0.728515625 0.2529296875 0.7255859375 0.23828125 0.7158203125 0.23828125 0.708984375 0.2490234375 0.708984375 0.2607421875 0.720703125 0.2626953125
2 0.701171875 0.3916015625 0.7177734375 0.380859375 0.7373046875 0.37890625 0.740234375 0.3662109375 0.7138671875 0.3515625 0.6943359375 0.353515625 0.685546875 0.3642578125 0.68359375 0.3798828125 0.6904296875 0.390625 0.701171875 0.3916015625
2 0.341796875 0.7275390625 0.345703125 0.7177734375 0.3330078125 0.69921875 0.3271484375 0.697265625 0.310546875 0.7099609375 0.3173828125 0.728515625 0.341796875 0.7275390625
2 0.91796875 0.3955078125 0.9296875 0.3896484375 0.9345703125 0.353515625 0.9189453125 0.357421875 0.900390625 0.3798828125 0.9013671875 0.39453125 0.91796875 0.3955078125
2 0.22265625 0.9208984375 0.236328125 0.9111328125 0.236328125 0.9033203125 0.2080078125 0.884765625 0.19921875 0.8955078125 0.201171875 0.9091796875 0.2119140625 0.921875 0.22265625 0.9208984375
2 0.24609375 0.7333984375 0.2890625 0.6943359375 0.2861328125 0.68359375 0.2646484375 0.693359375 0.240234375 0.7158203125 0.240234375 0.7333984375 0.24609375 0.7333984375
2 0.958984375 0.1279296875 0.962890625 0.0556640625 0.9423828125 0.046875 0.935546875 0.0712890625 0.9375 0.1162109375 0.958984375 0.1279296875