2 0.4326171875 0.341796875 0.4228515625 0.326171875 0.4091796875 0.3203125 0.3818359375 0.326171875 0.373046875 0.3349609375 0.3828125 0.3681640625 0.3955078125 0.37890625 0.4150390625 0.37890625 0.431640625 0.3603515625 0.4326171875 0.341796875
2 0.6318359375 0.45703125 0.6064453125 0.447265625 0.5693359375 0.451171875 0.5546875 0.4697265625 0.5546875 0.4990234375 0.5751953125 0.501953125 0.5927734375 0.482421875 0.6298828125 0.46875 0.6318359375 0.45703125
2 0.6083984375 0.419921875 0.5712890625 0.38671875 0.5498046875 0.388671875 0.54296875 0.3974609375 0.5556640625 0.4140625 0.6005859375 0.427734375 0.6083984375 0.427734375 0.6083984375 0.419921875
2 0.2275390625 0.583984375 0.2177734375 0.58203125 0.197265625 0.5966796875 0.193359375 0.6181640625 0.1982421875 0.623046875 0.2099609375 0.623046875 0.224609375 0.6083984375 0.2275390625 0.583984375
2 0.2392578125 0.5625 0.236328125 0.5478515625 0.2021484375 0.515625 0.1845703125 0.505859375 0.173828125 0.5087890625 0.2197265625 0.564453125 0.2373046875 0.5703125 0.2392578125 0.5625
2 0.1806640625 0.326171875 0.1689453125 0.3125 0.1396484375 0.302734375 0.1220703125 0.30078125 0.1171875 0.3076171875 0.1220703125 0.32421875 0.1650390625 0.3359375 0.1767578125 0.3359375 0.1806640625 0.326171875
2 0.1982421875 0.30859375 0.1630859375 0.28515625 0.1337890625 0.27734375 0.119140625 0.2802734375 0.1435546875 0.302734375 0.1884765625 0.3125 0.1982421875 0.30859375
2 0.2138671875 0.287109375 0.2109375 0.2763671875 0.1845703125 0.25 0.1689453125 0.2421875 0.15234375 0.2470703125 0.15234375 0.2607421875 0.1884765625 0.30078125 0.2099609375 0.302734375 0.2138671875 0.287109375
2 0.2412109375 0.298828125 0.2255859375 0.28515625 0.21484375 0.2900390625 0.21484375 0.3017578125 0.2255859375 0.3125 0.2392578125 0.310546875 0.2412109375 0.298828125
2 0.2626953125 0.279296875 0.2529296875 0.271484375 0.23828125 0.2744140625 0.23828125 0.2841796875 0.2490234375 0.291015625 0.2607421875 0.291015625 0.2626953125 0.279296875
2 0.3916015625 0.298828125 0.380859375 0.2822265625 0.37890625 0.2626953125 0.3662109375 0.259765625 0.3515625 0.2861328125 0.353515625 0.3056640625 0.3642578125 0.314453125 0.3798828125 0.31640625 0.390625 0.3095703125 0.3916015625 0.298828125
2 0.7275390625 0.658203125 0.7177734375 0.654296875 0.69921875 0.6669921875 0.697265625 0.6728515625 0.7099609375 0.689453125 0.728515625 0.6826171875 0.7275390625 0.658203125
2 0.3955078125 0.08203125 0.3896484375 0.0703125 0.353515625 0.0654296875 0.357421875 0.0810546875 0.3798828125 0.099609375 0.39453125 0.0986328125 0.3955078125 0.08203125
2 0.9208984375 0.77734375 0.9111328125 0.763671875 0.9033203125 0.763671875 0.884765625 0.7919921875 0.8955078125 0.80078125 0.9091796875 0.798828125 0.921875 0.7880859375 0.9208984375 0.77734375
2 0.7333984375 0.75390625 0.6943359375 0.7109375 0.68359375 0.7138671875 0.693359375 0.7353515625 0.7158203125 0.759765625 0.7333984375 0.759765625 0.7333984375 0.75390625
2 0.1279296875 0.041015625 0.0556640625 0.037109375 0.046875 0.0576171875 0.0712890625 0.064453125 0.1162109375 0.0625 0.1279296875 0.041015625