0 0.505859375 0.8076171875 0.4912109375 0.80078125 0.4833984375 0.7890625 0.4091796875 0.7890625 0.3984375 0.8017578125 0.390625 0.8271484375 0.39453125 0.8505859375 0.3828125 0.9033203125 0.3828125 0.9599609375 0.375 0.9775390625 0.375 0.9970703125 0.4921875 0.9990234375 0.525390625 0.9658203125 0.5390625 0.9423828125 0.5546875 0.8994140625 0.5546875 0.8837890625 0.5458984375 0.869140625 0.5322265625 0.8671875 0.51171875 0.8505859375 0.505859375 0.8076171875
0 0.326171875 0.5341796875 0.3203125 0.5556640625 0.302734375 0.5791015625 0.298828125 0.6123046875 0.30078125 0.6357421875 0.3095703125 0.64453125 0.322265625 0.6435546875 0.3818359375 0.623046875 0.4072265625 0.603515625 0.44921875 0.5849609375 0.45703125 0.5556640625 0.453125 0.5146484375 0.4228515625 0.462890625 0.3896484375 0.48046875 0.326171875 0.5341796875
0 0.306640625 0.6572265625 0.28515625 0.6923828125 0.283203125 0.7236328125 0.3037109375 0.744140625 0.3203125 0.7451171875 0.3564453125 0.7421875 0.376953125 0.7158203125 0.376953125 0.6962890625 0.3623046875 0.68359375 0.3505859375 0.681640625 0.3427734375 0.6640625 0.3154296875 0.65234375 0.306640625 0.6572265625
0 0.16796875 0.6611328125 0.154296875 0.6982421875 0.15234375 0.7255859375 0.1826171875 0.75 0.21875 0.7626953125 0.23046875 0.7548828125 0.2421875 0.7314453125 0.255859375 0.6376953125 0.2392578125 0.60546875 0.2080078125 0.59765625 0.193359375 0.6083984375 0.185546875 0.6376953125 0.16796875 0.6611328125
0 0.525390625 0.5126953125 0.51171875 0.5615234375 0.51171875 0.5986328125 0.517578125 0.6123046875 0.5556640625 0.625 0.587890625 0.6240234375 0.6376953125 0.6015625 0.662109375 0.5673828125 0.662109375 0.4716796875 0.6474609375 0.4296875 0.6162109375 0.427734375 0.5927734375 0.435546875 0.544921875 0.4794921875 0.525390625 0.5126953125
0 0.4609375 0.6103515625 0.486328125 0.6123046875 0.4951171875 0.609375 0.50390625 0.5947265625 0.5078125 0.5458984375 0.4970703125 0.51953125 0.4794921875 0.521484375 0.46875 0.5361328125 0.45703125 0.5810546875 0.4609375 0.6103515625
0 0.8974609375 0.310546875 0.8779296875 0.30859375 0.8486328125 0.29296875 0.8134765625 0.298828125 0.787109375 0.3154296875 0.78125 0.3271484375 0.779296875 0.3662109375 0.765625 0.3974609375 0.767578125 0.4677734375 0.8037109375 0.51953125 0.8134765625 0.517578125 0.8291015625 0.533203125 0.841796875 0.5341796875 0.8798828125 0.517578125 0.90234375 0.4990234375 0.908203125 0.4677734375 0.921875 0.4501953125 0.927734375 0.4287109375 0.923828125 0.3505859375 0.916015625 0.3330078125 0.8974609375 0.310546875
0 0.4580078125 0.314453125 0.4501953125 0.30859375 0.4287109375 0.310546875 0.41015625 0.3369140625 0.404296875 0.3818359375 0.41796875 0.4345703125 0.4384765625 0.466796875 0.46484375 0.4697265625 0.5224609375 0.4609375 0.568359375 0.3974609375 0.572265625 0.3369140625 0.548828125 0.2802734375 0.5380859375 0.26953125 0.4951171875 0.2734375 0.4609375 0.3037109375 0.4580078125 0.314453125
0 0.5693359375 0.259765625 0.55859375 0.2705078125 0.556640625 0.2978515625 0.57421875 0.3369140625 0.576171875 0.4169921875 0.5830078125 0.421875 0.65234375 0.4228515625 0.66015625 0.4208984375 0.666015625 0.3974609375 0.6328125 0.3701171875 0.62109375 0.3427734375 0.640625 0.3134765625 0.640625 0.2861328125 0.6201171875 0.2734375 0.5693359375 0.259765625
0 0.263671875 0.2294921875 0.279296875 0.2041015625 0.294921875 0.1474609375 0.29296875 0.1103515625 0.283203125 0.0869140625 0.2607421875 0.07421875 0.2353515625 0.046875 0.1962890625 0.0390625 0.1630859375 0.048828125 0.1015625 0.1259765625 0.08984375 0.1650390625 0.08984375 0.2080078125 0.1015625 0.2705078125 0.111328125 0.2763671875 0.12109375 0.2529296875 0.1484375 0.2333984375 0.1484375 0.2197265625 0.1611328125 0.208984375 0.1806640625 0.20703125 0.2119140625 0.228515625 0.2529296875 0.236328125 0.263671875 0.2294921875
0 0.29296875 0.0048828125 0.291015625 0.0302734375 0.30859375 0.0869140625 0.3271484375 0.1015625 0.36328125 0.1064453125 0.3779296875 0.09375 0.3974609375 0.091796875 0.3984375 0.0830078125 0.431640625 0.0576171875 0.44140625 0.0361328125 0.462890625 0.0146484375 0.4638671875 0.00390625 0.29296875 0.0048828125
0 0.39453125 0.2021484375 0.388671875 0.2509765625 0.4013671875 0.255859375 0.4208984375 0.2421875 0.4267578125 0.244140625 0.435546875 0.2626953125 0.423828125 0.2939453125 0.4345703125 0.302734375 0.4453125 0.3017578125 0.478515625 0.2783203125 0.51953125 0.2255859375 0.51953125 0.1982421875 0.509765625 0.1884765625 0.5078125 0.1748046875 0.4931640625 0.162109375 0.4267578125 0.166015625 0.39453125 0.2021484375