3 1 0.8330078125 0.9716796875 0.810546875 0.9443359375 0.806640625 0.9208984375 0.814453125 0.89453125 0.8427734375 0.8896484375 0.861328125 0.892578125 0.8974609375 0.9091796875 0.91796875 0.9306640625 0.931640625 0.9619140625 0.931640625 1 0.9111328125 1 0.8330078125
3 1 0.5146484375 0.9638671875 0.498046875 0.9365234375 0.5 0.908203125 0.5224609375 0.8955078125 0.55859375 0.900390625 0.5888671875 0.9169921875 0.60546875 0.9384765625 0.615234375 0.9794921875 0.615234375 1 0.6005859375 1 0.5146484375
3 0.8212890625 0.56640625 0.8388671875 0.556640625 0.8671875 0.5205078125 0.873046875 0.4990234375 0.8671875 0.4677734375 0.8583984375 0.45703125 0.8349609375 0.439453125 0.8056640625 0.431640625 0.7822265625 0.431640625 0.7529296875 0.44140625 0.732421875 0.4638671875 0.7294921875 0.478515625 0.728515625 0.5126953125 0.734375 0.5302734375 0.7548828125 0.55078125 0.7900390625 0.56640625 0.8212890625 0.56640625
3 0.521484375 0.6650390625 0.4951171875 0.646484375 0.4619140625 0.650390625 0.4423828125 0.681640625 0.443359375 0.7080078125 0.4697265625 0.7265625 0.5048828125 0.72265625 0.525390625 0.6982421875 0.521484375 0.6650390625
3 0.5595703125 1 0.572265625 0.9755859375 0.55859375 0.9501953125 0.55859375 0.9384765625 0.5458984375 0.921875 0.5263671875 0.921875 0.5029296875 0.931640625 0.4853515625 0.96484375 0.48828125 0.9814453125 0.5087890625 1 0.5595703125 1
3 0.49609375 0.9404296875 0.498046875 0.9189453125 0.4873046875 0.908203125 0.4658203125 0.90625 0.4453125 0.9189453125 0.4384765625 0.9375 0.439453125 0.9619140625 0.4501953125 0.97265625 0.4697265625 0.97265625 0.484375 0.9619140625 0.49609375 0.9404296875
3 0.4794921875 0.44140625 0.5 0.4228515625 0.51171875 0.3974609375 0.51171875 0.3759765625 0.5 0.3564453125 0.4794921875 0.33984375 0.4326171875 0.333984375 0.404296875 0.3505859375 0.388671875 0.3701171875 0.3837890625 0.388671875 0.384765625 0.4169921875 0.4052734375 0.44140625 0.4287109375 0.453125 0.4501953125 0.453125 0.4794921875 0.44140625
3 0.576171875 0.4833984375 0.568359375 0.4580078125 0.5498046875 0.44140625 0.5390625 0.4443359375 0.5458984375 0.44921875 0.5302734375 0.451171875 0.5107421875 0.478515625 0.513671875 0.5048828125 0.5322265625 0.515625 0.5595703125 0.509765625 0.5703125 0.5009765625 0.576171875 0.4833984375
3 0.2900390625 0.19921875 0.302734375 0.1845703125 0.3125 0.1552734375 0.3046875 0.1259765625 0.2568359375 0.08984375 0.2177734375 0.09375 0.197265625 0.1142578125 0.1904296875 0.14453125 0.193359375 0.1943359375 0.2060546875 0.208984375 0.2333984375 0.216796875 0.2646484375 0.21484375 0.2900390625 0.19921875
3 0.080078125 0.2744140625 0.0703125 0.2509765625 0.0439453125 0.23046875 0.0166015625 0.220703125 0.0009765625 0.22265625 0 0.3564453125 0.0283203125 0.357421875 0.0498046875 0.34765625 0.0703125 0.3232421875 0.080078125 0.2744140625
3 0.076171875 0.1689453125 0.0576171875 0.150390625 0.0341796875 0.154296875 0.0146484375 0.1796875 0.015625 0.2021484375 0.0341796875 0.21484375 0.0595703125 0.21484375 0.080078125 0.1943359375 0.076171875 0.1689453125
3 0.2802734375 0 0.291015625 0.0283203125 0.3125 0.0478515625 0.318359375 0.0732421875 0.3388671875 0.0859375 0.3740234375 0.083984375 0.4091796875 0.072265625 0.4453125 0.0322265625 0.45703125 0.0048828125 0.4560546875 0 0.2802734375 0
3 0.76171875 0.1689453125 0.76171875 0.1396484375 0.755859375 0.1279296875 0.7080078125 0.09765625 0.6591796875 0.10546875 0.650390625 0.1162109375 0.6494140625 0.1484375 0.65625 0.1748046875 0.6708984375 0.19140625 0.7373046875 0.19140625 0.7509765625 0.185546875 0.76171875 0.1689453125
3 0.8017578125 0 0.7890625 0.0263671875 0.7880859375 0.046875 0.796875 0.1025390625 0.8154296875 0.119140625 0.8759765625 0.13671875 0.912109375 0.1181640625 0.943359375 0.0634765625 0.94140625 0.0419921875 0.9013671875 0 0.8017578125 0
3 0.734375 0.0029296875 0.6083984375 0 0.609375 0.0068359375 0.6318359375 0.025390625 0.6708984375 0.03515625 0.7099609375 0.0234375 0.734375 0.0029296875
3 0.9169921875 0 0.9560546875 0.03125 1 0.0322265625 0.9990234375 0 0.9169921875 0
3 0.8466796875 0.408203125 0.8623046875 0.40234375 0.884765625 0.3798828125 0.892578125 0.3623046875 0.89453125 0.3291015625 0.8828125 0.2978515625 0.8544921875 0.26953125 0.8369140625 0.26171875 0.7744140625 0.26171875 0.744140625 0.2880859375 0.7353515625 0.3203125 0.73828125 0.3466796875 0.751953125 0.3779296875 0.7666015625 0.39453125 0.7919921875 0.408203125 0.8466796875 0.408203125