3 0.796875 0.5966796875 0.802734375 0.6220703125 0.8388671875 0.64453125 0.87890625 0.6513671875 0.9052734375 0.642578125 0.927734375 0.6123046875 0.9296875 0.5732421875 0.9140625 0.5458984375 0.8798828125 0.521484375 0.8271484375 0.521484375 0.796875 0.5439453125 0.796875 0.5966796875
3 0.6083984375 0.388671875 0.5908203125 0.3984375 0.56640625 0.4267578125 0.55859375 0.4482421875 0.55859375 0.4853515625 0.576171875 0.5185546875 0.6025390625 0.54296875 0.650390625 0.5517578125 0.6787109375 0.546875 0.70703125 0.5283203125 0.720703125 0.5048828125 0.720703125 0.4658203125 0.7109375 0.4423828125 0.6748046875 0.40625 0.6435546875 0.388671875 0.6083984375 0.388671875
3 0.80859375 0.3837890625 0.826171875 0.3525390625 0.82421875 0.3447265625 0.8037109375 0.328125 0.7724609375 0.330078125 0.76171875 0.3486328125 0.76953125 0.3759765625 0.7802734375 0.384765625 0.80859375 0.3837890625
3 0.521484375 0.3447265625 0.5390625 0.3251953125 0.537109375 0.3037109375 0.5166015625 0.28515625 0.4814453125 0.291015625 0.470703125 0.3056640625 0.474609375 0.3310546875 0.5009765625 0.345703125 0.521484375 0.3447265625
3 0.353515625 0.3779296875 0.3515625 0.4130859375 0.375 0.4755859375 0.4013671875 0.4921875 0.4296875 0.4951171875 0.4775390625 0.482421875 0.5 0.4580078125 0.509765625 0.3740234375 0.4853515625 0.3515625 0.4501953125 0.345703125 0.4169921875 0.36328125 0.3857421875 0.357421875 0.353515625 0.3779296875
3 0.7490234375 0.037109375 0.7197265625 0.04296875 0.697265625 0.0634765625 0.689453125 0.0888671875 0.689453125 0.1123046875 0.70703125 0.1533203125 0.7451171875 0.189453125 0.798828125 0.1943359375 0.8427734375 0.18359375 0.87890625 0.1572265625 0.884765625 0.1357421875 0.876953125 0.1005859375 0.865234375 0.0791015625 0.8427734375 0.056640625 0.8193359375 0.044921875 0.7490234375 0.037109375
3 0.861328125 0.9384765625 0.861328125 0.9111328125 0.8271484375 0.8828125 0.7900390625 0.880859375 0.771484375 0.9091796875 0.783203125 0.9501953125 0.828125 0.9560546875 0.861328125 0.9384765625
3 1 0.7314453125 0.9951171875 0.73046875 0.962890625 0.7529296875 0.953125 0.7724609375 0.953125 0.7978515625 0.958984375 0.8291015625 0.970703125 0.8505859375 0.9833984375 0.861328125 1 0.8642578125 1 0.7314453125
3 0.287109375 0.9365234375 0.298828125 0.9775390625 0.3212890625 0.99609375 0.365234375 0.9990234375 0.3740234375 0.986328125 0.4013671875 0.98828125 0.44921875 0.9345703125 0.443359375 0.9013671875 0.4052734375 0.865234375 0.3486328125 0.869140625 0.298828125 0.9130859375 0.287109375 0.9365234375
3 0.5341796875 0.955078125 0.4873046875 0.958984375 0.4580078125 0.9765625 0.435546875 0.9990234375 0.619140625 0.9990234375 0.5751953125 0.970703125 0.5341796875 0.955078125
3 0.1953125 0.8232421875 0.21875 0.8076171875 0.224609375 0.7783203125 0.2021484375 0.748046875 0.1708984375 0.74609375 0.15234375 0.7666015625 0.150390625 0.7978515625 0.1748046875 0.8203125 0.1953125 0.8232421875
3 0 0.9990234375 0.13671875 0.9990234375 0.150390625 0.9755859375 0.1640625 0.9111328125 0.162109375 0.8779296875 0.154296875 0.8583984375 0.142578125 0.8408203125 0.0830078125 0.787109375 0.0009765625 0.74609375 0 0.9990234375
3 0.111328125 0.2861328125 0.1240234375 0.302734375 0.146484375 0.3037109375 0.1806640625 0.291015625 0.193359375 0.2744140625 0.193359375 0.2666015625 0.1796875 0.2509765625 0.1591796875 0.23828125 0.1279296875 0.2421875 0.109375 0.2685546875 0.111328125 0.2861328125
3 0.14453125 0.3642578125 0.142578125 0.3740234375 0.1484375 0.3818359375 0.146484375 0.4033203125 0.181640625 0.4521484375 0.208984375 0.4560546875 0.2568359375 0.44921875 0.265625 0.4423828125 0.279296875 0.4150390625 0.279296875 0.3720703125 0.2646484375 0.3515625 0.2216796875 0.330078125 0.2001953125 0.30859375 0.14453125 0.3642578125
3 0.357421875 0.1943359375 0.3779296875 0.189453125 0.392578125 0.1650390625 0.3466796875 0.126953125 0.3134765625 0.13671875 0.302734375 0.1494140625 0.306640625 0.1806640625 0.3251953125 0.193359375 0.357421875 0.1943359375
3 0.21875 0.0634765625 0.2548828125 0.095703125 0.3046875 0.1083984375 0.3505859375 0.095703125 0.365234375 0.0830078125 0.37890625 0.0419921875 0.373046875 0.0068359375 0.3544921875 0.001953125 0.2099609375 0.00390625 0.208984375 0.0419921875 0.21875 0.0634765625
3 0.048828125 0.1455078125 0.05078125 0.1005859375 0.0263671875 0.064453125 0.0009765625 0.0546875 0.00390625 0.2021484375 0.037109375 0.1806640625 0.048828125 0.1455078125