3 0.0341796875 0.03515625 0.021484375 0.0458984375 0.03125 0.0478515625 0.0263671875 0.052734375 0.017578125 0.0498046875 0.0009765625 0.08984375 0 0.1611328125 0.0166015625 0.19140625 0.0537109375 0.208984375 0.0751953125 0.208984375 0.1025390625 0.21875 0.1240234375 0.21484375 0.16015625 0.1923828125 0.189453125 0.1494140625 0.19140625 0.1025390625 0.181640625 0.0712890625 0.1572265625 0.04296875 0.1220703125 0.02734375 0.0341796875 0.03515625
3 0.19921875 0.3056640625 0.193359375 0.2705078125 0.1728515625 0.2578125 0.1513671875 0.2578125 0.126953125 0.2763671875 0.1220703125 0.29296875 0.123046875 0.3193359375 0.138671875 0.3505859375 0.1611328125 0.36328125 0.1865234375 0.36328125 0.193359375 0.3544921875 0.19921875 0.3056640625
3 0.1708984375 0.69140625 0.1474609375 0.693359375 0.1142578125 0.70703125 0.078125 0.7392578125 0.05859375 0.7783203125 0.0498046875 0.8203125 0.056640625 0.8603515625 0.0927734375 0.908203125 0.1494140625 0.919921875 0.1845703125 0.91796875 0.22265625 0.8916015625 0.2578125 0.8447265625 0.263671875 0.8095703125 0.2578125 0.7587890625 0.2197265625 0.71484375 0.1982421875 0.701171875 0.1708984375 0.69140625
3 0.1796875 0.9970703125 0.1796875 0.9912109375 0.1494140625 0.96484375 0.1240234375 0.95703125 0.0888671875 0.962890625 0.0732421875 0.990234375 0.0732421875 1 0.1796875 0.9970703125
3 0.4296875 0.8916015625 0.3935546875 0.869140625 0.2958984375 0.8671875 0.2705078125 0.87890625 0.234375 0.9150390625 0.2099609375 0.962890625 0.2255859375 1 0.48046875 0.9990234375 0.455078125 0.9560546875 0.4296875 0.8916015625
3 0.5791015625 1 0.61328125 0.9345703125 0.60546875 0.9169921875 0.5654296875 0.880859375 0.5263671875 0.861328125 0.4736328125 0.8671875 0.458984375 0.8798828125 0.4521484375 0.90625 0.45703125 0.9462890625 0.4951171875 1 0.5791015625 1
3 0.7158203125 0.9375 0.6845703125 0.927734375 0.6552734375 0.9296875 0.6220703125 0.94140625 0.6015625 0.9619140625 0.5869140625 0.9921875 0.5869140625 1 0.744140625 0.9990234375 0.734375 0.9541015625 0.7158203125 0.9375
3 0.9501953125 0.943359375 0.8544921875 0.8828125 0.8173828125 0.880859375 0.7958984375 0.88671875 0.787109375 0.8935546875 0.7841796875 0.912109375 0.80078125 0.9736328125 0.8173828125 1 0.99609375 0.9990234375 0.99609375 0.9697265625 0.9814453125 0.955078125 0.9501953125 0.943359375
3 0.9931640625 0.720703125 0.9619140625 0.70703125 0.9404296875 0.70703125 0.9013671875 0.73046875 0.890625 0.7412109375 0.8857421875 0.7578125 0.89453125 0.8037109375 0.9189453125 0.830078125 0.9521484375 0.845703125 0.99609375 0.8466796875 0.998046875 0.7392578125 0.9931640625 0.720703125
3 0.8583984375 0.818359375 0.876953125 0.8037109375 0.8671875 0.7587890625 0.8544921875 0.740234375 0.8115234375 0.736328125 0.7919921875 0.7578125 0.794921875 0.7822265625 0.8134765625 0.806640625 0.8583984375 0.818359375
3 0.9423828125 0.61328125 0.9287109375 0.611328125 0.9169921875 0.6015625 0.8642578125 0.59765625 0.8447265625 0.6015625 0.8212890625 0.62109375 0.8359375 0.7001953125 0.8525390625 0.71875 0.9033203125 0.716796875 0.943359375 0.6865234375 0.94921875 0.6337890625 0.9423828125 0.61328125
3 0.666015625 0.5732421875 0.66015625 0.5498046875 0.6142578125 0.51171875 0.5908203125 0.509765625 0.5712890625 0.51953125 0.5537109375 0.55859375 0.55859375 0.5927734375 0.5966796875 0.62890625 0.6396484375 0.626953125 0.662109375 0.6044921875 0.666015625 0.5732421875
3 0.8369140625 0.265625 0.8076171875 0.255859375 0.7744140625 0.25390625 0.7412109375 0.263671875 0.71484375 0.2880859375 0.6982421875 0.333984375 0.705078125 0.3662109375 0.7353515625 0.40234375 0.7744140625 0.412109375 0.8076171875 0.412109375 0.8232421875 0.408203125 0.857421875 0.3779296875 0.875 0.3369140625 0.875 0.3154296875 0.8671875 0.2919921875 0.8369140625 0.265625
3 0.4091796875 0.775390625 0.427734375 0.7470703125 0.421875 0.7177734375 0.3876953125 0.693359375 0.3544921875 0.701171875 0.3388671875 0.728515625 0.341796875 0.7568359375 0.3603515625 0.775390625 0.3740234375 0.779296875 0.4091796875 0.775390625
3 0.3623046875 0.19921875 0.3369140625 0.193359375 0.3173828125 0.205078125 0.2431640625 0.228515625 0.23046875 0.2509765625 0.2216796875 0.3203125 0.2265625 0.3427734375 0.2763671875 0.390625 0.2978515625 0.40234375 0.3818359375 0.39453125 0.3984375 0.3759765625 0.400390625 0.3583984375 0.388671875 0.3427734375 0.38671875 0.3271484375 0.3984375 0.3115234375 0.3984375 0.2802734375 0.376953125 0.2158203125 0.3623046875 0.19921875
3 0.4150390625 0.0703125 0.4296875 0.0595703125 0.443359375 0.0361328125 0.451171875 0.0009765625 0.3447265625 0 0.3408203125 0.0078125 0.341796875 0.0537109375 0.3525390625 0.06640625 0.3876953125 0.07421875 0.4150390625 0.0703125
3 0.4130859375 0.1796875 0.423828125 0.1650390625 0.423828125 0.1240234375 0.4052734375 0.111328125 0.3759765625 0.1171875 0.3642578125 0.13671875 0.3671875 0.1650390625 0.3876953125 0.18359375 0.4130859375 0.1796875
3 0.6396484375 0.25390625 0.658203125 0.2353515625 0.658203125 0.2021484375 0.6396484375 0.181640625 0.5927734375 0.185546875 0.5830078125 0.203125 0.5859375 0.2333984375 0.6025390625 0.25390625 0.6396484375 0.25390625
3 0.9140625 0.1142578125 0.908203125 0.1044921875 0.8369140625 0.0546875 0.7744140625 0.0546875 0.755859375 0.0751953125 0.7451171875 0.1171875 0.751953125 0.1513671875 0.7734375 0.1845703125 0.8056640625 0.205078125 0.8310546875 0.20703125 0.8779296875 0.19140625 0.91015625 0.1630859375 0.9140625 0.1142578125
3 0.5947265625 0 0.603515625 0.0166015625 0.6259765625 0.037109375 0.6767578125 0.052734375 0.7060546875 0.05078125 0.7353515625 0.037109375 0.759765625 0.0068359375 0.7587890625 0 0.5947265625 0
3 0.8134765625 0 0.8427734375 0.03125 0.9091796875 0.064453125 0.9482421875 0.05859375 0.99609375 0.0087890625 0.9951171875 0 0.8134765625 0