3 0.0888671875 0 0.068359375 0.0380859375 0.068359375 0.0693359375 0.08203125 0.0908203125 0.1025390625 0.107421875 0.138671875 0.1103515625 0.1572265625 0.10546875 0.185546875 0.0791015625 0.193359375 0.0556640625 0.189453125 0.0283203125 0.1669921875 0 0.0888671875 0
3 0.3994140625 0 0.384765625 0.0205078125 0.384765625 0.0615234375 0.39453125 0.0830078125 0.4111328125 0.099609375 0.44140625 0.1044921875 0.4775390625 0.091796875 0.5 0.0634765625 0.501953125 0.0361328125 0.4853515625 0 0.3994140625 0
3 0.443359375 0.1611328125 0.43359375 0.1787109375 0.43359375 0.2099609375 0.44921875 0.2451171875 0.4697265625 0.265625 0.4873046875 0.271484375 0.521484375 0.2705078125 0.5361328125 0.267578125 0.55859375 0.2470703125 0.568359375 0.2177734375 0.568359375 0.1943359375 0.560546875 0.1650390625 0.54296875 0.1416015625 0.5322265625 0.1328125 0.5009765625 0.126953125 0.4794921875 0.1328125 0.443359375 0.1611328125
3 0.353515625 0.5048828125 0.3349609375 0.478515625 0.3017578125 0.474609375 0.27734375 0.4951171875 0.2734375 0.5302734375 0.2919921875 0.556640625 0.318359375 0.5576171875 0.349609375 0.5380859375 0.353515625 0.5048828125
3 0 0.4912109375 0.0185546875 0.51171875 0.03515625 0.5146484375 0.068359375 0.4970703125 0.078125 0.4736328125 0.078125 0.4541015625 0.0615234375 0.44140625 0.0498046875 0.44140625 0.0244140625 0.427734375 0 0.4404296875 0 0.4912109375
3 0.0625 0.5615234375 0.0810546875 0.5546875 0.09375 0.5341796875 0.091796875 0.5126953125 0.0810546875 0.501953125 0.0595703125 0.50390625 0.0380859375 0.515625 0.02734375 0.5302734375 0.02734375 0.5498046875 0.0380859375 0.560546875 0.0625 0.5615234375
3 0.546875 0.5498046875 0.546875 0.5712890625 0.55859375 0.5947265625 0.5830078125 0.615234375 0.611328125 0.6162109375 0.6298828125 0.611328125 0.6494140625 0.595703125 0.666015625 0.5673828125 0.66015625 0.5205078125 0.6435546875 0.5 0.6240234375 0.48828125 0.6025390625 0.48828125 0.5771484375 0.5 0.55859375 0.5205078125 0.546875 0.5498046875
3 0.4951171875 0.486328125 0.521484375 0.4892578125 0.548828125 0.4697265625 0.55078125 0.4541015625 0.5556640625 0.4609375 0.55859375 0.4501953125 0.5419921875 0.431640625 0.5166015625 0.423828125 0.4990234375 0.4296875 0.490234375 0.4404296875 0.484375 0.4677734375 0.4951171875 0.486328125
3 0.791015625 0.7939453125 0.8056640625 0.806640625 0.85546875 0.8095703125 0.8857421875 0.802734375 0.90625 0.7822265625 0.91015625 0.7431640625 0.8740234375 0.6953125 0.8447265625 0.6875 0.8154296875 0.697265625 0.80078125 0.7099609375 0.78515625 0.7353515625 0.783203125 0.7666015625 0.791015625 0.7939453125
3 0.779296875 0.9833984375 0.76953125 0.9560546875 0.7490234375 0.9296875 0.7255859375 0.919921875 0.6767578125 0.9296875 0.65234375 0.9501953125 0.642578125 0.9716796875 0.6435546875 1 0.77734375 0.9990234375 0.779296875 0.9833984375
3 0.849609375 0.9423828125 0.8310546875 0.923828125 0.8056640625 0.919921875 0.78515625 0.9404296875 0.78515625 0.9658203125 0.7978515625 0.984375 0.8203125 0.9853515625 0.845703125 0.9658203125 0.849609375 0.9423828125
3 1 0.5439453125 0.9951171875 0.54296875 0.9677734375 0.5546875 0.927734375 0.5908203125 0.916015625 0.6259765625 0.9140625 0.6611328125 0.9267578125 0.681640625 0.9521484375 0.6875 0.9716796875 0.708984375 1 0.7197265625 1 0.5439453125
3 0.8251953125 0.34375 0.8515625 0.3505859375 0.8837890625 0.349609375 0.89453125 0.3408203125 0.90234375 0.2919921875 0.8720703125 0.244140625 0.8603515625 0.23828125 0.8310546875 0.23828125 0.814453125 0.2490234375 0.80859375 0.2626953125 0.80859375 0.3291015625 0.8251953125 0.34375
3 1 0.0986328125 0.9580078125 0.05859375 0.9365234375 0.056640625 0.8818359375 0.087890625 0.86328125 0.1240234375 0.880859375 0.1845703125 0.8974609375 0.203125 0.953125 0.2119140625 0.9736328125 0.2109375 1 0.1982421875 1 0.0986328125
3 0.974609375 0.3681640625 0.9931640625 0.390625 1 0.3916015625 0.9970703125 0.265625 0.9765625 0.2900390625 0.96484375 0.3291015625 0.974609375 0.3681640625
3 1 0.0009765625 0.9677734375 0 0.96875 0.0439453125 1 0.0830078125 1 0.0009765625
3 0.591796875 0.1533203125 0.591796875 0.2080078125 0.60546875 0.2333984375 0.6220703125 0.248046875 0.6533203125 0.26171875 0.6796875 0.2646484375 0.7119140625 0.255859375 0.73828125 0.2255859375 0.73828125 0.1630859375 0.73046875 0.1455078125 0.7021484375 0.1171875 0.6708984375 0.10546875 0.6376953125 0.107421875 0.6201171875 0.115234375 0.59765625 0.1376953125 0.591796875 0.1533203125