3 0.1748046875 0.171875 0.14453125 0.2001953125 0.140625 0.2197265625 0.15234375 0.2275390625 0.16015625 0.2783203125 0.1806640625 0.30859375 0.2158203125 0.318359375 0.2578125 0.3193359375 0.2900390625 0.3125 0.3203125 0.2841796875 0.3359375 0.2509765625 0.33203125 0.2216796875 0.2724609375 0.15234375 0.2216796875 0.15234375 0.1962890625 0.16796875 0.1748046875 0.171875
3 0.04296875 0.1728515625 0.04296875 0.1962890625 0.080078125 0.1982421875 0.1279296875 0.1796875 0.14453125 0.1630859375 0.169921875 0.1142578125 0.169921875 0.1025390625 0.1611328125 0.091796875 0.1181640625 0.0859375 0.06640625 0.1240234375 0.04296875 0.1728515625
3 0.048828125 0.2724609375 0.0732421875 0.29296875 0.109375 0.2978515625 0.134765625 0.2822265625 0.1328125 0.2470703125 0.12109375 0.2158203125 0.1083984375 0.208984375 0.0517578125 0.20703125 0.0390625 0.2353515625 0.0390625 0.2509765625 0.048828125 0.2724609375
3 0.1708984375 0.431640625 0.193359375 0.4365234375 0.21875 0.4228515625 0.228515625 0.4033203125 0.2265625 0.3876953125 0.2021484375 0.3671875 0.1708984375 0.365234375 0.154296875 0.3818359375 0.154296875 0.4111328125 0.1708984375 0.431640625
3 0.01953125 0.4716796875 0.021484375 0.5087890625 0.0595703125 0.55078125 0.095703125 0.5576171875 0.115234375 0.5458984375 0.130859375 0.5185546875 0.1328125 0.4970703125 0.125 0.4755859375 0.0966796875 0.44921875 0.0634765625 0.4453125 0.0419921875 0.451171875 0.01953125 0.4716796875
3 0.048828125 0.6083984375 0.048828125 0.5888671875 0.041015625 0.5556640625 0.0009765625 0.509765625 0.001953125 0.6650390625 0.0390625 0.6318359375 0.048828125 0.6083984375
3 0.1484375 0.6787109375 0.15234375 0.6904296875 0.1728515625 0.7109375 0.201171875 0.7138671875 0.2177734375 0.70703125 0.23046875 0.6923828125 0.236328125 0.6513671875 0.2119140625 0.625 0.1884765625 0.62109375 0.1689453125 0.62890625 0.154296875 0.6435546875 0.1484375 0.6787109375
3 0.279296875 0.5029296875 0.314453125 0.4814453125 0.3203125 0.4560546875 0.3017578125 0.43359375 0.2587890625 0.423828125 0.232421875 0.4501953125 0.23046875 0.4775390625 0.2470703125 0.5 0.279296875 0.5029296875
3 0.3125 0.0244140625 0.3154296875 0 0.21484375 0.0009765625 0.21875 0.0244140625 0.2353515625 0.0390625 0.2529296875 0.044921875 0.283203125 0.0439453125 0.3125 0.0244140625
3 0.453125 0.0537109375 0.4931640625 0.0390625 0.51171875 0.0166015625 0.513671875 0.0009765625 0.380859375 0.0009765625 0.388671875 0.0244140625 0.4091796875 0.046875 0.4287109375 0.0546875 0.453125 0.0537109375
3 0.037109375 0.1005859375 0.05078125 0.0712890625 0.05078125 0.0517578125 0.0390625 0.0224609375 0.0146484375 0 0 0.0009765625 0.00390625 0.1337890625 0.037109375 0.1005859375
3 0.5205078125 1 0.669921875 0.9990234375 0.671875 0.9853515625 0.662109375 0.9697265625 0.6337890625 0.943359375 0.6064453125 0.93359375 0.5595703125 0.93359375 0.5439453125 0.939453125 0.51953125 0.9619140625 0.5205078125 1
3 0.28515625 0.9658203125 0.2587890625 0.94921875 0.2060546875 0.9453125 0.189453125 0.9580078125 0.1796875 0.9794921875 0.1806640625 1 0.279296875 0.9990234375 0.28515625 0.9658203125