3 0.5947265625 0 0.576171875 0.0087890625 0.537109375 0.0732421875 0.5234375 0.1123046875 0.529296875 0.1611328125 0.55078125 0.1962890625 0.5712890625 0.216796875 0.5986328125 0.228515625 0.6220703125 0.228515625 0.6591796875 0.22265625 0.689453125 0.2060546875 0.71484375 0.1572265625 0.712890625 0.0712890625 0.720703125 0.0458984375 0.7197265625 0.005859375 0.7177734375 0 0.5947265625 0
3 0.8486328125 0.4453125 0.841796875 0.4208984375 0.8271484375 0.404296875 0.8017578125 0.396484375 0.7763671875 0.3984375 0.7626953125 0.404296875 0.744140625 0.4267578125 0.736328125 0.4755859375 0.740234375 0.4873046875 0.7666015625 0.515625 0.7880859375 0.525390625 0.8193359375 0.525390625 0.833984375 0.5146484375 0.845703125 0.4931640625 0.8486328125 0.4453125
3 0.9619140625 0.462890625 0.94140625 0.4150390625 0.912109375 0.3681640625 0.9013671875 0.36328125 0.884765625 0.3857421875 0.87890625 0.4208984375 0.87890625 0.4599609375 0.89453125 0.5283203125 0.888671875 0.5341796875 0.9072265625 0.548828125 0.9326171875 0.544921875 0.955078125 0.5166015625 0.962890625 0.4931640625 0.9619140625 0.462890625
3 0.9990234375 0.271484375 0.9716796875 0.271484375 0.9404296875 0.28515625 0.92578125 0.3037109375 0.91796875 0.3369140625 0.921875 0.3623046875 0.9453125 0.3974609375 0.9951171875 0.43359375 1 0.4326171875 0.9990234375 0.271484375
3 0.9990234375 0.70703125 0.9697265625 0.7109375 0.951171875 0.7431640625 0.953125 0.7900390625 0.9775390625 0.81640625 0.9951171875 0.82421875 1 0.8232421875 0.9990234375 0.70703125
3 0.8603515625 0.998046875 0.8037109375 0.958984375 0.7451171875 0.966796875 0.70703125 0.9970703125 0.8603515625 0.998046875
3 0.5146484375 0.869140625 0.5078125 0.8525390625 0.4892578125 0.837890625 0.4658203125 0.833984375 0.4482421875 0.841796875 0.435546875 0.8564453125 0.435546875 0.8935546875 0.4658203125 0.91796875 0.4931640625 0.91796875 0.513671875 0.8916015625 0.5146484375 0.869140625
3 0.4072265625 0.6640625 0.3994140625 0.650390625 0.3564453125 0.646484375 0.3427734375 0.650390625 0.328125 0.6650390625 0.322265625 0.6787109375 0.32421875 0.7021484375 0.3544921875 0.740234375 0.3896484375 0.740234375 0.400390625 0.7333984375 0.408203125 0.7197265625 0.4072265625 0.6640625
3 0.1455078125 0.6953125 0.130859375 0.6455078125 0.0947265625 0.607421875 0.0517578125 0.6015625 0.0068359375 0.623046875 0.001953125 0.6298828125 0.00390625 0.8271484375 0.0224609375 0.8359375 0.0380859375 0.833984375 0.1123046875 0.794921875 0.140625 0.7529296875 0.146484375 0.7314453125 0.1455078125 0.6953125
3 0.4560546875 0 0.3515625 0.0009765625 0.3779296875 0.0234375 0.4111328125 0.03125 0.4365234375 0.021484375 0.4560546875 0
3 0.1083984375 0.326171875 0.0966796875 0.298828125 0.0634765625 0.296875 0.056640625 0.2880859375 0.0625 0.2724609375 0.0546875 0.1884765625 0.0302734375 0.166015625 0.0048828125 0.154296875 0 0.1708984375 0.00390625 0.4150390625 0.0419921875 0.419921875 0.0556640625 0.4140625 0.087890625 0.3720703125 0.09375 0.3525390625 0.109375 0.3408203125 0.1083984375 0.326171875