3 1 0.6533203125 0.974609375 0.6416015625 0.9228515625 0.646484375 0.8857421875 0.662109375 0.86328125 0.6806640625 0.853515625 0.7275390625 0.859375 0.7470703125 0.8701171875 0.7578125 0.8837890625 0.763671875 0.9111328125 0.76171875 0.9541015625 0.74609375 1 0.7412109375 1 0.6533203125
3 0.56640625 0.6748046875 0.576171875 0.7294921875 0.6044921875 0.76171875 0.6337890625 0.767578125 0.6689453125 0.765625 0.6826171875 0.759765625 0.7109375 0.7275390625 0.708984375 0.6708984375 0.6845703125 0.642578125 0.662109375 0.6279296875 0.6142578125 0.62890625 0.5869140625 0.64453125 0.56640625 0.6748046875
3 0.55078125 0.9404296875 0.5771484375 0.974609375 0.6123046875 0.986328125 0.6298828125 0.986328125 0.6533203125 0.9765625 0.67578125 0.9462890625 0.68359375 0.9228515625 0.68359375 0.8916015625 0.67578125 0.8701171875 0.6533203125 0.84765625 0.634765625 0.8427734375 0.5693359375 0.84765625 0.552734375 0.8603515625 0.55078125 0.9404296875
3 0.36328125 0.7373046875 0.3837890625 0.759765625 0.4189453125 0.759765625 0.431640625 0.7509765625 0.439453125 0.7333984375 0.43359375 0.7060546875 0.412109375 0.6904296875 0.3837890625 0.69140625 0.36328125 0.7158203125 0.36328125 0.7373046875
3 0.517578125 0.8408203125 0.5263671875 0.853515625 0.5419921875 0.849609375 0.556640625 0.8291015625 0.55859375 0.8076171875 0.54296875 0.7939453125 0.5263671875 0.796875 0.515625 0.8134765625 0.517578125 0.8408203125
3 0.16796875 0.8330078125 0.1923828125 0.875 0.2158203125 0.890625 0.2509765625 0.89453125 0.271484375 0.8779296875 0.287109375 0.8505859375 0.291015625 0.7900390625 0.2666015625 0.76171875 0.23828125 0.7529296875 0.2099609375 0.755859375 0.177734375 0.7841796875 0.16796875 0.8330078125
3 0.1982421875 1 0.203125 0.9951171875 0.2109375 0.9619140625 0.201171875 0.9111328125 0.1455078125 0.83203125 0.107421875 0.8173828125 0.0576171875 0.822265625 0.017578125 0.8642578125 0 0.8974609375 0.0009765625 1 0.1982421875 1
3 0.033203125 0.7978515625 0.025390625 0.7529296875 0.00390625 0.7158203125 0.0009765625 0.8671875 0.0234375 0.8291015625 0.033203125 0.7978515625
3 0 0.7001953125 0.03515625 0.7568359375 0.0634765625 0.78125 0.1201171875 0.78125 0.1513671875 0.767578125 0.19140625 0.7314453125 0.212890625 0.6845703125 0.212890625 0.6240234375 0.19140625 0.5751953125 0.1669921875 0.55078125 0.125 0.5302734375 0.1044921875 0.529296875 0.0458984375 0.548828125 0 0.5810546875 0 0.7001953125
3 0.24609375 0.9990234375 0.3271484375 1 0.326171875 0.9736328125 0.3056640625 0.955078125 0.296875 0.9541015625 0.2685546875 0.95703125 0.25390625 0.9716796875 0.24609375 0.9990234375
3 1 0.9052734375 0.984375 0.9033203125 0.9541015625 0.90234375 0.9453125 0.9091796875 0.935546875 0.9267578125 0.9443359375 0.951171875 0.9677734375 0.95703125 1 0.9541015625 1 0.9052734375
3 0.193359375 0.5029296875 0.2138671875 0.515625 0.2333984375 0.509765625 0.24609375 0.4873046875 0.244140625 0.4619140625 0.22265625 0.4501953125 0.1943359375 0.453125 0.18359375 0.4775390625 0.193359375 0.5029296875
3 0.130859375 0.2646484375 0.130859375 0.2958984375 0.14453125 0.3291015625 0.1728515625 0.349609375 0.1982421875 0.3515625 0.2236328125 0.337890625 0.244140625 0.3154296875 0.25390625 0.2861328125 0.251953125 0.2548828125 0.23828125 0.2294921875 0.2275390625 0.21875 0.203125 0.2099609375 0.1650390625 0.216796875 0.14453125 0.2373046875 0.130859375 0.2646484375
3 0.0419921875 0.06640625 0.0771484375 0.0859375 0.0927734375 0.0859375 0.1279296875 0.076171875 0.1650390625 0.052734375 0.181640625 0.0302734375 0.19140625 0.0009765625 0.001953125 0.0029296875 0.025390625 0.0478515625 0.0419921875 0.06640625
3 0.259765625 0.1337890625 0.26171875 0.1669921875 0.255859375 0.1748046875 0.255859375 0.1923828125 0.26953125 0.2275390625 0.2978515625 0.259765625 0.3408203125 0.27734375 0.3798828125 0.279296875 0.4033203125 0.26953125 0.427734375 0.2412109375 0.4453125 0.1982421875 0.4453125 0.1630859375 0.3935546875 0.11328125 0.33984375 0.0751953125 0.3076171875 0.08203125 0.265625 0.1201171875 0.259765625 0.1337890625
3 0.447265625 0.2236328125 0.43359375 0.2548828125 0.43359375 0.3037109375 0.4501953125 0.3203125 0.4736328125 0.33203125 0.5009765625 0.333984375 0.5322265625 0.318359375 0.548828125 0.2998046875 0.5625 0.2646484375 0.564453125 0.2392578125 0.5546875 0.2138671875 0.5419921875 0.1953125 0.51953125 0.1865234375 0.4970703125 0.185546875 0.4677734375 0.197265625 0.447265625 0.2236328125
3 0.37109375 0.0810546875 0.3818359375 0.095703125 0.4501953125 0.138671875 0.5244140625 0.146484375 0.56640625 0.0947265625 0.58203125 0.0009765625 0.3740234375 0 0.365234375 0.0419921875 0.37109375 0.0810546875
3 0.580078125 0.0771484375 0.58984375 0.1123046875 0.6044921875 0.123046875 0.6298828125 0.126953125 0.6513671875 0.123046875 0.7041015625 0.09375 0.744140625 0.0498046875 0.759765625 0.0009765625 0.5908203125 0 0.580078125 0.0517578125 0.580078125 0.0771484375
3 0.744140625 0.0966796875 0.75390625 0.1220703125 0.7763671875 0.142578125 0.8115234375 0.15625 0.8662109375 0.15234375 0.9287109375 0.109375 0.958984375 0.0693359375 0.96484375 0.0263671875 0.95703125 0.0009765625 0.7744140625 0 0.744140625 0.0751953125 0.744140625 0.0966796875
3 0.75390625 0.2490234375 0.76171875 0.2724609375 0.7919921875 0.3046875 0.8291015625 0.30859375 0.861328125 0.2841796875 0.865234375 0.2353515625 0.8427734375 0.19921875 0.810546875 0.1904296875 0.7939453125 0.19140625 0.76953125 0.2060546875 0.75390625 0.2490234375
3 1 0.0810546875 0.994140625 0.0791015625 0.9716796875 0.080078125 0.9541015625 0.091796875 0.890625 0.1572265625 0.884765625 0.1728515625 0.88671875 0.1982421875 0.9033203125 0.23828125 0.9501953125 0.255859375 1 0.2470703125 1 0.0810546875
3 0.603515625 0.4951171875 0.6015625 0.5283203125 0.611328125 0.5498046875 0.6298828125 0.568359375 0.6572265625 0.58203125 0.6845703125 0.58203125 0.7109375 0.5654296875 0.71875 0.5439453125 0.71875 0.5146484375 0.69921875 0.4755859375 0.666015625 0.4541015625 0.6396484375 0.455078125 0.6171875 0.4716796875 0.603515625 0.4951171875
3 0.8212890625 0.515625 0.80859375 0.5380859375 0.80859375 0.5537109375 0.818359375 0.5595703125 0.818359375 0.5966796875 0.8466796875 0.619140625 0.9072265625 0.6171875 0.93359375 0.5966796875 0.94140625 0.5830078125 0.9453125 0.5498046875 0.935546875 0.5224609375 0.9169921875 0.498046875 0.890625 0.4912109375 0.8662109375 0.494140625 0.8349609375 0.513671875 0.8212890625 0.515625