3 0.4580078125 0.8984375 0.4951171875 0.91796875 0.5185546875 0.91796875 0.5478515625 0.904296875 0.58203125 0.8681640625 0.59375 0.8291015625 0.5927734375 0.802734375 0.5859375 0.7783203125 0.5615234375 0.751953125 0.5205078125 0.728515625 0.4892578125 0.7265625 0.4521484375 0.7421875 0.4140625 0.7822265625 0.404296875 0.8076171875 0.404296875 0.8427734375 0.421875 0.8701171875 0.4580078125 0.8984375
3 0.4775390625 0.9375 0.4521484375 0.908203125 0.4248046875 0.89453125 0.4072265625 0.89453125 0.36328125 0.9306640625 0.36328125 0.9892578125 0.3720703125 0.998046875 0.4423828125 0.99609375 0.470703125 0.9755859375 0.478515625 0.9560546875 0.4775390625 0.9375
3 0.2412109375 0.974609375 0.2666015625 0.9765625 0.2958984375 0.966796875 0.333984375 0.9267578125 0.34375 0.8974609375 0.3427734375 0.87890625 0.333984375 0.8603515625 0.3037109375 0.83984375 0.2568359375 0.83984375 0.2373046875 0.84765625 0.21875 0.8642578125 0.203125 0.8974609375 0.203125 0.9306640625 0.212890625 0.9541015625 0.2255859375 0.96875 0.2412109375 0.974609375
3 0.583984375 0.9951171875 0.7060546875 0.998046875 0.7060546875 0.98828125 0.6787109375 0.958984375 0.6416015625 0.953125 0.5947265625 0.9765625 0.583984375 0.9951171875
3 0.890625 0.9111328125 0.890625 0.9580078125 0.9287109375 0.99609375 1 0.9970703125 0.9990234375 0.8671875 0.9248046875 0.876953125 0.9130859375 0.8828125 0.890625 0.9111328125
3 1 0.8525390625 0.9990234375 0.576171875 0.9599609375 0.580078125 0.9248046875 0.59375 0.890625 0.6220703125 0.86328125 0.6650390625 0.861328125 0.7080078125 0.880859375 0.7998046875 0.900390625 0.8115234375 0.90234375 0.8251953125 0.9267578125 0.853515625 1 0.8525390625
3 0.8525390625 0.568359375 0.8759765625 0.5625 0.8984375 0.5458984375 0.9140625 0.5205078125 0.9169921875 0.46875 0.912109375 0.4541015625 0.8837890625 0.43359375 0.8564453125 0.42578125 0.8271484375 0.427734375 0.8076171875 0.435546875 0.78515625 0.4560546875 0.783203125 0.5205078125 0.802734375 0.5478515625 0.8271484375 0.564453125 0.8525390625 0.568359375
3 0.716796875 0.8095703125 0.7265625 0.8291015625 0.7451171875 0.845703125 0.7783203125 0.857421875 0.8388671875 0.8515625 0.8671875 0.8056640625 0.8681640625 0.791015625 0.853515625 0.7646484375 0.833984375 0.7529296875 0.837890625 0.7294921875 0.8154296875 0.705078125 0.7900390625 0.69140625 0.7724609375 0.697265625 0.748046875 0.7177734375 0.732421875 0.7607421875 0.71484375 0.7822265625 0.716796875 0.8095703125
3 0.68359375 0.7001953125 0.6826171875 0.681640625 0.67578125 0.6533203125 0.6591796875 0.640625 0.5888671875 0.623046875 0.5703125 0.6376953125 0.537109375 0.6884765625 0.546875 0.7099609375 0.5732421875 0.736328125 0.6005859375 0.75 0.6630859375 0.734375 0.68359375 0.7001953125
3 0.9599609375 0.451171875 0.9453125 0.4638671875 0.9296875 0.4951171875 0.9345703125 0.537109375 0.9697265625 0.55078125 1 0.5478515625 0.9990234375 0.46484375 0.9736328125 0.451171875 0.9599609375 0.451171875
3 0.2900390625 0.287109375 0.32421875 0.2529296875 0.3310546875 0.21484375 0.326171875 0.1943359375 0.3076171875 0.166015625 0.2451171875 0.158203125 0.201171875 0.1884765625 0.193359375 0.2177734375 0.1953125 0.2490234375 0.208984375 0.2724609375 0.2294921875 0.28515625 0.2705078125 0.291015625 0.2900390625 0.287109375
3 0.07421875 0.3779296875 0.0537109375 0.35546875 0.0244140625 0.337890625 0 0.3349609375 0.0009765625 0.498046875 0.0224609375 0.494140625 0.05859375 0.4697265625 0.078125 0.4404296875 0.0810546875 0.408203125 0.07421875 0.3779296875
3 0 0.2255859375 0.0224609375 0.25390625 0.0712890625 0.24609375 0.0849609375 0.23828125 0.095703125 0.2216796875 0.0966796875 0.189453125 0.08984375 0.1728515625 0.0654296875 0.1484375 0.0498046875 0.140625 0.0244140625 0.140625 0 0.1572265625 0 0.2255859375
3 0.0693359375 0.041015625 0.1357421875 0.044921875 0.1904296875 0.033203125 0.20703125 0.0205078125 0.2158203125 0 0.017578125 0.0029296875 0.0380859375 0.025390625 0.0693359375 0.041015625
3 0.20703125 0.1162109375 0.2138671875 0.076171875 0.1982421875 0.05078125 0.1474609375 0.046875 0.1005859375 0.056640625 0.087890625 0.0732421875 0.0859375 0.0869140625 0.08984375 0.1025390625 0.1259765625 0.13671875 0.1748046875 0.140625 0.1904296875 0.134765625 0.20703125 0.1162109375
3 0.5498046875 0 0.40625 0.0009765625 0.4638671875 0.03515625 0.4990234375 0.0390625 0.5322265625 0.0234375 0.5498046875 0