3 0.37890625 0.9794921875 0.3935546875 1 0.451171875 0.9990234375 0.482421875 0.9775390625 0.486328125 0.9501953125 0.4716796875 0.927734375 0.4443359375 0.91796875 0.4228515625 0.91796875 0.38671875 0.9384765625 0.37890625 0.9541015625 0.37890625 0.9794921875
3 0 0.9091796875 0.0283203125 0.935546875 0.0703125 0.9365234375 0.0908203125 0.9296875 0.109375 0.9111328125 0.11328125 0.8623046875 0.0830078125 0.84375 0.0322265625 0.841796875 0.013671875 0.8544921875 0 0.8759765625 0 0.9091796875
3 0.17578125 0.6806640625 0.1943359375 0.705078125 0.2177734375 0.71484375 0.248046875 0.7138671875 0.2744140625 0.70703125 0.298828125 0.6689453125 0.298828125 0.6435546875 0.2822265625 0.623046875 0.2294921875 0.619140625 0.1982421875 0.634765625 0.177734375 0.6572265625 0.17578125 0.6806640625
3 0.18359375 0.5341796875 0.181640625 0.5615234375 0.1875 0.5751953125 0.2001953125 0.5859375 0.23046875 0.5908203125 0.2666015625 0.576171875 0.28515625 0.5537109375 0.283203125 0.5263671875 0.2705078125 0.509765625 0.2548828125 0.501953125 0.2197265625 0.501953125 0.2021484375 0.51171875 0.18359375 0.5341796875
3 0.181640625 0.3837890625 0.189453125 0.3974609375 0.2041015625 0.408203125 0.228515625 0.4091796875 0.2666015625 0.40234375 0.294921875 0.3681640625 0.296875 0.3466796875 0.2705078125 0.314453125 0.2177734375 0.322265625 0.1982421875 0.333984375 0.18359375 0.3564453125 0.181640625 0.3837890625
3 0.0517578125 0.263671875 0.029296875 0.2880859375 0.03125 0.3330078125 0.0576171875 0.353515625 0.083984375 0.3525390625 0.1162109375 0.337890625 0.134765625 0.3193359375 0.14453125 0.2958984375 0.14453125 0.2841796875 0.134765625 0.2705078125 0.1123046875 0.255859375 0.0751953125 0.255859375 0.0517578125 0.263671875
3 0.0712890625 0.97265625 0.0478515625 0.966796875 0 0.9716796875 0.0009765625 1 0.099609375 0.9990234375 0.0869140625 0.98046875 0.0712890625 0.97265625
3 0.595703125 0.6162109375 0.6435546875 0.66015625 0.654296875 0.6611328125 0.6708984375 0.650390625 0.7041015625 0.642578125 0.732421875 0.5947265625 0.734375 0.5732421875 0.7041015625 0.548828125 0.6435546875 0.548828125 0.603515625 0.5791015625 0.595703125 0.6162109375
3 0.5126953125 1 0.619140625 0.9990234375 0.623046875 0.9619140625 0.615234375 0.9482421875 0.5947265625 0.93359375 0.5595703125 0.935546875 0.5400390625 0.9453125 0.5234375 0.9580078125 0.51171875 0.9853515625 0.5126953125 1
3 0.208984375 0.9775390625 0.1884765625 0.955078125 0.1513671875 0.951171875 0.1337890625 0.966796875 0.119140625 0.9697265625 0.1201171875 1 0.208984375 0.9990234375 0.208984375 0.9775390625
3 0.6064453125 0.470703125 0.6171875 0.4736328125 0.6494140625 0.466796875 0.671875 0.4521484375 0.677734375 0.4287109375 0.6611328125 0.40234375 0.6181640625 0.3984375 0.591796875 0.4130859375 0.591796875 0.4541015625 0.6064453125 0.470703125
3 0.66796875 0.2587890625 0.662109375 0.2705078125 0.66796875 0.2958984375 0.6845703125 0.306640625 0.701171875 0.3056640625 0.7216796875 0.296875 0.7431640625 0.298828125 0.76171875 0.2802734375 0.76953125 0.2529296875 0.7568359375 0.23046875 0.7138671875 0.22265625 0.6845703125 0.23828125 0.66796875 0.2587890625
3 1 0.4248046875 0.9951171875 0.423828125 0.9736328125 0.427734375 0.951171875 0.4423828125 0.947265625 0.4755859375 0.9677734375 0.51171875 1 0.5146484375 1 0.4248046875
3 0.30859375 0.3291015625 0.3232421875 0.34765625 0.34765625 0.3505859375 0.3681640625 0.34375 0.3828125 0.3251953125 0.3828125 0.2998046875 0.3701171875 0.287109375 0.3291015625 0.28515625 0.3193359375 0.2890625 0.30859375 0.3056640625 0.30859375 0.3291015625
3 0.244140625 0.2587890625 0.265625 0.2470703125 0.2734375 0.2177734375 0.2587890625 0.19140625 0.2197265625 0.18359375 0.1875 0.2138671875 0.19140625 0.2412109375 0.2060546875 0.2578125 0.244140625 0.2587890625