3 0.4609375 0.6611328125 0.4873046875 0.689453125 0.5224609375 0.70703125 0.54296875 0.7060546875 0.5595703125 0.69921875 0.57421875 0.6748046875 0.57421875 0.6435546875 0.5615234375 0.626953125 0.5205078125 0.609375 0.4716796875 0.615234375 0.455078125 0.6259765625 0.4609375 0.6611328125
3 0.435546875 0.5419921875 0.44140625 0.5537109375 0.4580078125 0.568359375 0.4912109375 0.578125 0.5263671875 0.6015625 0.546875 0.6005859375 0.556640625 0.5927734375 0.548828125 0.5732421875 0.560546875 0.5498046875 0.560546875 0.5341796875 0.546875 0.5068359375 0.5126953125 0.478515625 0.4326171875 0.46875 0.435546875 0.5419921875
3 0.412109375 0.3759765625 0.4365234375 0.400390625 0.486328125 0.4091796875 0.501953125 0.3994140625 0.51171875 0.3701171875 0.50390625 0.3349609375 0.4658203125 0.314453125 0.4384765625 0.3125 0.4228515625 0.318359375 0.41015625 0.3349609375 0.412109375 0.3759765625
3 0.490234375 0.3095703125 0.498046875 0.2822265625 0.4833984375 0.26171875 0.4501953125 0.248046875 0.421875 0.2509765625 0.416015625 0.2822265625 0.4306640625 0.298828125 0.4521484375 0.310546875 0.490234375 0.3095703125
3 0.5244140625 0.154296875 0.513671875 0.1669921875 0.51171875 0.1884765625 0.4892578125 0.193359375 0.478515625 0.2099609375 0.48046875 0.2314453125 0.49609375 0.2548828125 0.5126953125 0.265625 0.53125 0.2646484375 0.560546875 0.2568359375 0.5625 0.2373046875 0.55078125 0.2177734375 0.5673828125 0.216796875 0.59375 0.1923828125 0.587890625 0.1708984375 0.5537109375 0.150390625 0.5244140625 0.154296875
3 0.56640625 0.1259765625 0.6025390625 0.16015625 0.646484375 0.1630859375 0.6630859375 0.15625 0.6796875 0.1318359375 0.666015625 0.0947265625 0.6376953125 0.0703125 0.6103515625 0.064453125 0.5849609375 0.068359375 0.564453125 0.0947265625 0.56640625 0.1259765625
3 0.7197265625 0.236328125 0.677734375 0.2666015625 0.671875 0.2822265625 0.7001953125 0.3203125 0.75 0.3251953125 0.775390625 0.3095703125 0.76953125 0.2978515625 0.771484375 0.2763671875 0.76171875 0.2548828125 0.744140625 0.2431640625 0.740234375 0.2236328125 0.7294921875 0.21875 0.7197265625 0.236328125
3 0.759765625 0.4912109375 0.7841796875 0.515625 0.80859375 0.5166015625 0.8251953125 0.5078125 0.8359375 0.4931640625 0.833984375 0.4580078125 0.7998046875 0.42578125 0.7705078125 0.427734375 0.75 0.4462890625 0.748046875 0.4697265625 0.759765625 0.4912109375
3 0.6962890625 0.55859375 0.7109375 0.5576171875 0.74609375 0.5361328125 0.748046875 0.5126953125 0.7080078125 0.4609375 0.6904296875 0.458984375 0.658203125 0.4833984375 0.65234375 0.5107421875 0.6787109375 0.548828125 0.6962890625 0.55859375
3 0.646484375 0.7353515625 0.6669921875 0.763671875 0.703125 0.7724609375 0.7216796875 0.76953125 0.736328125 0.7548828125 0.7421875 0.7412109375 0.740234375 0.7177734375 0.7119140625 0.693359375 0.6689453125 0.6875 0.650390625 0.7021484375 0.646484375 0.7353515625
3 0.33984375 0.7255859375 0.353515625 0.7080078125 0.345703125 0.6650390625 0.3193359375 0.64453125 0.2939453125 0.642578125 0.2734375 0.6650390625 0.2734375 0.6982421875 0.2978515625 0.72265625 0.33984375 0.7255859375
3 0.0703125 0.7763671875 0.09375 0.7412109375 0.0859375 0.7197265625 0.0595703125 0.697265625 0.0166015625 0.703125 0.001953125 0.7236328125 0.0078125 0.7646484375 0.0419921875 0.77734375 0.0703125 0.7763671875
3 0.275390625 0.9404296875 0.283203125 0.9541015625 0.3154296875 0.978515625 0.34375 0.9794921875 0.3544921875 0.978515625 0.36328125 0.9697265625 0.36328125 0.9423828125 0.353515625 0.9189453125 0.3291015625 0.90234375 0.3095703125 0.90234375 0.2822265625 0.912109375 0.275390625 0.9404296875
3 0.4365234375 1 0.4765625 0.9990234375 0.484375 0.9853515625 0.486328125 0.9560546875 0.4765625 0.9365234375 0.4599609375 0.92578125 0.4248046875 0.92578125 0.412109375 0.9501953125 0.41015625 0.9697265625 0.4365234375 1
3 0.80859375 0.2744140625 0.8349609375 0.302734375 0.890625 0.3193359375 0.91015625 0.3017578125 0.921875 0.2783203125 0.91796875 0.2548828125 0.90625 0.2353515625 0.8662109375 0.212890625 0.8271484375 0.21875 0.8125 0.2314453125 0.80859375 0.2744140625
3 0.02734375 0.2275390625 0.0537109375 0.255859375 0.08984375 0.2607421875 0.1083984375 0.25390625 0.12109375 0.2392578125 0.123046875 0.2158203125 0.115234375 0.1982421875 0.0830078125 0.171875 0.0400390625 0.171875 0.02734375 0.1904296875 0.02734375 0.2275390625