3 0.6328125 0.1923828125 0.6328125 0.2275390625 0.638671875 0.2392578125 0.6728515625 0.267578125 0.7177734375 0.26171875 0.73828125 0.2431640625 0.748046875 0.2236328125 0.74609375 0.1806640625 0.73828125 0.1552734375 0.708984375 0.1455078125 0.6689453125 0.15234375 0.6484375 0.1669921875 0.6328125 0.1923828125
3 0.8525390625 0.12890625 0.798828125 0.1513671875 0.7890625 0.1806640625 0.7978515625 0.21484375 0.8369140625 0.2265625 0.8681640625 0.220703125 0.880859375 0.2119140625 0.8984375 0.1572265625 0.888671875 0.1396484375 0.873046875 0.1298828125 0.8525390625 0.12890625
3 0.8076171875 0.302734375 0.79296875 0.3154296875 0.78515625 0.3330078125 0.79296875 0.3818359375 0.8349609375 0.408203125 0.8564453125 0.408203125 0.8740234375 0.3984375 0.890625 0.3662109375 0.876953125 0.3134765625 0.8515625 0.2939453125 0.8076171875 0.302734375
3 0.751953125 0.3154296875 0.736328125 0.2958984375 0.7177734375 0.294921875 0.69921875 0.3076171875 0.6953125 0.3212890625 0.7041015625 0.3359375 0.7275390625 0.34375 0.74609375 0.3330078125 0.751953125 0.3154296875
3 0.59375 0.2880859375 0.576171875 0.2763671875 0.5634765625 0.27734375 0.548828125 0.2978515625 0.5546875 0.3134765625 0.5654296875 0.322265625 0.5810546875 0.322265625 0.595703125 0.3095703125 0.59375 0.2880859375
3 0.6865234375 0.529296875 0.7099609375 0.541015625 0.7353515625 0.541015625 0.7509765625 0.533203125 0.7890625 0.4970703125 0.796875 0.4736328125 0.796875 0.4541015625 0.783203125 0.4267578125 0.7587890625 0.3984375 0.736328125 0.3896484375 0.7177734375 0.388671875 0.6943359375 0.396484375 0.669921875 0.4189453125 0.662109375 0.4345703125 0.66015625 0.4775390625 0.66796875 0.5009765625 0.6865234375 0.529296875
3 0.412109375 0.5185546875 0.4326171875 0.541015625 0.4580078125 0.5546875 0.5126953125 0.556640625 0.529296875 0.5458984375 0.556640625 0.5029296875 0.560546875 0.4697265625 0.546875 0.4404296875 0.5341796875 0.42578125 0.5 0.4111328125 0.4736328125 0.416015625 0.4521484375 0.43359375 0.4091796875 0.453125 0.400390625 0.4658203125 0.40234375 0.4990234375 0.412109375 0.5185546875
3 0.42578125 0.2607421875 0.390625 0.2275390625 0.3603515625 0.228515625 0.3359375 0.2490234375 0.333984375 0.2958984375 0.3525390625 0.314453125 0.3916015625 0.30859375 0.42578125 0.2822265625 0.42578125 0.2607421875
3 0.3544921875 0.6953125 0.3935546875 0.7109375 0.4248046875 0.70703125 0.4794921875 0.6875 0.49609375 0.6728515625 0.50390625 0.6513671875 0.505859375 0.6123046875 0.498046875 0.5908203125 0.4541015625 0.560546875 0.390625 0.5380859375 0.3642578125 0.544921875 0.34765625 0.5693359375 0.326171875 0.6298828125 0.326171875 0.6572265625 0.333984375 0.6767578125 0.3544921875 0.6953125
3 0.033203125 0.6669921875 0.0517578125 0.689453125 0.0849609375 0.70703125 0.1416015625 0.708984375 0.1748046875 0.6875 0.189453125 0.6650390625 0.189453125 0.6318359375 0.177734375 0.6005859375 0.1552734375 0.576171875 0.119140625 0.5634765625 0.0908203125 0.5625 0.0634765625 0.57421875 0.037109375 0.6025390625 0.029296875 0.6201171875 0.033203125 0.6669921875
3 0.1748046875 1 0.2294921875 0.966796875 0.259765625 0.9248046875 0.267578125 0.8740234375 0.248046875 0.8095703125 0.2119140625 0.767578125 0.1728515625 0.748046875 0.154296875 0.7451171875 0.1025390625 0.74609375 0.0478515625 0.763671875 0.013671875 0.8056640625 0.0078125 0.8310546875 0.01171875 0.8603515625 0.044921875 0.9755859375 0.0595703125 1 0.1748046875 1
3 0.3798828125 0.890625 0.4052734375 0.890625 0.4384765625 0.87890625 0.4736328125 0.876953125 0.4931640625 0.869140625 0.51953125 0.8369140625 0.525390625 0.8037109375 0.513671875 0.7490234375 0.4892578125 0.71484375 0.462890625 0.7060546875 0.4072265625 0.71484375 0.3544921875 0.712890625 0.3388671875 0.71875 0.314453125 0.7470703125 0.314453125 0.8212890625 0.3359375 0.8583984375 0.3603515625 0.8828125 0.3798828125 0.890625
3 0.4462890625 1 0.4677734375 0.9921875 0.48828125 0.9736328125 0.49609375 0.9560546875 0.494140625 0.9189453125 0.4755859375 0.896484375 0.458984375 0.8916015625 0.4189453125 0.89453125 0.3837890625 0.912109375 0.37109375 0.9267578125 0.365234375 0.9638671875 0.3857421875 0.9921875 0.4072265625 1 0.4462890625 1
3 0.740234375 0.9091796875 0.6982421875 0.91015625 0.6611328125 0.9296875 0.638671875 0.9599609375 0.634765625 0.9990234375 0.83984375 0.9990234375 0.830078125 0.9677734375 0.8056640625 0.9375 0.7744140625 0.91796875 0.740234375 0.9091796875
3 1 0.5439453125 0.9755859375 0.548828125 0.955078125 0.5771484375 0.955078125 0.5966796875 0.9775390625 0.62109375 1 0.6181640625 1 0.5439453125
3 1 0.1630859375 0.9736328125 0.169921875 0.947265625 0.1962890625 0.927734375 0.2451171875 0.931640625 0.2744140625 0.94921875 0.3017578125 0.9951171875 0.330078125 1 0.3291015625 1 0.1630859375
3 1 0.0517578125 0.9697265625 0.05859375 0.951171875 0.0888671875 0.958984375 0.1123046875 0.9794921875 0.125 1 0.1259765625 1 0.0517578125
3 0.654296875 0.0712890625 0.650390625 0.0009765625 0.5419921875 0 0.548828125 0.0634765625 0.5771484375 0.0859375 0.6025390625 0.083984375 0.6220703125 0.09375 0.6435546875 0.091796875 0.654296875 0.0712890625
3 0.82421875 0.5146484375 0.7958984375 0.517578125 0.779296875 0.5341796875 0.76953125 0.5576171875 0.7861328125 0.580078125 0.8017578125 0.587890625 0.8271484375 0.5859375 0.853515625 0.5556640625 0.849609375 0.5302734375 0.82421875 0.5146484375
3 0.5625 0.6142578125 0.544921875 0.5947265625 0.5244140625 0.59375 0.517578125 0.6005859375 0.515625 0.6455078125 0.5244140625 0.662109375 0.5419921875 0.662109375 0.55859375 0.6396484375 0.5625 0.6142578125
3 0.2109375 0.5341796875 0.2109375 0.5693359375 0.216796875 0.5927734375 0.2373046875 0.62109375 0.2607421875 0.63671875 0.3017578125 0.638671875 0.333984375 0.5908203125 0.34765625 0.5302734375 0.3271484375 0.4921875 0.279296875 0.4833984375 0.2529296875 0.48828125 0.21875 0.5146484375 0.2109375 0.5341796875