3 0.2958984375 0.04296875 0.2509765625 0.01171875 0.1318359375 0.005859375 0.0966796875 0.009765625 0.05078125 0.0439453125 0.0263671875 0.087890625 0.025390625 0.1240234375 0.044921875 0.1708984375 0.0615234375 0.189453125 0.1162109375 0.21875 0.1943359375 0.2421875 0.2451171875 0.24609375 0.3017578125 0.23046875 0.326171875 0.1982421875 0.3359375 0.1435546875 0.330078125 0.0888671875 0.2958984375 0.04296875
3 0.2578125 0.2939453125 0.2138671875 0.2578125 0.1787109375 0.2421875 0.0869140625 0.220703125 0.0380859375 0.23046875 0.0009765625 0.25 0.0009765625 0.478515625 0.0517578125 0.498046875 0.1416015625 0.5 0.2177734375 0.470703125 0.265625 0.4306640625 0.283203125 0.3935546875 0.2890625 0.3525390625 0.2578125 0.2939453125
3 0.3779296875 0.494140625 0.390625 0.4833984375 0.390625 0.4423828125 0.3642578125 0.41796875 0.3369140625 0.41796875 0.2978515625 0.443359375 0.30078125 0.4697265625 0.3408203125 0.49609375 0.3779296875 0.494140625
3 0.9189453125 0.564453125 0.8916015625 0.55078125 0.8173828125 0.55078125 0.7919921875 0.5625 0.76171875 0.5986328125 0.7548828125 0.623046875 0.75390625 0.6494140625 0.78515625 0.7080078125 0.8056640625 0.72265625 0.8466796875 0.73828125 0.8994140625 0.740234375 0.9130859375 0.734375 0.94921875 0.7080078125 0.962890625 0.6689453125 0.951171875 0.6005859375 0.9189453125 0.564453125
3 0.7080078125 0.841796875 0.6884765625 0.833984375 0.6591796875 0.837890625 0.6474609375 0.853515625 0.6240234375 0.861328125 0.5986328125 0.89453125 0.6015625 0.9462890625 0.6279296875 0.9765625 0.6552734375 0.9921875 0.6787109375 0.990234375 0.7314453125 0.970703125 0.744140625 0.9599609375 0.7578125 0.9189453125 0.75390625 0.8974609375 0.7421875 0.8779296875 0.7109375 0.8583984375 0.7080078125 0.841796875
3 0.2060546875 1 0.2109375 0.9912109375 0.2109375 0.9580078125 0.197265625 0.9130859375 0.1708984375 0.888671875 0.1162109375 0.869140625 0.1044921875 0.869140625 0.0888671875 0.8828125 0.0673828125 0.884765625 0.0546875 0.8935546875 0.033203125 0.9228515625 0.03125 0.9443359375 0.0205078125 0.966796875 0.0263671875 1 0.2060546875 1
3 0.470703125 0.1591796875 0.4609375 0.1376953125 0.4287109375 0.11328125 0.3916015625 0.11328125 0.36328125 0.1357421875 0.3583984375 0.181640625 0.359375 0.2041015625 0.3837890625 0.234375 0.4228515625 0.23828125 0.4423828125 0.23046875 0.46484375 0.2041015625 0.47265625 0.1884765625 0.470703125 0.1591796875
3 0.7236328125 0.009765625 0.6865234375 0.0078125 0.6513671875 0.017578125 0.63671875 0.0302734375 0.634765625 0.0439453125 0.6142578125 0.068359375 0.61328125 0.0849609375 0.64453125 0.1279296875 0.65234375 0.1494140625 0.6884765625 0.16796875 0.7451171875 0.166015625 0.7626953125 0.16015625 0.783203125 0.1396484375 0.80078125 0.1025390625 0.794921875 0.0517578125 0.7587890625 0.0234375 0.7236328125 0.009765625
3 0.9521484375 0.078125 0.9091796875 0.09765625 0.89453125 0.1259765625 0.8828125 0.1357421875 0.875 0.1591796875 0.8544921875 0.18359375 0.85546875 0.2763671875 0.892578125 0.3369140625 0.9091796875 0.353515625 0.9501953125 0.373046875 0.9990234375 0.37890625 1 0.0888671875 0.9521484375 0.078125
3 0.3525390625 0 0.357421875 0.0224609375 0.3798828125 0.0390625 0.4130859375 0.033203125 0.439453125 0.0009765625 0.3525390625 0
3 0.3212890625 0.3046875 0.330078125 0.2978515625 0.33203125 0.2763671875 0.3212890625 0.25390625 0.2998046875 0.251953125 0.2861328125 0.267578125 0.28515625 0.2861328125 0.2978515625 0.302734375 0.3212890625 0.3046875