3 0.744140625 0.7490234375 0.734375 0.7841796875 0.734375 0.8232421875 0.74609375 0.8564453125 0.7880859375 0.904296875 0.810546875 0.9189453125 0.8837890625 0.91796875 0.9052734375 0.91015625 0.93359375 0.8779296875 0.94921875 0.8388671875 0.943359375 0.7861328125 0.923828125 0.7412109375 0.8896484375 0.708984375 0.8466796875 0.69140625 0.8154296875 0.693359375 0.7744140625 0.716796875 0.744140625 0.7490234375
3 0.75390625 0.8974609375 0.7060546875 0.8671875 0.6103515625 0.8671875 0.56640625 0.8935546875 0.54296875 0.9560546875 0.517578125 0.9990234375 0.7744140625 1 0.791015625 0.9677734375 0.791015625 0.9560546875 0.75390625 0.8974609375
3 0.5029296875 0.861328125 0.4638671875 0.86328125 0.4384765625 0.876953125 0.39453125 0.9150390625 0.384765625 0.9345703125 0.419921875 0.9990234375 0.5029296875 1 0.515625 0.9873046875 0.544921875 0.9306640625 0.546875 0.9052734375 0.5341796875 0.873046875 0.5029296875 0.861328125
3 0.3984375 0.9638671875 0.3740234375 0.939453125 0.3173828125 0.927734375 0.2880859375 0.935546875 0.263671875 0.9541015625 0.25390625 0.9990234375 0.4111328125 1 0.412109375 0.9931640625 0.3984375 0.9638671875
3 0.1943359375 0.73828125 0.1591796875 0.734375 0.134765625 0.7470703125 0.1171875 0.7978515625 0.1337890625 0.8203125 0.14453125 0.8251953125 0.1767578125 0.818359375 0.203125 0.7900390625 0.208984375 0.7568359375 0.1943359375 0.73828125
3 0.6416015625 0.69921875 0.6259765625 0.693359375 0.6044921875 0.6953125 0.57421875 0.7216796875 0.572265625 0.7529296875 0.595703125 0.7783203125 0.6376953125 0.775390625 0.65625 0.7548828125 0.658203125 0.7197265625 0.6416015625 0.69921875
3 0.3720703125 0.517578125 0.333984375 0.5556640625 0.33203125 0.5908203125 0.337890625 0.6083984375 0.3505859375 0.623046875 0.37109375 0.6298828125 0.4072265625 0.626953125 0.4296875 0.6083984375 0.4453125 0.5810546875 0.4375 0.5322265625 0.4287109375 0.51953125 0.4111328125 0.509765625 0.3896484375 0.509765625 0.3720703125 0.517578125
3 0.8466796875 0.2578125 0.8095703125 0.263671875 0.798828125 0.2841796875 0.80078125 0.3466796875 0.8115234375 0.36328125 0.8203125 0.3642578125 0.8505859375 0.359375 0.875 0.3251953125 0.873046875 0.2783203125 0.8466796875 0.2578125
3 0.8408203125 0.0390625 0.8046875 0.0869140625 0.802734375 0.1279296875 0.810546875 0.1591796875 0.8427734375 0.19921875 0.8828125 0.2197265625 0.9619140625 0.21484375 0.986328125 0.1943359375 1 0.1572265625 0.998046875 0.0849609375 0.9619140625 0.037109375 0.9404296875 0.02734375 0.8798828125 0.0234375 0.8408203125 0.0390625
3 0.658203125 0.0146484375 0.6513671875 0 0.544921875 0.0009765625 0.564453125 0.0556640625 0.5771484375 0.068359375 0.59375 0.0732421875 0.6259765625 0.07421875 0.650390625 0.0634765625 0.658203125 0.0498046875 0.658203125 0.0146484375
3 0.3349609375 0.05078125 0.3681640625 0.0390625 0.404296875 0.0009765625 0.23828125 0.0009765625 0.2568359375 0.03125 0.291015625 0.0498046875 0.3349609375 0.05078125
3 0 0.0087890625 0.0380859375 0.048828125 0.0556640625 0.060546875 0.07421875 0.0634765625 0.0966796875 0.0625 0.1279296875 0.046875 0.1591796875 0.02734375 0.18359375 0.0009765625 0 0.0009765625 0 0.0087890625
3 0.1552734375 0.056640625 0.087890625 0.1044921875 0.083984375 0.1357421875 0.091796875 0.1708984375 0.1181640625 0.189453125 0.166015625 0.2060546875 0.1923828125 0.205078125 0.2216796875 0.189453125 0.25 0.1494140625 0.251953125 0.0966796875 0.240234375 0.0673828125 0.2236328125 0.052734375 0.1845703125 0.05078125 0.1552734375 0.056640625
3 0.4033203125 0.18359375 0.3564453125 0.181640625 0.337890625 0.2041015625 0.33984375 0.2373046875 0.3544921875 0.251953125 0.369140625 0.2568359375 0.3955078125 0.25390625 0.408203125 0.2431640625 0.416015625 0.1962890625 0.4033203125 0.18359375
3 0.6328125 0.1337890625 0.6181640625 0.115234375 0.5927734375 0.111328125 0.57421875 0.1259765625 0.572265625 0.1572265625 0.591796875 0.1826171875 0.6123046875 0.18359375 0.6328125 0.1591796875 0.6328125 0.1337890625
3 0.1396484375 0.279296875 0.125 0.2998046875 0.123046875 0.3388671875 0.130859375 0.3642578125 0.1748046875 0.408203125 0.1953125 0.4130859375 0.2177734375 0.4140625 0.2666015625 0.400390625 0.298828125 0.3564453125 0.302734375 0.3369140625 0.287109375 0.2900390625 0.2490234375 0.2578125 0.2099609375 0.251953125 0.1689453125 0.259765625 0.1396484375 0.279296875
3 0.052734375 0.6123046875 0.048828125 0.6533203125 0.052734375 0.6845703125 0.0595703125 0.6953125 0.0869140625 0.71484375 0.125 0.7236328125 0.1474609375 0.720703125 0.1640625 0.7041015625 0.171875 0.6513671875 0.185546875 0.6123046875 0.177734375 0.5966796875 0.1591796875 0.58203125 0.1220703125 0.568359375 0.0947265625 0.576171875 0.0791015625 0.59765625 0.052734375 0.6123046875
3 0 0.8486328125 0.0556640625 0.845703125 0.09765625 0.8173828125 0.109375 0.7939453125 0.115234375 0.7587890625 0.111328125 0.7431640625 0.0947265625 0.7265625 0.0537109375 0.705078125 0.0263671875 0.708984375 0 0.7216796875 0 0.8486328125
3 0.1376953125 0.884765625 0.1142578125 0.904296875 0.0869140625 0.9140625 0.0478515625 0.943359375 0.0009765625 0.966796875 0 0.9990234375 0.1806640625 1 0.201171875 0.9638671875 0.21484375 0.9072265625 0.2060546875 0.89453125 0.1845703125 0.8828125 0.1376953125 0.884765625
3 0.921875 0.9755859375 0.9091796875 0.9609375 0.8818359375 0.955078125 0.8505859375 0.962890625 0.818359375 0.9912109375 0.8203125 0.9990234375 0.9267578125 1 0.927734375 0.9951171875 0.921875 0.9755859375