3 0.595703125 0.3935546875 0.60546875 0.4208984375 0.6240234375 0.439453125 0.6533203125 0.455078125 0.681640625 0.4560546875 0.7138671875 0.44921875 0.734375 0.4287109375 0.736328125 0.4111328125 0.71484375 0.3740234375 0.6982421875 0.357421875 0.6513671875 0.33984375 0.6083984375 0.37109375 0.595703125 0.3935546875
3 0.177734375 0.3193359375 0.181640625 0.3486328125 0.2177734375 0.376953125 0.2333984375 0.3828125 0.2578125 0.3818359375 0.2861328125 0.376953125 0.30078125 0.3564453125 0.302734375 0.3369140625 0.279296875 0.2958984375 0.2490234375 0.287109375 0.2177734375 0.287109375 0.1943359375 0.296875 0.177734375 0.3193359375
3 0.18359375 0.4423828125 0.19140625 0.4775390625 0.2177734375 0.498046875 0.251953125 0.4990234375 0.2705078125 0.4921875 0.28515625 0.4736328125 0.287109375 0.4501953125 0.28125 0.4384765625 0.2685546875 0.42578125 0.2333984375 0.41015625 0.1962890625 0.41796875 0.18359375 0.4423828125
3 0.029296875 0.6748046875 0.03515625 0.7216796875 0.0595703125 0.740234375 0.0791015625 0.74609375 0.11328125 0.7451171875 0.1279296875 0.73828125 0.146484375 0.7158203125 0.13671875 0.6826171875 0.1103515625 0.658203125 0.0869140625 0.6484375 0.0576171875 0.6484375 0.0458984375 0.654296875 0.029296875 0.6748046875
3 0.197265625 0.6650390625 0.2314453125 0.68359375 0.275390625 0.6845703125 0.298828125 0.6533203125 0.296875 0.6337890625 0.287109375 0.6181640625 0.2568359375 0.595703125 0.2138671875 0.591796875 0.1943359375 0.599609375 0.181640625 0.6279296875 0.197265625 0.6650390625
3 0.2197265625 0.81640625 0.234375 0.8154296875 0.26171875 0.8095703125 0.2734375 0.7861328125 0.271484375 0.7626953125 0.2568359375 0.74609375 0.2119140625 0.7421875 0.193359375 0.7568359375 0.189453125 0.7861328125 0.2197265625 0.81640625
3 0.31640625 0.7060546875 0.3330078125 0.716796875 0.361328125 0.7158203125 0.3828125 0.7041015625 0.384765625 0.6767578125 0.3603515625 0.65234375 0.3349609375 0.650390625 0.3212890625 0.65625 0.30859375 0.6748046875 0.30859375 0.6923828125 0.31640625 0.7060546875
3 0.6083984375 0.599609375 0.65234375 0.6025390625 0.6630859375 0.599609375 0.673828125 0.5869140625 0.6796875 0.5595703125 0.6708984375 0.544921875 0.6181640625 0.5234375 0.591796875 0.5458984375 0.587890625 0.5791015625 0.6083984375 0.599609375
3 0.666015625 0.7099609375 0.6640625 0.7314453125 0.681640625 0.7587890625 0.7119140625 0.77734375 0.732421875 0.7783203125 0.763671875 0.7646484375 0.76953125 0.7529296875 0.763671875 0.7216796875 0.7451171875 0.705078125 0.7216796875 0.705078125 0.7060546875 0.6953125 0.6748046875 0.69921875 0.666015625 0.7099609375
3 0.8798828125 0.62109375 0.8623046875 0.615234375 0.8427734375 0.6171875 0.830078125 0.6279296875 0.8203125 0.6513671875 0.8203125 0.6728515625 0.828125 0.6826171875 0.814453125 0.7021484375 0.814453125 0.7197265625 0.82421875 0.7392578125 0.8408203125 0.75 0.884765625 0.7529296875 0.9013671875 0.728515625 0.9443359375 0.73046875 0.951171875 0.7236328125 0.9609375 0.6845703125 0.9345703125 0.6484375 0.9189453125 0.642578125 0.8857421875 0.6484375 0.8798828125 0.62109375
3 0.388671875 0.0615234375 0.4248046875 0.083984375 0.4453125 0.0830078125 0.4716796875 0.07421875 0.482421875 0.0634765625 0.482421875 0.0205078125 0.4482421875 0.001953125 0.4013671875 0.001953125 0.3896484375 0.0078125 0.37890625 0.0283203125 0.388671875 0.0615234375
3 0.0068359375 0 0.001953125 0.0048828125 0.0048828125 0.03125 0.05078125 0.0341796875 0.0849609375 0.0234375 0.1015625 0.0048828125 0.0771484375 0 0.0068359375 0
3 0.0361328125 0.16015625 0.068359375 0.1591796875 0.0869140625 0.15625 0.11328125 0.1396484375 0.11328125 0.0947265625 0.0849609375 0.068359375 0.0302734375 0.06640625 0.00390625 0.0869140625 0.00390625 0.1298828125 0.0361328125 0.16015625
3 0.1884765625 0.046875 0.20703125 0.0302734375 0.208984375 0.0048828125 0.1240234375 0.001953125 0.12109375 0.0302734375 0.1552734375 0.05078125 0.16796875 0.0498046875 0.1884765625 0.046875
3 1 0.4873046875 0.9697265625 0.48828125 0.94921875 0.5224609375 0.951171875 0.5556640625 0.9775390625 0.57421875 1 0.5751953125 1 0.4873046875
3 0.6865234375 0.046875 0.6953125 0.0458984375 0.7158203125 0.037109375 0.73046875 0.0224609375 0.732421875 0.0048828125 0.7197265625 0 0.6591796875 0.001953125 0.65625 0.0107421875 0.669921875 0.0341796875 0.6865234375 0.046875
3 0.125 0.4208984375 0.138671875 0.4033203125 0.13671875 0.3779296875 0.1181640625 0.365234375 0.0849609375 0.3671875 0.07421875 0.3837890625 0.0859375 0.4111328125 0.1025390625 0.421875 0.125 0.4208984375