3 0.8369140625 0.658203125 0.8212890625 0.63671875 0.7958984375 0.62109375 0.7587890625 0.62109375 0.7451171875 0.626953125 0.724609375 0.6494140625 0.7109375 0.6982421875 0.7275390625 0.720703125 0.7705078125 0.75 0.7919921875 0.76171875 0.8154296875 0.76171875 0.828125 0.7529296875 0.833984375 0.7392578125 0.8369140625 0.658203125
3 0.8115234375 0.830078125 0.802734375 0.7880859375 0.7490234375 0.7421875 0.7236328125 0.728515625 0.6904296875 0.712890625 0.6591796875 0.708984375 0.5771484375 0.712890625 0.5283203125 0.7421875 0.513671875 0.7587890625 0.4921875 0.8330078125 0.490234375 0.8662109375 0.50390625 0.8955078125 0.5458984375 0.9296875 0.6162109375 0.962890625 0.6767578125 0.97265625 0.7353515625 0.9609375 0.7890625 0.9150390625 0.80859375 0.8740234375 0.8115234375 0.830078125
3 0.9248046875 0.947265625 0.919921875 0.9306640625 0.9013671875 0.90625 0.8603515625 0.88671875 0.8369140625 0.88671875 0.810546875 0.9072265625 0.783203125 0.9462890625 0.779296875 0.9794921875 0.78515625 0.9951171875 0.7919921875 0.998046875 0.9013671875 0.998046875 0.921875 0.9814453125 0.9248046875 0.947265625
3 0.9990234375 0.607421875 0.9345703125 0.607421875 0.8857421875 0.626953125 0.853515625 0.6494140625 0.857421875 0.6689453125 0.84375 0.7080078125 0.8359375 0.7802734375 0.8359375 0.8017578125 0.8681640625 0.857421875 0.9267578125 0.896484375 0.9970703125 0.921875 0.9990234375 0.607421875
3 0.7138671875 0.626953125 0.70703125 0.6044921875 0.6982421875 0.595703125 0.6630859375 0.58203125 0.6240234375 0.58203125 0.58203125 0.6162109375 0.58203125 0.6787109375 0.5947265625 0.689453125 0.6806640625 0.6953125 0.703125 0.6767578125 0.7138671875 0.626953125
3 0.6455078125 0.486328125 0.6416015625 0.4765625 0.6064453125 0.44921875 0.5791015625 0.439453125 0.5322265625 0.44921875 0.509765625 0.4775390625 0.5146484375 0.50390625 0.5986328125 0.55078125 0.6259765625 0.544921875 0.64453125 0.5302734375 0.6455078125 0.486328125
3 0.5009765625 0.47265625 0.4912109375 0.44921875 0.4482421875 0.44140625 0.41796875 0.4697265625 0.41796875 0.5068359375 0.4482421875 0.517578125 0.4794921875 0.51171875 0.494140625 0.5029296875 0.5009765625 0.47265625
3 0.4267578125 0.638671875 0.3974609375 0.599609375 0.3642578125 0.578125 0.3193359375 0.58203125 0.3046875 0.5927734375 0.294921875 0.6279296875 0.3046875 0.6904296875 0.3251953125 0.71484375 0.3408203125 0.720703125 0.3681640625 0.72265625 0.3896484375 0.716796875 0.408203125 0.7001953125 0.423828125 0.6748046875 0.4267578125 0.638671875
3 0.4775390625 0.970703125 0.4609375 0.9169921875 0.427734375 0.8681640625 0.3857421875 0.83203125 0.3212890625 0.806640625 0.2568359375 0.8046875 0.2001953125 0.818359375 0.1669921875 0.8359375 0.138671875 0.8603515625 0.109375 0.9111328125 0.111328125 0.9619140625 0.1171875 0.9912109375 0.1240234375 0.998046875 0.4716796875 0.998046875 0.478515625 0.9951171875 0.4775390625 0.970703125
3 0.2607421875 0.62890625 0.23046875 0.5810546875 0.228515625 0.5712890625 0.234375 0.5654296875 0.1865234375 0.525390625 0.1318359375 0.509765625 0.0654296875 0.521484375 0.025390625 0.5576171875 0.01953125 0.5751953125 0.0234375 0.6435546875 0.015625 0.6962890625 0.021484375 0.7373046875 0.0751953125 0.76171875 0.0986328125 0.76171875 0.09765625 0.7568359375 0.1142578125 0.74609375 0.1162109375 0.751953125 0.1298828125 0.755859375 0.1630859375 0.7578125 0.1767578125 0.751953125 0.23828125 0.7080078125 0.251953125 0.6865234375 0.26171875 0.6533203125 0.2607421875 0.62890625
3 0.3095703125 0.3125 0.306640625 0.2685546875 0.2705078125 0.234375 0.2119140625 0.232421875 0.1748046875 0.251953125 0.166015625 0.2666015625 0.162109375 0.3134765625 0.1904296875 0.3515625 0.2333984375 0.35546875 0.2783203125 0.345703125 0.30859375 0.3232421875 0.3095703125 0.3125
3 0.1220703125 0.255859375 0.115234375 0.2294921875 0.0771484375 0.1953125 0.0517578125 0.1875 0.0068359375 0.193359375 0.001953125 0.2021484375 0.00390625 0.3349609375 0.0322265625 0.34765625 0.0712890625 0.34765625 0.0830078125 0.341796875 0.11328125 0.3056640625 0.12109375 0.2861328125 0.1220703125 0.255859375
3 0.4716796875 0 0.470703125 0.0087890625 0.478515625 0.0263671875 0.4990234375 0.04296875 0.5419921875 0.05859375 0.6123046875 0.064453125 0.6298828125 0.060546875 0.6650390625 0.0390625 0.681640625 0.0205078125 0.6884765625 0 0.4716796875 0
3 0.7548828125 0.115234375 0.740234375 0.0810546875 0.734375 0.0478515625 0.7080078125 0.02734375 0.6484375 0.0966796875 0.642578125 0.1396484375 0.6669921875 0.166015625 0.7099609375 0.17578125 0.7294921875 0.169921875 0.75 0.1474609375 0.755859375 0.1376953125 0.7548828125 0.115234375
3 0.7548828125 0 0.740234375 0.0263671875 0.775390625 0.1064453125 0.7900390625 0.119140625 0.8310546875 0.126953125 0.8427734375 0.140625 0.888671875 0.1259765625 0.904296875 0.0927734375 0.9111328125 0.03125 0.8974609375 0 0.7548828125 0
3 0.1005859375 0.990234375 0.0751953125 0.955078125 0.0419921875 0.939453125 0.001953125 0.9404296875 0.0048828125 0.998046875 0.0986328125 0.998046875 0.1005859375 0.990234375