3 0.9287109375 0.818359375 0.8974609375 0.80859375 0.8505859375 0.810546875 0.8076171875 0.83984375 0.78515625 0.8759765625 0.78125 0.8974609375 0.791015625 0.9248046875 0.791015625 0.9462890625 0.80859375 0.9833984375 0.8388671875 1 0.91015625 0.9990234375 0.9501953125 0.982421875 0.947265625 0.9736328125 0.9521484375 0.96875 0.9541015625 0.978515625 0.96484375 0.9658203125 0.97265625 0.8779296875 0.95703125 0.8427734375 0.9287109375 0.818359375
3 0.63671875 0.8388671875 0.6494140625 0.861328125 0.6806640625 0.876953125 0.70703125 0.8779296875 0.7236328125 0.873046875 0.7421875 0.8486328125 0.7421875 0.8271484375 0.7294921875 0.806640625 0.6943359375 0.80078125 0.6455078125 0.806640625 0.63671875 0.8134765625 0.63671875 0.8388671875
3 0.2412109375 0.7421875 0.1904296875 0.736328125 0.1552734375 0.7421875 0.1083984375 0.77734375 0.08203125 0.8154296875 0.080078125 0.8505859375 0.091796875 0.9072265625 0.1396484375 0.943359375 0.1796875 0.9501953125 0.2216796875 0.94140625 0.2607421875 0.921875 0.29296875 0.8857421875 0.306640625 0.8525390625 0.30859375 0.8291015625 0.298828125 0.8017578125 0.28515625 0.7802734375 0.2412109375 0.7421875
3 0.037109375 0.9111328125 0.04296875 0.8759765625 0.03515625 0.8505859375 0.0087890625 0.8203125 0.0029296875 0.8203125 0 0.9267578125 0.009765625 0.9267578125 0.037109375 0.9111328125
3 0 0.7744140625 0.037109375 0.7900390625 0.0849609375 0.765625 0.12109375 0.7294921875 0.1328125 0.7041015625 0.130859375 0.6064453125 0.1083984375 0.5703125 0.0439453125 0.544921875 0.0009765625 0.51953125 0 0.7744140625
3 0 0.5048828125 0.0537109375 0.54296875 0.09375 0.5478515625 0.1201171875 0.541015625 0.1328125 0.5263671875 0.138671875 0.4736328125 0.119140625 0.4345703125 0.0830078125 0.39453125 0.0654296875 0.38671875 0 0.4208984375 0 0.5048828125
3 0 0.4130859375 0.0078125 0.4130859375 0.0380859375 0.3984375 0.05859375 0.3779296875 0.0703125 0.3447265625 0.072265625 0.3154296875 0.0625 0.2841796875 0.0458984375 0.265625 0.0009765625 0.255859375 0 0.4130859375
3 0.0009765625 0.00390625 0 0.1826171875 0.0263671875 0.19921875 0.087890625 0.2158203125 0.1064453125 0.212890625 0.11328125 0.2041015625 0.119140625 0.1826171875 0.1171875 0.1455078125 0.056640625 0.0498046875 0.044921875 0.0185546875 0.0302734375 0.00390625 0.0009765625 0.00390625
3 0.154296875 0.0478515625 0.169921875 0.0810546875 0.1962890625 0.10546875 0.2421875 0.1142578125 0.2587890625 0.109375 0.26953125 0.0986328125 0.29296875 0.0595703125 0.29296875 0.0380859375 0.279296875 0.0068359375 0.2607421875 0.001953125 0.1533203125 0.00390625 0.154296875 0.0478515625
3 0.2421875 0.2080078125 0.263671875 0.1884765625 0.259765625 0.1455078125 0.2412109375 0.1328125 0.1962890625 0.123046875 0.181640625 0.1416015625 0.193359375 0.1865234375 0.2177734375 0.205078125 0.2421875 0.2080078125
3 0.283203125 0.0966796875 0.28125 0.1474609375 0.2998046875 0.1640625 0.37890625 0.1787109375 0.3984375 0.1552734375 0.40234375 0.1357421875 0.3984375 0.0830078125 0.388671875 0.0712890625 0.38671875 0.0576171875 0.3662109375 0.05078125 0.3134765625 0.056640625 0.283203125 0.0966796875
3 0.37109375 0.4033203125 0.4072265625 0.44140625 0.44140625 0.4462890625 0.48046875 0.4287109375 0.490234375 0.4091796875 0.48828125 0.3857421875 0.4501953125 0.33984375 0.4267578125 0.333984375 0.3955078125 0.337890625 0.373046875 0.3603515625 0.37109375 0.4033203125
3 0.6630859375 0.125 0.6220703125 0.142578125 0.591796875 0.1767578125 0.587890625 0.1923828125 0.587890625 0.2255859375 0.59765625 0.2646484375 0.6337890625 0.294921875 0.666015625 0.3017578125 0.7119140625 0.28515625 0.736328125 0.2587890625 0.74609375 0.2255859375 0.744140625 0.1923828125 0.734375 0.1630859375 0.7080078125 0.1328125 0.6845703125 0.125 0.6630859375 0.125
3 0.2431640625 0.658203125 0.271484375 0.6611328125 0.298828125 0.6455078125 0.306640625 0.6123046875 0.2822265625 0.578125 0.2529296875 0.572265625 0.224609375 0.5908203125 0.220703125 0.6259765625 0.224609375 0.6396484375 0.2431640625 0.658203125
3 0.6884765625 0.6015625 0.6728515625 0.61328125 0.6572265625 0.611328125 0.6416015625 0.599609375 0.6240234375 0.6015625 0.60546875 0.6181640625 0.59765625 0.7021484375 0.609375 0.7236328125 0.6572265625 0.7734375 0.6796875 0.7783203125 0.7490234375 0.76953125 0.771484375 0.7568359375 0.794921875 0.6826171875 0.806640625 0.6630859375 0.80078125 0.6376953125 0.7841796875 0.623046875 0.7197265625 0.6015625 0.6884765625 0.6015625
3 0.9462890625 0.658203125 0.9921875 0.6591796875 1 0.6552734375 0.9990234375 0.548828125 0.9638671875 0.556640625 0.9404296875 0.5703125 0.9296875 0.5849609375 0.92578125 0.6123046875 0.93359375 0.6474609375 0.9462890625 0.658203125
3 0.86328125 0.6357421875 0.8828125 0.6240234375 0.888671875 0.5947265625 0.8759765625 0.576171875 0.8349609375 0.576171875 0.8203125 0.5869140625 0.81640625 0.6123046875 0.8349609375 0.6328125 0.86328125 0.6357421875
3 0.796875 0.4169921875 0.814453125 0.4072265625 0.818359375 0.3603515625 0.7978515625 0.341796875 0.7646484375 0.341796875 0.74609375 0.3603515625 0.74609375 0.3974609375 0.7666015625 0.4140625 0.796875 0.4169921875
3 0.79296875 0.1689453125 0.794921875 0.1943359375 0.8154296875 0.2265625 0.8486328125 0.248046875 0.8828125 0.2548828125 0.9248046875 0.244140625 0.9453125 0.2255859375 0.9453125 0.1630859375 0.8955078125 0.091796875 0.8857421875 0.0859375 0.8369140625 0.08984375 0.80859375 0.1220703125 0.79296875 0.1689453125
3 1 0.2412109375 0.9931640625 0.240234375 0.962890625 0.2646484375 0.94921875 0.2939453125 0.947265625 0.3232421875 0.962890625 0.3740234375 0.9833984375 0.396484375 1 0.4052734375 1 0.2412109375
3 1 0.0048828125 0.9912109375 0.00390625 0.94140625 0.0517578125 0.935546875 0.0908203125 0.96875 0.1572265625 1 0.1865234375 1 0.0048828125