3 0.021484375 0.4306640625 0.01953125 0.4775390625 0.03125 0.5341796875 0.060546875 0.5849609375 0.0849609375 0.60546875 0.1201171875 0.61328125 0.1279296875 0.623046875 0.1435546875 0.626953125 0.1513671875 0.607421875 0.1708984375 0.60546875 0.2158203125 0.576171875 0.25390625 0.5341796875 0.265625 0.5029296875 0.26171875 0.4794921875 0.2685546875 0.458984375 0.2421875 0.4052734375 0.2021484375 0.35546875 0.1826171875 0.353515625 0.1552734375 0.36328125 0.1318359375 0.36328125 0.1025390625 0.349609375 0.0888671875 0.349609375 0.0654296875 0.359375 0.03515625 0.3935546875 0.021484375 0.4306640625
3 0.2421875 0.2724609375 0.2646484375 0.296875 0.3037109375 0.31640625 0.3330078125 0.31640625 0.3662109375 0.306640625 0.392578125 0.2783203125 0.3955078125 0.244140625 0.38671875 0.2255859375 0.3603515625 0.201171875 0.3447265625 0.19140625 0.3154296875 0.185546875 0.2900390625 0.185546875 0.2666015625 0.193359375 0.240234375 0.2158203125 0.232421875 0.2333984375 0.232421875 0.2509765625 0.2421875 0.2724609375
3 0.5712890625 0.587890625 0.6123046875 0.611328125 0.7431640625 0.611328125 0.78125 0.5810546875 0.8125 0.5322265625 0.8134765625 0.478515625 0.791015625 0.4267578125 0.7744140625 0.40625 0.7353515625 0.38671875 0.6787109375 0.388671875 0.6396484375 0.404296875 0.5849609375 0.4453125 0.564453125 0.4677734375 0.546875 0.5087890625 0.55078125 0.5556640625 0.5712890625 0.587890625
3 0.6396484375 0.85546875 0.7001953125 0.85546875 0.7431640625 0.8359375 0.771484375 0.8056640625 0.787109375 0.7763671875 0.7880859375 0.7265625 0.771484375 0.6904296875 0.7431640625 0.6640625 0.6728515625 0.65625 0.6357421875 0.66015625 0.591796875 0.6884765625 0.56640625 0.7314453125 0.5625 0.7705078125 0.58203125 0.8134765625 0.6220703125 0.84765625 0.6396484375 0.85546875
3 0.5419921875 0.95703125 0.5712890625 0.92578125 0.5810546875 0.923828125 0.5830078125 0.916015625 0.57421875 0.8837890625 0.552734375 0.8486328125 0.5166015625 0.822265625 0.4697265625 0.833984375 0.435546875 0.8701171875 0.443359375 0.9169921875 0.4716796875 0.953125 0.4912109375 0.9609375 0.5185546875 0.96484375 0.5419921875 0.95703125
3 0.9296875 0.8935546875 0.931640625 0.9287109375 0.939453125 0.9501953125 0.9560546875 0.97265625 0.9931640625 0.99609375 1 0.9951171875 0.9990234375 0.779296875 0.9453125 0.8408203125 0.9296875 0.8935546875
3 0.939453125 0.4541015625 0.921875 0.4833984375 0.91015625 0.5224609375 0.91015625 0.5654296875 0.927734375 0.6142578125 0.95703125 0.6708984375 0.9951171875 0.703125 1 0.7021484375 0.9990234375 0.390625 0.939453125 0.4541015625
3 0.814453125 0.7216796875 0.8310546875 0.73046875 0.8798828125 0.732421875 0.8955078125 0.7265625 0.92578125 0.7001953125 0.9306640625 0.658203125 0.904296875 0.6083984375 0.8837890625 0.591796875 0.8623046875 0.583984375 0.8408203125 0.5859375 0.8056640625 0.615234375 0.7802734375 0.619140625 0.775390625 0.6298828125 0.78515625 0.6513671875 0.7890625 0.6884765625 0.814453125 0.7216796875
3 0.8212890625 0.306640625 0.8583984375 0.306640625 0.88671875 0.2958984375 0.916015625 0.2509765625 0.9150390625 0.23828125 0.9140625 0.2197265625 0.8876953125 0.19140625 0.8388671875 0.181640625 0.8076171875 0.193359375 0.79296875 0.2060546875 0.783203125 0.2275390625 0.78125 0.2548828125 0.7890625 0.2841796875 0.8056640625 0.30078125 0.8212890625 0.306640625
3 0.3662109375 0 0.349609375 0.0380859375 0.37109375 0.1044921875 0.373046875 0.1376953125 0.380859375 0.1572265625 0.4111328125 0.181640625 0.4404296875 0.19140625 0.4970703125 0.189453125 0.5517578125 0.1640625 0.583984375 0.1337890625 0.59765625 0.1083984375 0.6025390625 0.05078125 0.5888671875 0 0.3662109375 0
3 0.765625 0.0458984375 0.8115234375 0.08984375 0.8603515625 0.111328125 0.9091796875 0.115234375 0.9423828125 0.10546875 0.99609375 0.0576171875 0.9990234375 0 0.740234375 0.0009765625 0.765625 0.0458984375
3 0.974609375 0.2998046875 0.9970703125 0.326171875 0.9990234375 0.140625 0.9765625 0.1787109375 0.9609375 0.2392578125 0.96484375 0.2744140625 0.974609375 0.2998046875