3 0.765625 0.5751953125 0.7314453125 0.55078125 0.6474609375 0.544921875 0.6162109375 0.5546875 0.59375 0.5791015625 0.5634765625 0.640625 0.564453125 0.6806640625 0.576171875 0.7099609375 0.59765625 0.7412109375 0.6533203125 0.79296875 0.7060546875 0.798828125 0.7333984375 0.79296875 0.7822265625 0.76171875 0.796875 0.7451171875 0.80859375 0.7060546875 0.80859375 0.6728515625 0.796875 0.6220703125 0.765625 0.5751953125
3 1 0.7080078125 0.9990234375 0.51171875 0.9580078125 0.494140625 0.9111328125 0.498046875 0.8671875 0.5224609375 0.8408203125 0.568359375 0.83984375 0.5966796875 0.8515625 0.6435546875 0.8671875 0.6826171875 0.8779296875 0.693359375 0.9091796875 0.712890625 0.9443359375 0.720703125 1 0.7080078125
3 0.9990234375 0.140625 0.9580078125 0.1484375 0.912109375 0.1826171875 0.869140625 0.2392578125 0.853515625 0.2763671875 0.8525390625 0.298828125 0.861328125 0.3564453125 0.890625 0.4013671875 0.9423828125 0.44140625 0.9990234375 0.4609375 0.9990234375 0.140625
3 0.6201171875 0 0.6181640625 0.01171875 0.619140625 0.0439453125 0.6513671875 0.0859375 0.7060546875 0.091796875 0.744140625 0.0673828125 0.7578125 0.0419921875 0.76171875 0.0087890625 0.7587890625 0 0.6201171875 0
3 0.3544921875 0 0.3955078125 0.033203125 0.4541015625 0.046875 0.5107421875 0.04296875 0.5361328125 0.029296875 0.556640625 0.0048828125 0.5556640625 0 0.3544921875 0
3 0.8427734375 0.16015625 0.861328125 0.1357421875 0.859375 0.1181640625 0.8408203125 0.107421875 0.8173828125 0.107421875 0.8017578125 0.123046875 0.80078125 0.1435546875 0.8115234375 0.16015625 0.8427734375 0.16015625
3 0.5361328125 0.615234375 0.548828125 0.5947265625 0.546875 0.5673828125 0.5283203125 0.5546875 0.5068359375 0.556640625 0.4892578125 0.580078125 0.494140625 0.6005859375 0.5126953125 0.6171875 0.5361328125 0.615234375
3 0.4599609375 0.6328125 0.4248046875 0.62109375 0.3876953125 0.625 0.3603515625 0.642578125 0.33203125 0.6767578125 0.3232421875 0.708984375 0.32421875 0.7509765625 0.3359375 0.7822265625 0.3623046875 0.806640625 0.3876953125 0.814453125 0.4384765625 0.81640625 0.4892578125 0.8046875 0.51171875 0.7744140625 0.5234375 0.7275390625 0.521484375 0.6943359375 0.50390625 0.6669921875 0.4599609375 0.6328125
3 0.4228515625 0.853515625 0.3818359375 0.875 0.3671875 0.8935546875 0.35546875 0.9267578125 0.33203125 0.9501953125 0.3291015625 0.96875 0.3291015625 1 0.5859375 0.9990234375 0.578125 0.9248046875 0.5703125 0.9072265625 0.4970703125 0.857421875 0.4521484375 0.849609375 0.4228515625 0.853515625
3 0.146484375 0.6533203125 0.142578125 0.6142578125 0.1318359375 0.59765625 0.0947265625 0.572265625 0.0458984375 0.56640625 0.0009765625 0.57421875 0 0.7666015625 0.0595703125 0.765625 0.0966796875 0.74609375 0.11328125 0.7177734375 0.126953125 0.7099609375 0.13671875 0.6943359375 0.146484375 0.6533203125
3 0.1640625 0.3974609375 0.1640625 0.3857421875 0.138671875 0.3291015625 0.0927734375 0.291015625 0.0380859375 0.28515625 0.0009765625 0.30078125 0 0.4677734375 0.0673828125 0.4765625 0.1044921875 0.466796875 0.126953125 0.4443359375 0.14453125 0.4111328125 0.1591796875 0.40625 0.1640625 0.3974609375
3 0.5908203125 1 0.6142578125 0.99609375 0.623046875 0.9873046875 0.640625 0.9501953125 0.640625 0.9345703125 0.6279296875 0.919921875 0.5771484375 0.91796875 0.5517578125 0.890625 0.4912109375 0.85546875 0.4326171875 0.8515625 0.3857421875 0.873046875 0.375 0.8837890625 0.35546875 0.9267578125 0.330078125 0.9521484375 0.3291015625 0.962890625 0.3291015625 1 0.5908203125 1