3 0.6357421875 0.080078125 0.6640625 0.0830078125 0.6962890625 0.076171875 0.720703125 0.0537109375 0.73046875 0.0302734375 0.7255859375 0 0.6171875 0.0009765625 0.60546875 0.0322265625 0.609375 0.0595703125 0.6357421875 0.080078125
3 0 0.2431640625 0.005859375 0.2529296875 0.0263671875 0.271484375 0.076171875 0.2763671875 0.1181640625 0.259765625 0.14453125 0.2294921875 0.15234375 0.2060546875 0.146484375 0.1689453125 0.1328125 0.1494140625 0.0947265625 0.130859375 0.0400390625 0.140625 0.0078125 0.1689453125 0 0.1865234375 0 0.2431640625
3 0.0703125 0.0830078125 0.0986328125 0.072265625 0.119140625 0.0498046875 0.119140625 0.0029296875 0.0205078125 0 0.0078125 0.0146484375 0.009765625 0.0537109375 0.0361328125 0.078125 0.0703125 0.0830078125
3 0.359375 0.4951171875 0.365234375 0.4990234375 0.3642578125 0.4921875 0.359375 0.4951171875
3 0.26953125 0.5244140625 0.2978515625 0.544921875 0.322265625 0.5478515625 0.35546875 0.5263671875 0.36328125 0.5107421875 0.365234375 0.4794921875 0.3447265625 0.453125 0.3115234375 0.447265625 0.2939453125 0.455078125 0.2734375 0.4775390625 0.26953125 0.5244140625
3 0.6923828125 0.521484375 0.716796875 0.5244140625 0.7421875 0.5126953125 0.748046875 0.4794921875 0.7294921875 0.458984375 0.7099609375 0.45703125 0.6904296875 0.46484375 0.673828125 0.4814453125 0.669921875 0.4970703125 0.6923828125 0.521484375
3 0.8056640625 0.72265625 0.8349609375 0.75 0.845703125 0.7490234375 0.865234375 0.7373046875 0.8408203125 0.67578125 0.8056640625 0.65234375 0.7861328125 0.65234375 0.759765625 0.6708984375 0.755859375 0.7099609375 0.7626953125 0.724609375 0.8056640625 0.72265625
3 0.287109375 0.8720703125 0.263671875 0.8876953125 0.259765625 0.9306640625 0.267578125 0.9482421875 0.2880859375 0.962890625 0.3251953125 0.978515625 0.3359375 0.9775390625 0.3720703125 0.9609375 0.3984375 0.9404296875 0.404296875 0.9208984375 0.396484375 0.8798828125 0.3798828125 0.861328125 0.3603515625 0.853515625 0.2939453125 0.853515625 0.287109375 0.8720703125
3 0.1357421875 0.76171875 0.0791015625 0.76171875 0.0556640625 0.771484375 0.015625 0.8037109375 0.013671875 0.8447265625 0.025390625 0.8642578125 0.017578125 0.8974609375 0.0263671875 0.908203125 0.080078125 0.9091796875 0.1181640625 0.89453125 0.1318359375 0.880859375 0.1513671875 0.875 0.158203125 0.8642578125 0.162109375 0.8330078125 0.171875 0.8212890625 0.169921875 0.8017578125 0.1357421875 0.76171875
3 0 0.7216796875 0.0078125 0.7216796875 0.0400390625 0.712890625 0.076171875 0.6728515625 0.07421875 0.6396484375 0.0498046875 0.615234375 0 0.6142578125 0 0.7216796875
3 0.591796875 0.2041015625 0.6142578125 0.22265625 0.64453125 0.2294921875 0.6611328125 0.224609375 0.6767578125 0.2109375 0.685546875 0.1923828125 0.685546875 0.1630859375 0.6669921875 0.130859375 0.6337890625 0.1328125 0.58984375 0.1513671875 0.591796875 0.2041015625
3 0.8818359375 0.046875 0.9091796875 0.033203125 0.919921875 0.0205078125 0.921875 0.0009765625 0.80859375 0.0009765625 0.8232421875 0.044921875 0.857421875 0.0478515625 0.8818359375 0.046875