3 0.5048828125 0.3671875 0.4716796875 0.36328125 0.4169921875 0.3828125 0.384765625 0.4072265625 0.375 0.4306640625 0.3828125 0.4912109375 0.4326171875 0.51171875 0.44921875 0.5126953125 0.5048828125 0.505859375 0.568359375 0.4814453125 0.572265625 0.4580078125 0.560546875 0.4365234375 0.556640625 0.3955078125 0.5478515625 0.38671875 0.5048828125 0.3671875
3 0.2978515625 0.443359375 0.2646484375 0.431640625 0.2294921875 0.43359375 0.2001953125 0.44921875 0.17578125 0.4755859375 0.17578125 0.5341796875 0.1953125 0.5654296875 0.21875 0.5810546875 0.2412109375 0.58203125 0.2568359375 0.57421875 0.298828125 0.5400390625 0.322265625 0.5087890625 0.318359375 0.4677734375 0.2978515625 0.443359375
3 0.7841796875 0.15625 0.7197265625 0.154296875 0.6884765625 0.16796875 0.66015625 0.2060546875 0.65234375 0.2509765625 0.66015625 0.2822265625 0.6767578125 0.30859375 0.716796875 0.3232421875 0.7490234375 0.318359375 0.7783203125 0.30078125 0.806640625 0.2626953125 0.80859375 0.2021484375 0.7841796875 0.15625
3 0.0732421875 0 0.0234375 0.0498046875 0.00390625 0.0927734375 0.00390625 0.1220703125 0.01171875 0.1416015625 0.0400390625 0.16015625 0.0966796875 0.166015625 0.1240234375 0.203125 0.15625 0.2177734375 0.1943359375 0.20703125 0.2421875 0.1630859375 0.310546875 0.0654296875 0.326171875 0.0244140625 0.3271484375 0 0.0732421875 0
3 0 0.3369140625 0.01171875 0.3408203125 0.0830078125 0.330078125 0.119140625 0.2880859375 0.12109375 0.2392578125 0.09375 0.1806640625 0.0849609375 0.173828125 0 0.1708984375 0 0.3369140625
3 0 0.5380859375 0.029296875 0.5166015625 0.064453125 0.4697265625 0.078125 0.4384765625 0.07421875 0.3837890625 0.0595703125 0.36328125 0.0439453125 0.357421875 0 0.3623046875 0 0.5380859375
3 0.4541015625 0.8046875 0.3994140625 0.80859375 0.365234375 0.8427734375 0.3515625 0.8681640625 0.3515625 0.9091796875 0.3671875 0.9326171875 0.3818359375 0.943359375 0.41015625 0.9462890625 0.4267578125 0.947265625 0.4677734375 0.9296875 0.498046875 0.8876953125 0.5 0.8564453125 0.4921875 0.8369140625 0.4736328125 0.814453125 0.4541015625 0.8046875
3 0.80078125 0.9326171875 0.7724609375 0.904296875 0.7392578125 0.890625 0.7060546875 0.890625 0.6669921875 0.904296875 0.642578125 0.9267578125 0.62109375 0.9638671875 0.619140625 0.9990234375 0.8076171875 1 0.810546875 0.9619140625 0.80078125 0.9326171875
3 0.34765625 0.9990234375 0.4482421875 1 0.44921875 0.9951171875 0.4453125 0.9775390625 0.4326171875 0.966796875 0.3955078125 0.962890625 0.3681640625 0.97265625 0.34765625 0.9990234375
3 0.595703125 0.2978515625 0.5712890625 0.2734375 0.5498046875 0.2734375 0.5283203125 0.28515625 0.50390625 0.3212890625 0.50390625 0.3330078125 0.5185546875 0.3515625 0.546875 0.3603515625 0.5673828125 0.359375 0.59375 0.3291015625 0.595703125 0.2978515625
3 0.8818359375 0 0.876953125 0.0048828125 0.861328125 0.0322265625 0.873046875 0.0537109375 0.89453125 0.0673828125 0.9267578125 0.0625 0.9453125 0.0458984375 0.95703125 0.0263671875 0.9541015625 0 0.8818359375 0
3 0.8251953125 0.1015625 0.837890625 0.0869140625 0.83984375 0.0654296875 0.8310546875 0.05078125 0.8056640625 0.05078125 0.794921875 0.0634765625 0.79296875 0.0869140625 0.806640625 0.1025390625 0.8251953125 0.1015625
3 0.9140625 0.1826171875 0.91015625 0.1650390625 0.8994140625 0.154296875 0.8720703125 0.1484375 0.845703125 0.1669921875 0.83984375 0.1982421875 0.8564453125 0.22265625 0.876953125 0.2294921875 0.8955078125 0.224609375 0.91015625 0.2099609375 0.9140625 0.1826171875