3 0.28515625 0.3818359375 0.3046875 0.3525390625 0.3056640625 0.322265625 0.298828125 0.2919921875 0.2802734375 0.265625 0.2607421875 0.255859375 0.2451171875 0.23828125 0.1982421875 0.232421875 0.1708984375 0.232421875 0.1435546875 0.2421875 0.099609375 0.2900390625 0.09375 0.3076171875 0.099609375 0.3544921875 0.125 0.4111328125 0.1318359375 0.41796875 0.1767578125 0.4296875 0.2158203125 0.427734375 0.2607421875 0.404296875 0.28515625 0.3818359375
3 0.5244140625 0.533203125 0.5458984375 0.5234375 0.5537109375 0.505859375 0.55078125 0.4892578125 0.5380859375 0.474609375 0.5068359375 0.46484375 0.4765625 0.4814453125 0.466796875 0.5166015625 0.4873046875 0.53125 0.5244140625 0.533203125
3 0.9521484375 0.45703125 0.8740234375 0.505859375 0.8291015625 0.54296875 0.787109375 0.5888671875 0.751953125 0.6494140625 0.76953125 0.6748046875 0.763671875 0.6923828125 0.767578125 0.7431640625 0.8447265625 0.8203125 0.9189453125 0.830078125 0.9541015625 0.814453125 1 0.8076171875 0.9990234375 0.423828125 0.9736328125 0.43359375 0.9521484375 0.45703125
3 0.4501953125 1 0.4501953125 0.994140625 0.4228515625 0.9609375 0.3818359375 0.93359375 0.3154296875 0.919921875 0.2919921875 0.921875 0.2666015625 0.935546875 0.240234375 0.9619140625 0.23046875 0.9873046875 0.2314453125 1 0.4501953125 1
3 0.1943359375 0.962890625 0.1650390625 0.95703125 0.1142578125 0.974609375 0.091796875 0.9990234375 0.2197265625 0.99609375 0.1943359375 0.962890625
3 0.0517578125 0.837890625 0.064453125 0.8212890625 0.0634765625 0.794921875 0.056640625 0.7744140625 0.0458984375 0.763671875 0.0224609375 0.7578125 0.0009765625 0.763671875 0 0.8447265625 0.0244140625 0.84765625 0.0517578125 0.837890625
3 0.0009765625 0.03515625 0 0.1533203125 0.0205078125 0.15625 0.0400390625 0.146484375 0.060546875 0.1240234375 0.0595703125 0.10546875 0.037109375 0.0556640625 0.0009765625 0.03515625
3 0.1552734375 0.037109375 0.1865234375 0.025390625 0.2158203125 0 0.041015625 0.0029296875 0.0478515625 0.015625 0.0791015625 0.033203125 0.1552734375 0.037109375
3 0.94921875 0.8779296875 0.962890625 0.9150390625 0.9736328125 0.92578125 0.9951171875 0.931640625 1 0.9306640625 0.9990234375 0.84765625 0.9599609375 0.857421875 0.94921875 0.8779296875
3 0.4169921875 0.43359375 0.4072265625 0.421875 0.3857421875 0.421875 0.373046875 0.4326171875 0.37109375 0.4521484375 0.3876953125 0.46484375 0.3974609375 0.46484375 0.4140625 0.4541015625 0.4169921875 0.43359375
3 0.1494140625 0.787109375 0.130859375 0.8076171875 0.12109375 0.8369140625 0.125 0.8662109375 0.1396484375 0.884765625 0.1572265625 0.890625 0.1787109375 0.888671875 0.19140625 0.8740234375 0.2099609375 0.8203125 0.20703125 0.8017578125 0.1982421875 0.791015625 0.1787109375 0.783203125 0.1494140625 0.787109375