3 0.91015625 0.6689453125 0.89453125 0.7001953125 0.896484375 0.7373046875 0.9091796875 0.755859375 0.9521484375 0.78515625 0.9990234375 0.78515625 1 0.6552734375 0.9912109375 0.650390625 0.94921875 0.6513671875 0.9228515625 0.65625 0.91015625 0.6689453125
3 1 0.5283203125 0.9736328125 0.50390625 0.9560546875 0.498046875 0.919921875 0.4990234375 0.8896484375 0.5078125 0.8671875 0.5361328125 0.86328125 0.5810546875 0.876953125 0.6162109375 0.9013671875 0.6328125 0.9404296875 0.6328125 0.9873046875 0.619140625 1 0.6083984375 1 0.5283203125
3 0.94140625 0.3447265625 0.92578125 0.3115234375 0.9013671875 0.291015625 0.8837890625 0.28515625 0.8515625 0.2861328125 0.8310546875 0.294921875 0.806640625 0.3173828125 0.7890625 0.3525390625 0.7890625 0.3701171875 0.802734375 0.3994140625 0.8271484375 0.42578125 0.8564453125 0.439453125 0.8837890625 0.44140625 0.9111328125 0.4296875 0.9296875 0.4111328125 0.939453125 0.3916015625 0.94140625 0.3447265625
3 0.76953125 0.4990234375 0.7880859375 0.525390625 0.8212890625 0.537109375 0.849609375 0.5146484375 0.85546875 0.4892578125 0.8291015625 0.45703125 0.8046875 0.4560546875 0.7900390625 0.458984375 0.775390625 0.4716796875 0.76953125 0.4990234375
3 0.8818359375 0.087890625 0.90625 0.0615234375 0.919921875 0.0205078125 0.9189453125 0 0.7109375 0.0009765625 0.7685546875 0.064453125 0.8251953125 0.095703125 0.8642578125 0.095703125 0.8818359375 0.087890625
3 0.53125 0.0009765625 0.529296875 0.0634765625 0.53515625 0.0888671875 0.5546875 0.1220703125 0.5751953125 0.140625 0.6064453125 0.15234375 0.6396484375 0.1484375 0.6533203125 0.140625 0.66796875 0.1201171875 0.681640625 0.0771484375 0.677734375 0.0380859375 0.662109375 0.0029296875 0.53125 0.0009765625
3 0.1865234375 0.615234375 0.1630859375 0.6015625 0.138671875 0.5986328125 0.08984375 0.6435546875 0.08203125 0.6865234375 0.087890625 0.7021484375 0.1123046875 0.716796875 0.1259765625 0.734375 0.1669921875 0.748046875 0.1767578125 0.734375 0.205078125 0.7177734375 0.220703125 0.6865234375 0.220703125 0.6748046875 0.205078125 0.6376953125 0.1865234375 0.615234375
3 0.0498046875 0.53515625 0.02734375 0.5634765625 0.029296875 0.6044921875 0.0498046875 0.630859375 0.0771484375 0.625 0.1083984375 0.603515625 0.12109375 0.5791015625 0.1171875 0.5537109375 0.1083984375 0.544921875 0.0908203125 0.53515625 0.060546875 0.5322265625 0.0498046875 0.53515625
3 0.427734375 0.9580078125 0.41015625 0.9677734375 0.404296875 0.9990234375 0.4580078125 1 0.455078125 0.9716796875 0.4443359375 0.9609375 0.427734375 0.9580078125
3 0.8486328125 0.66796875 0.861328125 0.6572265625 0.86328125 0.6416015625 0.8544921875 0.62890625 0.83984375 0.6279296875 0.826171875 0.6376953125 0.82421875 0.6533203125 0.8330078125 0.666015625 0.8486328125 0.66796875
3 0.7763671875 0.568359375 0.787109375 0.5576171875 0.787109375 0.5458984375 0.7763671875 0.529296875 0.76171875 0.5283203125 0.751953125 0.5361328125 0.751953125 0.5537109375 0.7607421875 0.56640625 0.7763671875 0.568359375
3 0.6025390625 0.400390625 0.615234375 0.3876953125 0.6171875 0.3720703125 0.6064453125 0.361328125 0.5859375 0.3623046875 0.580078125 0.3681640625 0.580078125 0.3857421875 0.5908203125 0.400390625 0.6025390625 0.400390625