3 0 0.7529296875 0.0302734375 0.767578125 0.1142578125 0.775390625 0.1533203125 0.763671875 0.201171875 0.7255859375 0.22265625 0.6845703125 0.224609375 0.6611328125 0.212890625 0.6162109375 0.1875 0.5810546875 0.1416015625 0.548828125 0.09765625 0.5380859375 0.0693359375 0.537109375 0.0322265625 0.546875 0 0.5712890625 0 0.7529296875
3 0.3056640625 1 0.3359375 0.9736328125 0.3515625 0.9267578125 0.345703125 0.8896484375 0.3193359375 0.85546875 0.2900390625 0.83984375 0.265625 0.8369140625 0.2412109375 0.837890625 0.2080078125 0.8515625 0.173828125 0.8798828125 0.16015625 0.9013671875 0.15234375 0.9267578125 0.154296875 0.9443359375 0.1884765625 1 0.3056640625 1
3 0.0908203125 0.486328125 0.1220703125 0.5 0.1591796875 0.50390625 0.2099609375 0.48828125 0.236328125 0.4658203125 0.255859375 0.4228515625 0.255859375 0.3974609375 0.234375 0.3505859375 0.2001953125 0.322265625 0.16796875 0.3115234375 0.1201171875 0.310546875 0.0791015625 0.328125 0.052734375 0.3544921875 0.0390625 0.3955078125 0.04296875 0.4267578125 0.05859375 0.4580078125 0.0908203125 0.486328125
3 0 0.2666015625 0.0087890625 0.26953125 0.0498046875 0.265625 0.0751953125 0.251953125 0.09765625 0.2275390625 0.115234375 0.1884765625 0.115234375 0.1552734375 0.10546875 0.1240234375 0.0791015625 0.091796875 0.0556640625 0.07421875 0.03515625 0.0673828125 0 0.0693359375 0 0.2666015625
3 0.177734375 0.2314453125 0.16796875 0.2177734375 0.1396484375 0.22265625 0.12890625 0.2373046875 0.1328125 0.2509765625 0.1455078125 0.263671875 0.1650390625 0.265625 0.17578125 0.2587890625 0.177734375 0.2314453125
3 0.3447265625 0.193359375 0.3818359375 0.201171875 0.4189453125 0.19921875 0.4521484375 0.181640625 0.48046875 0.1474609375 0.490234375 0.1181640625 0.486328125 0.0751953125 0.4658203125 0.046875 0.435546875 0.0341796875 0.3857421875 0.03515625 0.3369140625 0.048828125 0.3056640625 0.0625 0.287109375 0.0849609375 0.283203125 0.1044921875 0.310546875 0.1591796875 0.3447265625 0.193359375
3 0.6201171875 0.177734375 0.6591796875 0.169921875 0.669921875 0.1611328125 0.685546875 0.1396484375 0.685546875 0.1083984375 0.67578125 0.0830078125 0.6591796875 0.06640625 0.6171875 0.0556640625 0.5966796875 0.05859375 0.572265625 0.0810546875 0.564453125 0.1162109375 0.5703125 0.1396484375 0.583984375 0.1591796875 0.5947265625 0.169921875 0.6201171875 0.177734375
3 0.4326171875 0.49609375 0.451171875 0.4853515625 0.462890625 0.4638671875 0.458984375 0.4326171875 0.4404296875 0.40625 0.4228515625 0.390625 0.404296875 0.3837890625 0.3818359375 0.3828125 0.3544921875 0.396484375 0.34765625 0.4033203125 0.345703125 0.4208984375 0.3828125 0.4599609375 0.3994140625 0.48828125 0.4326171875 0.49609375
3 0.7587890625 0.595703125 0.7734375 0.5576171875 0.7666015625 0.537109375 0.7265625 0.5244140625 0.7021484375 0.525390625 0.6767578125 0.537109375 0.66015625 0.5595703125 0.66015625 0.5927734375 0.6982421875 0.62890625 0.7333984375 0.6171875 0.7587890625 0.595703125
3 0.7607421875 0.470703125 0.7978515625 0.48046875 0.8076171875 0.4921875 0.8173828125 0.4921875 0.8427734375 0.474609375 0.8642578125 0.470703125 0.896484375 0.4541015625 0.90234375 0.4345703125 0.916015625 0.4208984375 0.91796875 0.3701171875 0.908203125 0.3369140625 0.8837890625 0.306640625 0.8525390625 0.287109375 0.8046875 0.2763671875 0.7783203125 0.275390625 0.7373046875 0.2890625 0.703125 0.3408203125 0.697265625 0.3740234375 0.7109375 0.4111328125 0.7412109375 0.455078125 0.7607421875 0.470703125
3 1 0.1025390625 0.9794921875 0.080078125 0.95703125 0.0693359375 0.9306640625 0.068359375 0.8916015625 0.080078125 0.869140625 0.1025390625 0.857421875 0.1396484375 0.857421875 0.1748046875 0.869140625 0.2001953125 0.8818359375 0.212890625 0.9287109375 0.23046875 0.9638671875 0.2265625 1 0.2041015625 1 0.1025390625
3 0.7568359375 0.8046875 0.8525390625 0.8046875 0.8720703125 0.79296875 0.91015625 0.7509765625 0.9140625 0.7138671875 0.896484375 0.6708984375 0.8740234375 0.642578125 0.822265625 0.6220703125 0.7880859375 0.623046875 0.7568359375 0.63671875 0.716796875 0.6708984375 0.7109375 0.6826171875 0.70703125 0.7451171875 0.73046875 0.7861328125 0.7568359375 0.8046875
3 0.5244140625 0.916015625 0.5751953125 0.900390625 0.6015625 0.8779296875 0.625 0.8447265625 0.6171875 0.8056640625 0.599609375 0.7802734375 0.5673828125 0.755859375 0.53125 0.7412109375 0.5087890625 0.7421875 0.482421875 0.7529296875 0.453125 0.8291015625 0.455078125 0.8681640625 0.462890625 0.8857421875 0.4833984375 0.90234375 0.5244140625 0.916015625
3 0.8291015625 0.998046875 0.8525390625 0.9921875 0.880859375 0.9677734375 0.896484375 0.9228515625 0.896484375 0.9052734375 0.8759765625 0.876953125 0.849609375 0.8701171875 0.8212890625 0.869140625 0.7919921875 0.8828125 0.7734375 0.9033203125 0.76171875 0.9287109375 0.771484375 0.9755859375 0.7958984375 0.9921875 0.8291015625 0.998046875
3 1 0.4013671875 0.96875 0.4365234375 0.95703125 0.4697265625 0.95703125 0.5048828125 0.96484375 0.5380859375 0.982421875 0.5576171875 0.9990234375 0.595703125 1 0.4013671875