3 0.724609375 0.1865234375 0.7265625 0.2314453125 0.744140625 0.2666015625 0.7802734375 0.298828125 0.8173828125 0.31640625 0.8662109375 0.314453125 0.9013671875 0.298828125 0.92578125 0.2744140625 0.9375 0.2294921875 0.935546875 0.1826171875 0.912109375 0.1455078125 0.8818359375 0.119140625 0.8505859375 0.107421875 0.81640625 0.1044921875 0.7880859375 0.109375 0.740234375 0.1513671875 0.724609375 0.1865234375
3 0.912109375 0.4736328125 0.896484375 0.5283203125 0.8984375 0.5732421875 0.91015625 0.6220703125 0.9599609375 0.677734375 0.9990234375 0.697265625 1 0.3896484375 0.9697265625 0.404296875 0.923828125 0.4541015625 0.912109375 0.4736328125
3 0.578125 0.5361328125 0.578125 0.5751953125 0.6064453125 0.60546875 0.6416015625 0.603515625 0.6572265625 0.595703125 0.681640625 0.5693359375 0.685546875 0.5283203125 0.66796875 0.5009765625 0.65625 0.4931640625 0.6337890625 0.4921875 0.6025390625 0.505859375 0.578125 0.5361328125
3 0.2060546875 0.78515625 0.1953125 0.7919921875 0.173828125 0.8251953125 0.171875 0.8720703125 0.1796875 0.9189453125 0.2001953125 0.943359375 0.2236328125 0.953125 0.3017578125 0.96484375 0.3486328125 0.955078125 0.3740234375 0.939453125 0.3935546875 0.9375 0.40234375 0.9287109375 0.41796875 0.8916015625 0.416015625 0.8642578125 0.404296875 0.8427734375 0.3935546875 0.83203125 0.38671875 0.8330078125 0.3828125 0.8095703125 0.337890625 0.7685546875 0.3212890625 0.767578125 0.2783203125 0.78125 0.2060546875 0.78515625
3 0.1201171875 1 0.12109375 0.9775390625 0.111328125 0.9423828125 0.09375 0.9150390625 0.0576171875 0.892578125 0.015625 0.8818359375 0.001953125 0.8896484375 0.001953125 0.9990234375 0.1201171875 1
3 0.30078125 0.1396484375 0.2890625 0.1689453125 0.294921875 0.2041015625 0.3271484375 0.2265625 0.3583984375 0.220703125 0.373046875 0.1982421875 0.373046875 0.1435546875 0.3515625 0.1240234375 0.3232421875 0.123046875 0.3115234375 0.12890625 0.30078125 0.1396484375
3 0.380859375 0.1962890625 0.3916015625 0.21484375 0.4208984375 0.216796875 0.4384765625 0.2109375 0.458984375 0.1923828125 0.458984375 0.1494140625 0.4423828125 0.130859375 0.427734375 0.1259765625 0.4033203125 0.125 0.3828125 0.1474609375 0.380859375 0.1962890625
3 0.541015625 0.4658203125 0.5830078125 0.498046875 0.6162109375 0.490234375 0.630859375 0.4736328125 0.625 0.4326171875 0.599609375 0.4111328125 0.5673828125 0.412109375 0.537109375 0.4501953125 0.541015625 0.4658203125
3 0.744140625 0.8681640625 0.75 0.9072265625 0.7744140625 0.939453125 0.7939453125 0.951171875 0.8310546875 0.947265625 0.8583984375 0.931640625 0.87890625 0.9111328125 0.892578125 0.8818359375 0.888671875 0.8564453125 0.873046875 0.8330078125 0.8466796875 0.81640625 0.826171875 0.8115234375 0.7998046875 0.8125 0.7646484375 0.830078125 0.744140625 0.8681640625
3 0.857421875 0.9716796875 0.859375 0.9990234375 0.9501953125 1 0.962890625 0.9677734375 0.94921875 0.9404296875 0.9375 0.9326171875 0.9052734375 0.93359375 0.8720703125 0.951171875 0.857421875 0.9716796875
3 0.748046875 0.7724609375 0.7626953125 0.798828125 0.7939453125 0.8046875 0.8115234375 0.798828125 0.826171875 0.7841796875 0.828125 0.7529296875 0.802734375 0.7373046875 0.7744140625 0.736328125 0.755859375 0.7509765625 0.748046875 0.7724609375
3 0.54296875 0.9990234375 0.6875 0.9990234375 0.6630859375 0.962890625 0.634765625 0.9521484375 0.5791015625 0.958984375 0.55078125 0.9833984375 0.54296875 0.9990234375
3 0.517578125 0.1455078125 0.521484375 0.1630859375 0.5283203125 0.16796875 0.5830078125 0.16796875 0.609375 0.1455078125 0.611328125 0.1259765625 0.60546875 0.1083984375 0.5625 0.0712890625 0.5380859375 0.07421875 0.51953125 0.0966796875 0.517578125 0.1455078125
3 0.162109375 0.2822265625 0.16796875 0.3037109375 0.2041015625 0.32421875 0.2392578125 0.32421875 0.263671875 0.2998046875 0.2578125 0.2509765625 0.224609375 0.2314453125 0.1728515625 0.240234375 0.1640625 0.2548828125 0.162109375 0.2822265625