3 0.7568359375 0.376953125 0.7880859375 0.37890625 0.8056640625 0.37109375 0.828125 0.3525390625 0.8359375 0.3369140625 0.83203125 0.2607421875 0.8173828125 0.23828125 0.7978515625 0.236328125 0.7783203125 0.244140625 0.7333984375 0.2734375 0.7099609375 0.302734375 0.72265625 0.3466796875 0.7353515625 0.36328125 0.7568359375 0.376953125
3 0.6240234375 0.416015625 0.6494140625 0.41796875 0.6962890625 0.40234375 0.7109375 0.3779296875 0.7109375 0.3544921875 0.701171875 0.3232421875 0.6748046875 0.302734375 0.5908203125 0.310546875 0.580078125 0.3212890625 0.5771484375 0.34375 0.576171875 0.3701171875 0.58203125 0.3837890625 0.6240234375 0.416015625
3 0.2138671875 0.767578125 0.2724609375 0.763671875 0.306640625 0.7275390625 0.30859375 0.6767578125 0.2822265625 0.654296875 0.2568359375 0.646484375 0.1865234375 0.6484375 0.1611328125 0.685546875 0.16015625 0.7119140625 0.169921875 0.7431640625 0.2138671875 0.767578125
3 0.0576171875 0.80859375 0.0791015625 0.80078125 0.11328125 0.7705078125 0.119140625 0.7529296875 0.119140625 0.7119140625 0.107421875 0.6826171875 0.0830078125 0.65625 0.0673828125 0.650390625 0.0224609375 0.65234375 0.0009765625 0.662109375 0 0.8017578125 0.0185546875 0.80859375 0.0576171875 0.80859375
3 0.7080078125 0.93359375 0.7294921875 0.923828125 0.751953125 0.8818359375 0.74609375 0.8486328125 0.7255859375 0.828125 0.7119140625 0.82421875 0.6884765625 0.82421875 0.6650390625 0.833984375 0.6484375 0.8466796875 0.6416015625 0.86328125 0.6484375 0.9013671875 0.6865234375 0.93359375 0.7080078125 0.93359375
3 0.677734375 0.9755859375 0.6611328125 0.958984375 0.6201171875 0.935546875 0.5302734375 0.943359375 0.4931640625 0.958984375 0.4736328125 0.98828125 0.4736328125 1 0.6875 0.9990234375 0.677734375 0.9755859375
3 0.8955078125 1 0.908203125 0.9833984375 0.912109375 0.9599609375 0.900390625 0.8955078125 0.8818359375 0.8671875 0.8525390625 0.857421875 0.8173828125 0.875 0.7880859375 0.87890625 0.775390625 0.8916015625 0.7431640625 0.96484375 0.7548828125 1 0.8955078125 1
3 0.857421875 0.3486328125 0.8857421875 0.37109375 0.9267578125 0.388671875 0.9482421875 0.39453125 0.9970703125 0.392578125 1 0.0810546875 0.9306640625 0.1015625 0.8916015625 0.123046875 0.861328125 0.1494140625 0.8369140625 0.197265625 0.83984375 0.2724609375 0.857421875 0.3271484375 0.857421875 0.3486328125
3 0.5595703125 0.55859375 0.5947265625 0.5546875 0.640625 0.5205078125 0.640625 0.4716796875 0.6220703125 0.453125 0.5927734375 0.44921875 0.5146484375 0.494140625 0.5087890625 0.5078125 0.509765625 0.5224609375 0.5263671875 0.546875 0.5595703125 0.55859375
3 0.3193359375 0.4140625 0.3447265625 0.419921875 0.3603515625 0.419921875 0.3955078125 0.3984375 0.427734375 0.3544921875 0.421875 0.3232421875 0.40625 0.2978515625 0.3857421875 0.28125 0.3603515625 0.275390625 0.3310546875 0.28125 0.3125 0.2958984375 0.30078125 0.3154296875 0.2958984375 0.33984375 0.296875 0.3779296875 0.30859375 0.4052734375 0.3193359375 0.4140625
3 0.4462890625 0.556640625 0.4658203125 0.556640625 0.494140625 0.5439453125 0.498046875 0.5107421875 0.4892578125 0.4921875 0.4677734375 0.482421875 0.4443359375 0.48046875 0.4228515625 0.482421875 0.4169921875 0.4921875 0.416015625 0.5302734375 0.4326171875 0.548828125 0.4462890625 0.556640625
3 0.017578125 0.4208984375 0.025390625 0.4404296875 0.0537109375 0.46875 0.0849609375 0.484375 0.1298828125 0.4921875 0.1865234375 0.47265625 0.2265625 0.4384765625 0.234375 0.4111328125 0.259765625 0.3740234375 0.26171875 0.3486328125 0.251953125 0.3115234375 0.2158203125 0.26953125 0.1630859375 0.234375 0.1357421875 0.23828125 0.1181640625 0.234375 0.1123046875 0.2265625 0.1064453125 0.232421875 0.0908203125 0.2265625 0.0634765625 0.23828125 0.0224609375 0.240234375 0.0166015625 0.25390625 0.015625 0.3173828125 0.021484375 0.3447265625 0.017578125 0.4208984375
3 0.021484375 0.4658203125 0.0009765625 0.416015625 0.0009765625 0.53125 0.01953125 0.5029296875 0.021484375 0.4658203125
3 0.0791015625 0.228515625 0.1015625 0.1923828125 0.1015625 0.1728515625 0.09375 0.1591796875 0.0556640625 0.130859375 0.0009765625 0.125 0 0.2314453125 0.0595703125 0.234375 0.0791015625 0.228515625
3 0.134765625 0.1318359375 0.1708984375 0.1640625 0.2060546875 0.181640625 0.2451171875 0.19140625 0.3193359375 0.19140625 0.3837890625 0.166015625 0.42578125 0.1298828125 0.447265625 0.1025390625 0.470703125 0.0556640625 0.4765625 0.0009765625 0.1201171875 0 0.1083984375 0.056640625 0.109375 0.0888671875 0.1171875 0.1044921875 0.134765625 0.1318359375
3 0.0615234375 0.05078125 0.087890625 0.0283203125 0.1015625 0.0029296875 0.0009765625 0 0.0009765625 0.060546875 0.0322265625 0.060546875 0.0615234375 0.05078125
3 0.5341796875 0.259765625 0.5732421875 0.283203125 0.6904296875 0.283203125 0.7490234375 0.25390625 0.80078125 0.2080078125 0.8046875 0.1982421875 0.806640625 0.1376953125 0.796875 0.1025390625 0.7451171875 0.044921875 0.7314453125 0.037109375 0.6630859375 0.025390625 0.6044921875 0.0390625 0.5439453125 0.068359375 0.5107421875 0.09375 0.4912109375 0.12890625 0.490234375 0.1591796875 0.509765625 0.2294921875 0.5341796875 0.259765625
3 0.7880859375 0 0.7802734375 0.017578125 0.779296875 0.0439453125 0.78515625 0.0556640625 0.810546875 0.0927734375 0.8369140625 0.111328125 0.8642578125 0.109375 0.8974609375 0.09375 0.921875 0.0595703125 0.923828125 0.0302734375 0.9033203125 0 0.7880859375 0