3 0.8681640625 0.58203125 0.8232421875 0.5703125 0.7841796875 0.572265625 0.7392578125 0.595703125 0.71484375 0.6181640625 0.6953125 0.6474609375 0.6943359375 0.677734375 0.701171875 0.7080078125 0.7197265625 0.734375 0.7392578125 0.744140625 0.7548828125 0.76171875 0.8017578125 0.767578125 0.8291015625 0.767578125 0.8564453125 0.7578125 0.900390625 0.7099609375 0.90625 0.6923828125 0.900390625 0.6455078125 0.875 0.5888671875 0.8681640625 0.58203125
3 0.4931640625 0.53515625 0.5234375 0.5185546875 0.533203125 0.4833984375 0.5126953125 0.46875 0.4755859375 0.466796875 0.4541015625 0.4765625 0.4462890625 0.494140625 0.44921875 0.5107421875 0.4619140625 0.525390625 0.4931640625 0.53515625
3 0.0458984375 0.185546875 0 0.1923828125 0.0009765625 0.576171875 0.0263671875 0.56640625 0.0478515625 0.54296875 0.1259765625 0.494140625 0.1708984375 0.45703125 0.212890625 0.4111328125 0.248046875 0.3505859375 0.23046875 0.3251953125 0.236328125 0.3076171875 0.232421875 0.2568359375 0.1552734375 0.1796875 0.0810546875 0.169921875 0.0458984375 0.185546875
3 0.5498046875 0 0.5498046875 0.005859375 0.5771484375 0.0390625 0.6181640625 0.06640625 0.6845703125 0.080078125 0.7080078125 0.078125 0.7333984375 0.064453125 0.759765625 0.0380859375 0.76953125 0.0126953125 0.7685546875 0 0.5498046875 0
3 0.8349609375 0.04296875 0.8857421875 0.025390625 0.908203125 0.0009765625 0.7802734375 0.00390625 0.8056640625 0.037109375 0.8349609375 0.04296875
3 0.9775390625 0.2421875 0.9990234375 0.236328125 1 0.1552734375 0.9755859375 0.15234375 0.9482421875 0.162109375 0.935546875 0.1787109375 0.9365234375 0.205078125 0.943359375 0.2255859375 0.9541015625 0.236328125 0.9775390625 0.2421875
3 0.9599609375 0.853515625 0.939453125 0.8759765625 0.9404296875 0.89453125 0.962890625 0.9443359375 0.9990234375 0.96484375 1 0.8466796875 0.9794921875 0.84375 0.9599609375 0.853515625
3 0.7841796875 1 0.958984375 0.9970703125 0.9521484375 0.984375 0.9208984375 0.966796875 0.8447265625 0.962890625 0.8134765625 0.974609375 0.7841796875 1
3 0.0048828125 0.068359375 0 0.0693359375 0.0009765625 0.15234375 0.0400390625 0.142578125 0.05078125 0.1220703125 0.037109375 0.0849609375 0.0263671875 0.07421875 0.0048828125 0.068359375
3 0.62890625 0.5478515625 0.6123046875 0.53515625 0.6025390625 0.53515625 0.5859375 0.5458984375 0.5830078125 0.56640625 0.5927734375 0.578125 0.6142578125 0.578125 0.626953125 0.5673828125 0.62890625 0.5478515625
3 0.7900390625 0.1796875 0.79296875 0.1982421875 0.8017578125 0.208984375 0.8212890625 0.216796875 0.8505859375 0.212890625 0.869140625 0.1923828125 0.87890625 0.1630859375 0.875 0.1337890625 0.8603515625 0.115234375 0.8427734375 0.109375 0.8212890625 0.111328125 0.80859375 0.1259765625 0.7900390625 0.1796875