3 0.1943359375 0.466796875 0.205078125 0.4521484375 0.205078125 0.4013671875 0.197265625 0.3779296875 0.1435546875 0.3515625 0.1201171875 0.349609375 0.1005859375 0.35546875 0.076171875 0.3857421875 0.0693359375 0.41015625 0.0703125 0.4287109375 0.087890625 0.4580078125 0.1279296875 0.482421875 0.1728515625 0.48046875 0.1943359375 0.466796875
3 0.3994140625 0.609375 0.4375 0.5654296875 0.44140625 0.5146484375 0.42578125 0.4853515625 0.3935546875 0.45703125 0.3720703125 0.451171875 0.3212890625 0.455078125 0.291015625 0.4755859375 0.2783203125 0.50390625 0.279296875 0.5341796875 0.29296875 0.5634765625 0.3212890625 0.591796875 0.3525390625 0.611328125 0.3994140625 0.609375
3 0.6162109375 0.64453125 0.6376953125 0.634765625 0.6484375 0.6201171875 0.650390625 0.5947265625 0.638671875 0.5712890625 0.638671875 0.5517578125 0.6162109375 0.517578125 0.5908203125 0.5078125 0.5595703125 0.5078125 0.5244140625 0.51953125 0.501953125 0.5400390625 0.4912109375 0.609375 0.490234375 0.6259765625 0.5009765625 0.640625 0.5439453125 0.65625 0.5849609375 0.638671875 0.6162109375 0.64453125
3 0.5234375 0.6669921875 0.5009765625 0.65625 0.4716796875 0.66015625 0.4619140625 0.67578125 0.462890625 0.6962890625 0.4814453125 0.71484375 0.5087890625 0.71484375 0.529296875 0.6962890625 0.5234375 0.6669921875
3 0.2060546875 0.962890625 0.2626953125 0.96484375 0.2802734375 0.958984375 0.3046875 0.9365234375 0.3125 0.8974609375 0.3046875 0.8681640625 0.2890625 0.8388671875 0.2548828125 0.8125 0.2177734375 0.806640625 0.1787109375 0.810546875 0.1220703125 0.837890625 0.1162109375 0.849609375 0.119140625 0.8876953125 0.1328125 0.9189453125 0.1552734375 0.943359375 0.1728515625 0.953125 0.2060546875 0.962890625
3 0.22265625 0.0654296875 0.2060546875 0.048828125 0.1630859375 0.048828125 0.1455078125 0.056640625 0.1337890625 0.0703125 0.14453125 0.0966796875 0.1826171875 0.12109375 0.2099609375 0.12109375 0.228515625 0.0927734375 0.22265625 0.0654296875
3 0.03125 0.1552734375 0.0205078125 0.142578125 0.0009765625 0.13671875 0.0009765625 0.271484375 0.033203125 0.2529296875 0.046875 0.2255859375 0.046875 0.2060546875 0.03125 0.1552734375
3 0.7470703125 0.90625 0.7158203125 0.89453125 0.6962890625 0.892578125 0.6455078125 0.908203125 0.630859375 0.9248046875 0.6220703125 0.958984375 0.6259765625 1 0.791015625 0.9990234375 0.791015625 0.9619140625 0.78125 0.9384765625 0.7470703125 0.90625
3 0.892578125 0.7294921875 0.888671875 0.7119140625 0.8759765625 0.69921875 0.8369140625 0.703125 0.8095703125 0.724609375 0.80859375 0.7353515625 0.8271484375 0.755859375 0.8486328125 0.763671875 0.8720703125 0.759765625 0.892578125 0.7294921875
3 0.8515625 0.2236328125 0.845703125 0.1982421875 0.8212890625 0.1796875 0.7919921875 0.18359375 0.7763671875 0.208984375 0.779296875 0.2333984375 0.8056640625 0.255859375 0.8291015625 0.255859375 0.841796875 0.2451171875 0.8515625 0.2236328125
3 0.8115234375 0.673828125 0.85546875 0.6357421875 0.849609375 0.6162109375 0.853515625 0.5986328125 0.8115234375 0.544921875 0.7431640625 0.552734375 0.7216796875 0.5859375 0.720703125 0.6240234375 0.7265625 0.6376953125 0.7373046875 0.650390625 0.7880859375 0.67578125 0.8115234375 0.673828125
3 0.890625 0.2294921875 0.8681640625 0.2109375 0.853515625 0.2158203125 0.8427734375 0.24609375 0.845703125 0.2626953125 0.8603515625 0.271484375 0.8837890625 0.265625 0.89453125 0.2509765625 0.890625 0.2294921875
3 1 0.0009765625 0.8681640625 0 0.8515625 0.0263671875 0.8388671875 0.091796875 0.841796875 0.1298828125 0.861328125 0.1611328125 0.9150390625 0.2109375 0.9990234375 0.25390625 1 0.0009765625
3 0.7109375 0.0673828125 0.7109375 0.0498046875 0.703125 0.0283203125 0.6748046875 0.00390625 0.6396484375 0 0.6279296875 0.015625 0.5947265625 0.017578125 0.5517578125 0.06640625 0.5546875 0.0927734375 0.5908203125 0.1328125 0.6435546875 0.134765625 0.697265625 0.0908203125 0.7109375 0.0673828125
3 0.3798828125 0 0.4365234375 0.03515625 0.4697265625 0.044921875 0.5185546875 0.0390625 0.5625 0.0029296875 0.3798828125 0
3 0.693359375 0.8193359375 0.6708984375 0.806640625 0.6201171875 0.810546875 0.6005859375 0.83203125 0.6025390625 0.83984375 0.6552734375 0.875 0.6865234375 0.865234375 0.69921875 0.8505859375 0.693359375 0.8193359375
3 0.9814453125 0.8046875 0.96484375 0.8212890625 0.953125 0.8486328125 0.9501953125 0.892578125 0.9609375 0.9228515625 0.9755859375 0.9375 0.9990234375 0.9453125 0.9990234375 0.798828125 0.9814453125 0.8046875