3 0.8291015625 0.30078125 0.8876953125 0.3203125 0.9140625 0.2958984375 0.919921875 0.2841796875 0.9189453125 0.263671875 0.9013671875 0.23046875 0.8603515625 0.212890625 0.8310546875 0.216796875 0.810546875 0.2294921875 0.8046875 0.2724609375 0.8291015625 0.30078125
3 0.5908203125 0.15234375 0.6103515625 0.162109375 0.6552734375 0.16015625 0.673828125 0.1416015625 0.6767578125 0.12109375 0.6640625 0.0947265625 0.6220703125 0.06640625 0.5849609375 0.068359375 0.5625 0.0986328125 0.564453125 0.1259765625 0.5908203125 0.15234375
3 0.4326171875 0.400390625 0.4677734375 0.41015625 0.4833984375 0.41015625 0.5 0.3994140625 0.5087890625 0.361328125 0.50390625 0.3369140625 0.4638671875 0.314453125 0.4248046875 0.31640625 0.40625 0.3388671875 0.41015625 0.3779296875 0.4326171875 0.400390625
3 0.4736328125 0.470703125 0.427734375 0.4716796875 0.435546875 0.5478515625 0.4619140625 0.572265625 0.4912109375 0.578125 0.5283203125 0.6015625 0.5478515625 0.599609375 0.552734375 0.5888671875 0.546875 0.5732421875 0.5546875 0.5654296875 0.5576171875 0.533203125 0.546875 0.5087890625 0.5107421875 0.478515625 0.4736328125 0.470703125
3 0.4716796875 0.615234375 0.451171875 0.6337890625 0.4609375 0.6630859375 0.4892578125 0.69140625 0.5205078125 0.70703125 0.5400390625 0.70703125 0.564453125 0.6923828125 0.57421875 0.6708984375 0.5732421875 0.650390625 0.56640625 0.6337890625 0.5537109375 0.623046875 0.5166015625 0.609375 0.4716796875 0.615234375
3 0.6591796875 0.69140625 0.64453125 0.7158203125 0.64453125 0.7353515625 0.65625 0.7548828125 0.6689453125 0.765625 0.6943359375 0.7734375 0.7236328125 0.767578125 0.736328125 0.7529296875 0.7412109375 0.734375 0.73828125 0.7158203125 0.7294921875 0.70703125 0.6943359375 0.689453125 0.6591796875 0.69140625
3 0.7119140625 0.556640625 0.7431640625 0.5390625 0.7451171875 0.509765625 0.7197265625 0.478515625 0.6865234375 0.470703125 0.6630859375 0.4765625 0.650390625 0.4970703125 0.6640625 0.5380859375 0.6904296875 0.556640625 0.7119140625 0.556640625
3 0.720703125 0.2333984375 0.669921875 0.2783203125 0.6953125 0.3173828125 0.7158203125 0.326171875 0.7490234375 0.326171875 0.7685546875 0.31640625 0.7724609375 0.302734375 0.767578125 0.2666015625 0.7421875 0.2431640625 0.7333984375 0.220703125 0.7275390625 0.220703125 0.720703125 0.2333984375
3 0.0361328125 0.775390625 0.0712890625 0.7734375 0.0908203125 0.736328125 0.08203125 0.7177734375 0.0595703125 0.69921875 0.0302734375 0.69921875 0.0107421875 0.708984375 0.001953125 0.7216796875 0.0078125 0.7626953125 0.0361328125 0.775390625
3 0.2900390625 0.908203125 0.275390625 0.9189453125 0.275390625 0.9462890625 0.3134765625 0.978515625 0.3544921875 0.98046875 0.365234375 0.9658203125 0.3701171875 0.908203125 0.3603515625 0.90625 0.3525390625 0.9140625 0.3427734375 0.9140625 0.3271484375 0.90234375 0.2900390625 0.908203125
3 0.4736328125 1 0.482421875 0.9853515625 0.4833984375 0.951171875 0.4658203125 0.9296875 0.4306640625 0.923828125 0.421875 0.9287109375 0.41015625 0.9521484375 0.408203125 0.9697265625 0.4365234375 1 0.4736328125 1
3 0.26953125 0.6943359375 0.2978515625 0.72265625 0.3369140625 0.7265625 0.3515625 0.7099609375 0.3505859375 0.68359375 0.34375 0.6650390625 0.3310546875 0.65234375 0.3134765625 0.64453125 0.2919921875 0.64453125 0.2734375 0.6611328125 0.26953125 0.6943359375
3 0.0517578125 0.255859375 0.0849609375 0.26171875 0.1044921875 0.255859375 0.1171875 0.2431640625 0.1201171875 0.212890625 0.11328125 0.1982421875 0.0869140625 0.17578125 0.0419921875 0.169921875 0.02734375 0.1845703125 0.0234375 0.2236328125 0.0517578125 0.255859375
3 0 0.4013671875 0.0009765625 0.501953125 0.0146484375 0.5 0.0390625 0.4814453125 0.048828125 0.4599609375 0.0498046875 0.439453125 0.0244140625 0.41015625 0 0.4013671875