3 0.7412109375 0.40234375 0.79296875 0.3466796875 0.798828125 0.2939453125 0.79296875 0.2666015625 0.76171875 0.2177734375 0.7451171875 0.203125 0.7060546875 0.19140625 0.6728515625 0.19140625 0.6220703125 0.203125 0.5751953125 0.234375 0.55078125 0.2685546875 0.544921875 0.3525390625 0.5546875 0.3837890625 0.5791015625 0.40625 0.640625 0.4365234375 0.6806640625 0.435546875 0.7099609375 0.423828125 0.7412109375 0.40234375
3 0.6826171875 0.1328125 0.693359375 0.1220703125 0.712890625 0.0908203125 0.720703125 0.0556640625 0.7080078125 0 0.51171875 0.0009765625 0.494140625 0.0419921875 0.498046875 0.0888671875 0.5224609375 0.1328125 0.568359375 0.1591796875 0.5966796875 0.16015625 0.6435546875 0.1484375 0.6826171875 0.1328125
3 0.44140625 0.0576171875 0.4609375 0.0009765625 0.140625 0.0009765625 0.1484375 0.0419921875 0.1826171875 0.087890625 0.2392578125 0.130859375 0.2763671875 0.146484375 0.298828125 0.1474609375 0.3564453125 0.138671875 0.4013671875 0.109375 0.44140625 0.0576171875
3 0 0.3798828125 0.01171875 0.3818359375 0.0439453125 0.380859375 0.0859375 0.3486328125 0.091796875 0.2939453125 0.0673828125 0.255859375 0.0419921875 0.2421875 0.0087890625 0.23828125 0 0.2412109375 0 0.3798828125
3 0 0.6455078125 0.033203125 0.6044921875 0.046875 0.5458984375 0.04296875 0.4892578125 0.029296875 0.4638671875 0.0048828125 0.443359375 0 0.4443359375 0 0.6455078125
3 0.16015625 0.1572265625 0.1357421875 0.138671875 0.1181640625 0.140625 0.107421875 0.1591796875 0.107421875 0.1826171875 0.123046875 0.1982421875 0.1435546875 0.19921875 0.16015625 0.1884765625 0.16015625 0.1572265625
3 0.615234375 0.4638671875 0.5947265625 0.451171875 0.5673828125 0.453125 0.5546875 0.4716796875 0.556640625 0.4931640625 0.580078125 0.5107421875 0.6005859375 0.505859375 0.6171875 0.4873046875 0.615234375 0.4638671875
3 0.806640625 0.6376953125 0.814453125 0.6123046875 0.81640625 0.5615234375 0.8046875 0.5107421875 0.7744140625 0.48828125 0.7275390625 0.4765625 0.6943359375 0.478515625 0.6669921875 0.49609375 0.6328125 0.5400390625 0.62109375 0.5751953125 0.625 0.6123046875 0.642578125 0.6396484375 0.6767578125 0.66796875 0.708984375 0.6767578125 0.7509765625 0.67578125 0.7822265625 0.6640625 0.806640625 0.6376953125
3 0.9248046875 0.421875 0.9072265625 0.4296875 0.857421875 0.5029296875 0.849609375 0.5478515625 0.853515625 0.5771484375 0.875 0.6181640625 0.8935546875 0.6328125 0.9267578125 0.64453125 0.9501953125 0.66796875 0.96875 0.6708984375 1 0.6708984375 0.9990234375 0.4140625 0.9248046875 0.421875
3 0.74609375 0.9033203125 0.7177734375 0.88671875 0.7099609375 0.873046875 0.6943359375 0.86328125 0.6533203125 0.853515625 0.6142578125 0.857421875 0.59765625 0.8681640625 0.572265625 0.9052734375 0.56640625 0.9541015625 0.57421875 0.9990234375 0.7666015625 1 0.765625 0.9404296875 0.74609375 0.9033203125
3 0.466796875 0.8955078125 0.4443359375 0.873046875 0.4111328125 0.85546875 0.40625 0.8408203125 0.3974609375 0.8359375 0.3857421875 0.8359375 0.3291015625 0.861328125 0.291015625 0.9072265625 0.28515625 0.9619140625 0.30078125 0.9990234375 0.4677734375 1 0.4765625 0.9326171875 0.466796875 0.8955078125
3 1 0.4091796875 0.99609375 0.3857421875 0.9873046875 0.376953125 0.9501953125 0.359375 0.9345703125 0.359375 0.919921875 0.3720703125 0.91796875 0.4228515625 0.890625 0.4482421875 0.85546875 0.5087890625 0.8515625 0.5673828125 0.873046875 0.6142578125 0.8837890625 0.625 0.9267578125 0.64453125 0.9521484375 0.669921875 0.962890625 0.6708984375 1 0.6708984375 1 0.4091796875