3 0.662109375 0.7626953125 0.6220703125 0.7734375 0.599609375 0.7958984375 0.59765625 0.8154296875 0.603515625 0.8486328125 0.62109375 0.8740234375 0.6669921875 0.892578125 0.7060546875 0.876953125 0.734375 0.8505859375 0.74609375 0.8310546875 0.74609375 0.8095703125 0.732421875 0.7822265625 0.7158203125 0.76953125 0.6982421875 0.76171875 0.662109375 0.7626953125
3 0.80859375 0.4599609375 0.7900390625 0.4609375 0.7626953125 0.474609375 0.74609375 0.4912109375 0.734375 0.5185546875 0.734375 0.5458984375 0.7421875 0.5673828125 0.7568359375 0.5859375 0.7763671875 0.595703125 0.8076171875 0.59765625 0.8427734375 0.58984375 0.87109375 0.5654296875 0.88671875 0.5361328125 0.8828125 0.5107421875 0.8603515625 0.48046875 0.8330078125 0.462890625 0.80859375 0.4599609375
3 1 0.3916015625 0.984375 0.3896484375 0.9443359375 0.3984375 0.9140625 0.4404296875 0.91015625 0.4677734375 0.9384765625 0.494140625 0.9775390625 0.49609375 1 0.4833984375 1 0.3916015625
3 0.560546875 0.2998046875 0.51953125 0.3212890625 0.513671875 0.3486328125 0.5693359375 0.42578125 0.6005859375 0.4296875 0.6337890625 0.419921875 0.658203125 0.3837890625 0.658203125 0.3603515625 0.6337890625 0.33203125 0.6181640625 0.328125 0.5888671875 0.3046875 0.560546875 0.2998046875
3 0.572265625 0.1220703125 0.5517578125 0.1328125 0.529296875 0.1591796875 0.525390625 0.1962890625 0.5361328125 0.216796875 0.5673828125 0.228515625 0.6103515625 0.21875 0.615234375 0.2080078125 0.634765625 0.1943359375 0.638671875 0.1767578125 0.658203125 0.1669921875 0.681640625 0.1298828125 0.6748046875 0.126953125 0.6494140625 0.142578125 0.6220703125 0.150390625 0.5869140625 0.123046875 0.572265625 0.1220703125
3 0.294921875 0.0009765625 0.291015625 0.0322265625 0.3076171875 0.048828125 0.3408203125 0.060546875 0.3603515625 0.060546875 0.3935546875 0.048828125 0.41015625 0.0341796875 0.41796875 0.0146484375 0.4150390625 0 0.294921875 0.0009765625
3 0.48046875 0.3544921875 0.4521484375 0.361328125 0.443359375 0.3701171875 0.43359375 0.4033203125 0.439453125 0.4384765625 0.4677734375 0.453125 0.5146484375 0.447265625 0.533203125 0.4208984375 0.5234375 0.3759765625 0.5048828125 0.357421875 0.48046875 0.3544921875
3 0.287109375 0.3701171875 0.263671875 0.3818359375 0.244140625 0.4208984375 0.21875 0.4482421875 0.2109375 0.4697265625 0.2197265625 0.494140625 0.2626953125 0.513671875 0.2822265625 0.509765625 0.306640625 0.4951171875 0.337890625 0.4189453125 0.333984375 0.3896484375 0.3251953125 0.37890625 0.3076171875 0.369140625 0.287109375 0.3701171875
3 1 0.7802734375 0.9794921875 0.767578125 0.947265625 0.7646484375 0.91796875 0.8251953125 0.9267578125 0.8359375 0.9697265625 0.857421875 1 0.8330078125 1 0.7802734375
3 0.095703125 0.7705078125 0.05078125 0.8134765625 0.052734375 0.8798828125 0.04296875 0.9033203125 0.04296875 0.9208984375 0.052734375 0.9697265625 0.0712890625 0.98828125 0.095703125 0.9697265625 0.103515625 0.9541015625 0.119140625 0.8837890625 0.119140625 0.8291015625 0.126953125 0.7900390625 0.1123046875 0.7734375 0.095703125 0.7705078125
3 0.064453125 0.2412109375 0.033203125 0.2626953125 0.02734375 0.2900390625 0.0078125 0.3134765625 0.0361328125 0.322265625 0.0537109375 0.33984375 0.0673828125 0.326171875 0.0888671875 0.32421875 0.09375 0.3095703125 0.1103515625 0.302734375 0.115234375 0.2919921875 0.11328125 0.2666015625 0.0849609375 0.24609375 0.064453125 0.2412109375