3 0.419921875 0.1259765625 0.40625 0.1689453125 0.40625 0.1982421875 0.416015625 0.2236328125 0.4541015625 0.2578125 0.4853515625 0.271484375 0.5185546875 0.26953125 0.5556640625 0.25 0.5859375 0.2158203125 0.595703125 0.1884765625 0.595703125 0.1572265625 0.5859375 0.1376953125 0.5458984375 0.1015625 0.501953125 0.0791015625 0.4775390625 0.080078125 0.4462890625 0.09765625 0.419921875 0.1259765625
3 0 0.4208984375 0.0048828125 0.423828125 0.0498046875 0.416015625 0.0849609375 0.3984375 0.125 0.3583984375 0.13671875 0.3310546875 0.138671875 0.2939453125 0.12109375 0.2060546875 0.1142578125 0.1953125 0.1015625 0.1923828125 0.0859375 0.1552734375 0.072265625 0.1455078125 0 0.1455078125 0 0.4208984375
3 0.087890625 0.4736328125 0.080078125 0.5107421875 0.087890625 0.5458984375 0.0986328125 0.556640625 0.1376953125 0.572265625 0.1689453125 0.572265625 0.1904296875 0.5625 0.212890625 0.5439453125 0.216796875 0.5322265625 0.21875 0.4951171875 0.208984375 0.4658203125 0.1884765625 0.443359375 0.1640625 0.4306640625 0.1416015625 0.4296875 0.1142578125 0.44140625 0.087890625 0.4736328125
3 0 0.5322265625 0.0146484375 0.544921875 0.0439453125 0.544921875 0.068359375 0.5107421875 0.068359375 0.4658203125 0.044921875 0.4521484375 0 0.4541015625 0 0.5322265625
3 0.1328125 0.2099609375 0.14453125 0.2294921875 0.166015625 0.2451171875 0.1640625 0.2705078125 0.1845703125 0.29296875 0.2080078125 0.306640625 0.2255859375 0.302734375 0.251953125 0.2802734375 0.267578125 0.2353515625 0.283203125 0.2177734375 0.279296875 0.1904296875 0.26171875 0.1611328125 0.2265625 0.1416015625 0.1611328125 0.146484375 0.1328125 0.1943359375 0.1328125 0.2099609375
3 0.0771484375 0.12109375 0.107421875 0.0908203125 0.11328125 0.0751953125 0.111328125 0.0458984375 0.068359375 0.0009765625 0 0.0009765625 0.0009765625 0.1328125 0.0771484375 0.12109375
3 0.3154296875 0.037109375 0.3369140625 0.044921875 0.3603515625 0.044921875 0.4013671875 0.025390625 0.41796875 0.0009765625 0.2890625 0.0009765625 0.30078125 0.0263671875 0.3154296875 0.037109375
3 0.521484375 0.0400390625 0.525390625 0.0732421875 0.5673828125 0.1015625 0.5986328125 0.1015625 0.6279296875 0.080078125 0.638671875 0.0634765625 0.640625 0.0302734375 0.630859375 0.0009765625 0.5595703125 0 0.5322265625 0.017578125 0.521484375 0.0400390625
3 0.662109375 0.0791015625 0.65625 0.1220703125 0.666015625 0.1396484375 0.6884765625 0.15625 0.7509765625 0.15625 0.783203125 0.1318359375 0.79296875 0.1123046875 0.798828125 0.0791015625 0.78515625 0.0400390625 0.7666015625 0.025390625 0.74609375 0.0224609375 0.7255859375 0.0234375 0.6962890625 0.03515625 0.662109375 0.0791015625
3 0.67578125 0.7451171875 0.669921875 0.7607421875 0.669921875 0.7939453125 0.685546875 0.8251953125 0.6982421875 0.8359375 0.7509765625 0.841796875 0.7861328125 0.82421875 0.802734375 0.8017578125 0.802734375 0.7431640625 0.7783203125 0.716796875 0.748046875 0.7080078125 0.7255859375 0.70703125 0.7041015625 0.71484375 0.67578125 0.7451171875
3 1 0.5009765625 0.9794921875 0.50390625 0.9541015625 0.517578125 0.9296875 0.5439453125 0.919921875 0.5673828125 0.921875 0.6123046875 0.93359375 0.6318359375 0.9658203125 0.65625 0.9912109375 0.6640625 1 0.6630859375 1 0.5009765625
3 1 0.7744140625 0.990234375 0.7568359375 0.97265625 0.7451171875 0.9228515625 0.755859375 0.908203125 0.7685546875 0.90234375 0.7841796875 0.90234375 0.8076171875 0.91015625 0.8251953125 0.9482421875 0.857421875 0.9736328125 0.857421875 1 0.8408203125 1 0.7744140625
3 0.78515625 0.9208984375 0.796875 0.9423828125 0.8154296875 0.951171875 0.8330078125 0.951171875 0.8974609375 0.94140625 0.912109375 0.9228515625 0.90625 0.8916015625 0.8779296875 0.865234375 0.83984375 0.8564453125 0.8115234375 0.86328125 0.791015625 0.8876953125 0.78515625 0.9208984375
3 0.5625 0.9990234375 0.55859375 0.9814453125 0.5498046875 0.97265625 0.51171875 0.9599609375 0.4794921875 0.966796875 0.451171875 0.9990234375 0.5625 0.9990234375
3 0.796875 0.9775390625 0.787109375 0.9990234375 0.98046875 0.9990234375 0.9541015625 0.970703125 0.912109375 0.9560546875 0.8544921875 0.95703125 0.8173828125 0.96484375 0.796875 0.9775390625