3 0.64453125 0.1611328125 0.6513671875 0.12109375 0.642578125 0.0947265625 0.6123046875 0.072265625 0.5732421875 0.0703125 0.5458984375 0.0859375 0.521484375 0.1201171875 0.521484375 0.1728515625 0.5439453125 0.203125 0.5966796875 0.203125 0.6220703125 0.197265625 0.64453125 0.1611328125
3 0.4267578125 0.43359375 0.4482421875 0.44140625 0.4853515625 0.44140625 0.5185546875 0.423828125 0.54296875 0.3974609375 0.5517578125 0.349609375 0.546875 0.3212890625 0.5283203125 0.29296875 0.5048828125 0.279296875 0.4658203125 0.279296875 0.4423828125 0.2890625 0.40625 0.3251953125 0.388671875 0.3564453125 0.388671875 0.3916015625 0.3984375 0.4091796875 0.4267578125 0.43359375
3 0.3447265625 0.17578125 0.328125 0.1962890625 0.330078125 0.2275390625 0.3486328125 0.23828125 0.3759765625 0.23046875 0.384765625 0.2197265625 0.3837890625 0.19140625 0.3525390625 0.173828125 0.3447265625 0.17578125
3 0.3037109375 0.462890625 0.28515625 0.4833984375 0.291015625 0.5185546875 0.3056640625 0.529296875 0.3310546875 0.525390625 0.345703125 0.4990234375 0.3447265625 0.478515625 0.3251953125 0.4609375 0.3037109375 0.462890625
3 0.4755859375 0.625 0.4921875 0.5986328125 0.4951171875 0.5703125 0.482421875 0.5224609375 0.4580078125 0.5 0.3740234375 0.490234375 0.3515625 0.5146484375 0.345703125 0.5498046875 0.36328125 0.5830078125 0.357421875 0.6142578125 0.3779296875 0.646484375 0.4130859375 0.6484375 0.4755859375 0.625
3 0.0634765625 0.302734375 0.0888671875 0.310546875 0.1123046875 0.310546875 0.1533203125 0.29296875 0.189453125 0.2548828125 0.1943359375 0.201171875 0.18359375 0.1572265625 0.1572265625 0.12109375 0.1357421875 0.115234375 0.1005859375 0.123046875 0.0791015625 0.134765625 0.056640625 0.1572265625 0.044921875 0.1806640625 0.037109375 0.2509765625 0.04296875 0.2802734375 0.0634765625 0.302734375
3 0.8828125 0.1728515625 0.880859375 0.2099609375 0.9091796875 0.228515625 0.9501953125 0.216796875 0.9560546875 0.171875 0.9384765625 0.138671875 0.9111328125 0.138671875 0.8828125 0.1728515625
3 0.7314453125 0 0.73046875 0.0048828125 0.7529296875 0.037109375 0.7724609375 0.046875 0.7978515625 0.046875 0.8291015625 0.041015625 0.8505859375 0.029296875 0.861328125 0.0166015625 0.8642578125 0 0.7314453125 0
3 0.99609375 0.6787109375 0.9990234375 0.634765625 0.986328125 0.6259765625 0.98828125 0.5986328125 0.9345703125 0.55078125 0.9013671875 0.556640625 0.865234375 0.5947265625 0.869140625 0.6513671875 0.9130859375 0.701171875 0.9365234375 0.712890625 0.9775390625 0.701171875 0.99609375 0.6787109375
3 0.9765625 0.5419921875 0.9990234375 0.564453125 0.9990234375 0.380859375 0.970703125 0.4248046875 0.955078125 0.4658203125 0.958984375 0.5126953125 0.9765625 0.5419921875
3 0.7783203125 0.775390625 0.748046875 0.7978515625 0.74609375 0.8291015625 0.7666015625 0.84765625 0.7978515625 0.849609375 0.8203125 0.8251953125 0.8232421875 0.8046875 0.8076171875 0.78125 0.7783203125 0.775390625
3 0.9755859375 0.849609375 0.9111328125 0.8359375 0.8779296875 0.837890625 0.8583984375 0.845703125 0.8408203125 0.857421875 0.787109375 0.9169921875 0.74609375 0.9990234375 0.9990234375 1 0.9990234375 0.86328125 0.9755859375 0.849609375
3 0.3037109375 0.853515625 0.291015625 0.8193359375 0.2744140625 0.806640625 0.2666015625 0.806640625 0.2509765625 0.8203125 0.23828125 0.8408203125 0.2421875 0.8720703125 0.2685546875 0.890625 0.2861328125 0.888671875 0.302734375 0.8759765625 0.3037109375 0.853515625
3 0.3818359375 0.8515625 0.4033203125 0.853515625 0.4521484375 0.818359375 0.4560546875 0.791015625 0.44921875 0.7431640625 0.4423828125 0.734375 0.4150390625 0.720703125 0.3720703125 0.720703125 0.3515625 0.7353515625 0.330078125 0.7783203125 0.30859375 0.7998046875 0.3642578125 0.85546875 0.3740234375 0.857421875 0.3818359375 0.8515625
3 0.1650390625 0.607421875 0.126953125 0.6533203125 0.13671875 0.6865234375 0.1494140625 0.697265625 0.1806640625 0.693359375 0.193359375 0.6748046875 0.1943359375 0.642578125 0.189453125 0.6220703125 0.1650390625 0.607421875
3 0.1083984375 0.6953125 0.095703125 0.6494140625 0.0830078125 0.634765625 0.0419921875 0.62109375 0.0068359375 0.626953125 0.001953125 0.6455078125 0.00390625 0.7900390625 0.0419921875 0.791015625 0.0634765625 0.78125 0.095703125 0.7451171875 0.1083984375 0.6953125
3 0.064453125 0.9736328125 0.0546875 0.9990234375 0.2021484375 0.99609375 0.1806640625 0.962890625 0.1455078125 0.951171875 0.1005859375 0.94921875 0.064453125 0.9736328125