3 0.52734375 0.1923828125 0.4892578125 0.201171875 0.4658203125 0.21484375 0.43359375 0.2607421875 0.42578125 0.3115234375 0.43359375 0.3544921875 0.4453125 0.3759765625 0.5146484375 0.44140625 0.5439453125 0.458984375 0.5869140625 0.47265625 0.6494140625 0.47265625 0.7099609375 0.439453125 0.7265625 0.4228515625 0.744140625 0.3876953125 0.75 0.3388671875 0.744140625 0.3037109375 0.7314453125 0.2890625 0.6826171875 0.263671875 0.6025390625 0.203125 0.5732421875 0.193359375 0.52734375 0.1923828125
3 0.7109375 0.0986328125 0.6826171875 0.107421875 0.65234375 0.1259765625 0.64453125 0.1416015625 0.64453125 0.1923828125 0.6806640625 0.23046875 0.7060546875 0.244140625 0.7353515625 0.25390625 0.7705078125 0.25 0.783203125 0.2412109375 0.796875 0.2041015625 0.79296875 0.1650390625 0.7626953125 0.1171875 0.7109375 0.0986328125
3 0.337890625 0.0009765625 0.3466796875 0.021484375 0.4052734375 0.064453125 0.4384765625 0.0703125 0.5166015625 0.11328125 0.5986328125 0.111328125 0.6435546875 0.095703125 0.685546875 0.0595703125 0.701171875 0.0380859375 0.70703125 0.0166015625 0.7060546875 0 0.337890625 0.0009765625
3 0.763671875 0.0009765625 0.755859375 0.0224609375 0.755859375 0.0537109375 0.76171875 0.0654296875 0.7900390625 0.087890625 0.8134765625 0.087890625 0.8291015625 0.080078125 0.83984375 0.0556640625 0.837890625 0.0224609375 0.8154296875 0 0.763671875 0.0009765625
3 0.369140625 0.4775390625 0.3349609375 0.484375 0.3115234375 0.5 0.287109375 0.5380859375 0.287109375 0.5595703125 0.3125 0.6044921875 0.3271484375 0.6171875 0.3583984375 0.625 0.3974609375 0.619140625 0.4208984375 0.607421875 0.43359375 0.5947265625 0.4453125 0.5654296875 0.431640625 0.5087890625 0.4052734375 0.484375 0.369140625 0.4775390625
3 0.4375 0.6650390625 0.404296875 0.6845703125 0.388671875 0.7314453125 0.396484375 0.7548828125 0.4130859375 0.76953125 0.4638671875 0.775390625 0.4921875 0.7451171875 0.501953125 0.7177734375 0.5 0.6943359375 0.494140625 0.6806640625 0.4755859375 0.666015625 0.4375 0.6650390625
3 0.271484375 0.6572265625 0.2138671875 0.685546875 0.19140625 0.7158203125 0.189453125 0.7373046875 0.197265625 0.7626953125 0.2197265625 0.783203125 0.2548828125 0.798828125 0.2939453125 0.80078125 0.3212890625 0.7890625 0.345703125 0.7626953125 0.353515625 0.7451171875 0.353515625 0.7119140625 0.34375 0.6865234375 0.3251953125 0.66796875 0.3037109375 0.658203125 0.271484375 0.6572265625
3 0.09375 0.4462890625 0.0869140625 0.45703125 0.0634765625 0.466796875 0.048828125 0.4833984375 0.05859375 0.5283203125 0.052734375 0.5400390625 0.056640625 0.6044921875 0.07421875 0.6396484375 0.1005859375 0.66015625 0.1396484375 0.67578125 0.1943359375 0.67578125 0.220703125 0.6513671875 0.23828125 0.6240234375 0.2421875 0.5810546875 0.234375 0.5263671875 0.2041015625 0.486328125 0.1806640625 0.486328125 0.1474609375 0.470703125 0.1298828125 0.44921875 0.09375 0.4462890625
3 0.369140625 0.8427734375 0.3544921875 0.859375 0.3330078125 0.85546875 0.3193359375 0.861328125 0.3125 0.8701171875 0.310546875 0.8896484375 0.2890625 0.9130859375 0.28515625 0.9501953125 0.291015625 0.9638671875 0.3388671875 1 0.4150390625 0.9921875 0.431640625 0.9794921875 0.447265625 0.9326171875 0.4453125 0.8935546875 0.421875 0.8583984375 0.3955078125 0.84375 0.369140625 0.8427734375
3 0.833984375 0.7705078125 0.802734375 0.7939453125 0.8046875 0.8369140625 0.8271484375 0.85546875 0.8642578125 0.85546875 0.888671875 0.8349609375 0.89453125 0.8134765625 0.890625 0.7919921875 0.8662109375 0.771484375 0.833984375 0.7705078125
3 0 0.4072265625 0.0068359375 0.408203125 0.060546875 0.3603515625 0.064453125 0.3330078125 0.04296875 0.2861328125 0 0.2490234375 0 0.4072265625