3 0.5751953125 0.388671875 0.552734375 0.4130859375 0.546875 0.4306640625 0.548828125 0.4580078125 0.5751953125 0.498046875 0.5966796875 0.509765625 0.62109375 0.5107421875 0.6455078125 0.498046875 0.658203125 0.4814453125 0.666015625 0.4580078125 0.6640625 0.4267578125 0.654296875 0.4091796875 0.6298828125 0.388671875 0.5888671875 0.3828125 0.5751953125 0.388671875
3 0.2998046875 0.525390625 0.326171875 0.5244140625 0.3388671875 0.51953125 0.3515625 0.5009765625 0.3515625 0.4638671875 0.3251953125 0.443359375 0.2958984375 0.44140625 0.275390625 0.4619140625 0.275390625 0.5009765625 0.2998046875 0.525390625
3 0.4970703125 0.568359375 0.5234375 0.5751953125 0.5419921875 0.568359375 0.55859375 0.5517578125 0.55859375 0.5400390625 0.5283203125 0.513671875 0.5009765625 0.509765625 0.484375 0.5302734375 0.486328125 0.5517578125 0.4970703125 0.568359375
3 0.783203125 0.2333984375 0.78515625 0.2646484375 0.794921875 0.2822265625 0.8193359375 0.3046875 0.857421875 0.3095703125 0.8759765625 0.302734375 0.908203125 0.2607421875 0.90625 0.2177734375 0.8818359375 0.1953125 0.8544921875 0.189453125 0.8095703125 0.19140625 0.7890625 0.2099609375 0.783203125 0.2333984375
3 0.6904296875 0.076171875 0.7265625 0.0791015625 0.7451171875 0.072265625 0.765625 0.0498046875 0.779296875 0.0166015625 0.7763671875 0 0.640625 0.0009765625 0.64453125 0.0341796875 0.6611328125 0.05859375 0.6904296875 0.076171875
3 0.8203125 0.0791015625 0.84765625 0.0615234375 0.84765625 0.0380859375 0.8251953125 0.015625 0.8037109375 0.013671875 0.787109375 0.0263671875 0.78515625 0.0576171875 0.7978515625 0.076171875 0.8203125 0.0791015625
3 1 0.2822265625 0.9912109375 0.28125 0.9775390625 0.287109375 0.9521484375 0.3125 0.9326171875 0.314453125 0.923828125 0.3212890625 0.9140625 0.3388671875 0.9140625 0.3603515625 0.9296875 0.4111328125 0.9755859375 0.44921875 1 0.4541015625 1 0.2822265625
3 0.80859375 0.7392578125 0.814453125 0.7509765625 0.8310546875 0.76171875 0.861328125 0.7607421875 0.876953125 0.7509765625 0.900390625 0.7158203125 0.900390625 0.6748046875 0.8896484375 0.65234375 0.8369140625 0.6484375 0.8173828125 0.66015625 0.806640625 0.6767578125 0.80859375 0.7392578125
3 0.4853515625 0.728515625 0.4658203125 0.736328125 0.4453125 0.7587890625 0.43359375 0.7861328125 0.43359375 0.8212890625 0.4638671875 0.857421875 0.4912109375 0.87109375 0.51171875 0.8720703125 0.5322265625 0.8671875 0.556640625 0.8427734375 0.568359375 0.8056640625 0.568359375 0.7802734375 0.55859375 0.7529296875 0.5400390625 0.734375 0.5224609375 0.728515625 0.4853515625 0.728515625
3 0 0.5595703125 0.0205078125 0.5703125 0.03125 0.5693359375 0.0654296875 0.55859375 0.080078125 0.5439453125 0.072265625 0.5009765625 0.091796875 0.4873046875 0.09375 0.4638671875 0.0810546875 0.4453125 0.0673828125 0.439453125 0.0400390625 0.439453125 0.02734375 0.4501953125 0.03125 0.4814453125 0.0126953125 0.4921875 0 0.5087890625 0 0.5595703125
3 0.06640625 0.9326171875 0.06640625 0.9521484375 0.072265625 0.9755859375 0.0859375 0.9970703125 0.16796875 0.9990234375 0.193359375 0.9599609375 0.193359375 0.9404296875 0.18359375 0.9169921875 0.1611328125 0.896484375 0.1396484375 0.888671875 0.1064453125 0.890625 0.0849609375 0.904296875 0.06640625 0.9326171875
3 0.3828125 0.9462890625 0.3828125 0.9716796875 0.39453125 0.9951171875 0.3994140625 1 0.486328125 0.9990234375 0.501953125 0.9638671875 0.501953125 0.9423828125 0.4921875 0.9208984375 0.4736328125 0.904296875 0.4423828125 0.89453125 0.4052734375 0.904296875 0.388671875 0.9248046875 0.3828125 0.9462890625
3 0.6533203125 0.73828125 0.6220703125 0.751953125 0.607421875 0.7626953125 0.591796875 0.7919921875 0.591796875 0.8466796875 0.6015625 0.8681640625 0.6279296875 0.888671875 0.671875 0.8935546875 0.7021484375 0.8828125 0.73046875 0.8525390625 0.744140625 0.8095703125 0.740234375 0.7783203125 0.732421875 0.7646484375 0.7099609375 0.7421875 0.6826171875 0.734375 0.6533203125 0.73828125
3 0.96484375 0.9912109375 0.9677734375 1 1 0.9990234375 0.9990234375 0.9140625 0.96875 0.9541015625 0.96484375 0.9912109375
3 0.966796875 0.6826171875 0.98046875 0.7138671875 1 0.7333984375 0.9970703125 0.607421875 0.97265625 0.6376953125 0.966796875 0.6826171875