3 1 0.2470703125 0.9697265625 0.232421875 0.8857421875 0.224609375 0.8466796875 0.236328125 0.798828125 0.2744140625 0.77734375 0.3154296875 0.775390625 0.3388671875 0.787109375 0.3837890625 0.8125 0.4189453125 0.8583984375 0.451171875 0.90234375 0.4619140625 0.9306640625 0.462890625 0.9677734375 0.453125 1 0.4287109375 1 0.2470703125
3 0.6943359375 0 0.6640625 0.0263671875 0.6484375 0.0732421875 0.654296875 0.1103515625 0.6806640625 0.14453125 0.7099609375 0.16015625 0.734375 0.1630859375 0.7587890625 0.162109375 0.7919921875 0.1484375 0.826171875 0.1201171875 0.83984375 0.0986328125 0.84765625 0.0732421875 0.845703125 0.0556640625 0.8115234375 0 0.6943359375 0
3 0.947265625 0.6455078125 0.9609375 0.6044921875 0.95703125 0.5732421875 0.94140625 0.5419921875 0.9091796875 0.513671875 0.8779296875 0.5 0.8408203125 0.49609375 0.7900390625 0.51171875 0.763671875 0.5341796875 0.744140625 0.5771484375 0.744140625 0.6025390625 0.765625 0.6494140625 0.7998046875 0.677734375 0.83203125 0.6884765625 0.8798828125 0.689453125 0.9208984375 0.671875 0.947265625 0.6455078125
3 1 0.7333984375 0.9912109375 0.73046875 0.9501953125 0.734375 0.9248046875 0.748046875 0.90234375 0.7724609375 0.884765625 0.8115234375 0.884765625 0.8447265625 0.89453125 0.8759765625 0.9208984375 0.908203125 0.9443359375 0.92578125 0.96484375 0.9326171875 1 0.9306640625 1 0.7333984375
3 0.8671875 0.7490234375 0.8544921875 0.736328125 0.8349609375 0.734375 0.82421875 0.7412109375 0.822265625 0.7685546875 0.83203125 0.7822265625 0.8603515625 0.77734375 0.87109375 0.7626953125 0.8671875 0.7490234375
3 0.6943359375 0.9375 0.712890625 0.9150390625 0.716796875 0.8955078125 0.689453125 0.8408203125 0.6552734375 0.806640625 0.6181640625 0.798828125 0.5810546875 0.80078125 0.5478515625 0.818359375 0.51953125 0.8525390625 0.509765625 0.8818359375 0.513671875 0.9248046875 0.5341796875 0.953125 0.564453125 0.9658203125 0.6142578125 0.96484375 0.6630859375 0.951171875 0.6943359375 0.9375
3 0.435546875 0.8837890625 0.4296875 0.8603515625 0.416015625 0.8408203125 0.4052734375 0.830078125 0.3798828125 0.822265625 0.3408203125 0.830078125 0.330078125 0.8388671875 0.314453125 0.8603515625 0.314453125 0.8916015625 0.32421875 0.9169921875 0.3408203125 0.93359375 0.3828125 0.9443359375 0.4033203125 0.94140625 0.427734375 0.9189453125 0.435546875 0.8837890625
3 0.65234375 0.5966796875 0.654296875 0.5791015625 0.6171875 0.5400390625 0.6005859375 0.51171875 0.5673828125 0.50390625 0.548828125 0.5146484375 0.537109375 0.5361328125 0.541015625 0.5673828125 0.5595703125 0.59375 0.5771484375 0.609375 0.595703125 0.6162109375 0.6181640625 0.6171875 0.6455078125 0.603515625 0.65234375 0.5966796875
3 0.33984375 0.4404296875 0.33984375 0.4072265625 0.3017578125 0.37109375 0.2666015625 0.3828125 0.2412109375 0.404296875 0.2265625 0.4423828125 0.2333984375 0.462890625 0.2734375 0.4755859375 0.2978515625 0.474609375 0.3232421875 0.462890625 0.33984375 0.4404296875
3 0.296875 0.6591796875 0.302734375 0.6259765625 0.2890625 0.5888671875 0.2587890625 0.544921875 0.2392578125 0.529296875 0.2021484375 0.51953125 0.1923828125 0.5078125 0.1826171875 0.5078125 0.1572265625 0.525390625 0.1357421875 0.529296875 0.103515625 0.5458984375 0.09765625 0.5654296875 0.083984375 0.5791015625 0.08203125 0.6298828125 0.091796875 0.6630859375 0.1162109375 0.693359375 0.1474609375 0.712890625 0.1953125 0.7236328125 0.2216796875 0.724609375 0.2626953125 0.7109375 0.296875 0.6591796875
3 0 0.8974609375 0.0205078125 0.919921875 0.04296875 0.9306640625 0.0693359375 0.931640625 0.1083984375 0.919921875 0.130859375 0.8974609375 0.142578125 0.8603515625 0.142578125 0.8251953125 0.130859375 0.7998046875 0.1181640625 0.787109375 0.0712890625 0.76953125 0.0361328125 0.7734375 0 0.7958984375 0 0.8974609375
3 0.283203125 0.3291015625 0.2890625 0.3173828125 0.29296875 0.2548828125 0.26953125 0.2138671875 0.2431640625 0.1953125 0.1474609375 0.1953125 0.1279296875 0.20703125 0.08984375 0.2490234375 0.0859375 0.2861328125 0.103515625 0.3291015625 0.1259765625 0.357421875 0.177734375 0.3779296875 0.2119140625 0.376953125 0.2431640625 0.36328125 0.283203125 0.3291015625
3 0.546875 0.1708984375 0.544921875 0.1318359375 0.537109375 0.1142578125 0.5166015625 0.09765625 0.4755859375 0.083984375 0.4248046875 0.099609375 0.3984375 0.1220703125 0.375 0.1552734375 0.3828125 0.1943359375 0.400390625 0.2197265625 0.4326171875 0.244140625 0.46875 0.2587890625 0.4912109375 0.2578125 0.517578125 0.2470703125 0.546875 0.1708984375
3 0.2265625 0.0966796875 0.23828125 0.0712890625 0.228515625 0.0244140625 0.2041015625 0.0078125 0.1708984375 0.001953125 0.1474609375 0.0078125 0.119140625 0.0322265625 0.103515625 0.0771484375 0.103515625 0.0947265625 0.1240234375 0.123046875 0.150390625 0.1298828125 0.1787109375 0.130859375 0.2080078125 0.1171875 0.2265625 0.0966796875
3 0.04296875 0.4951171875 0.03515625 0.4619140625 0.017578125 0.4423828125 0.0009765625 0.404296875 0 0.5986328125 0.03125 0.5634765625 0.04296875 0.5302734375 0.04296875 0.4951171875