3 0.333984375 0.7490234375 0.3759765625 0.732421875 0.41015625 0.6962890625 0.423828125 0.6669921875 0.423828125 0.6513671875 0.412109375 0.6240234375 0.3759765625 0.6015625 0.3388671875 0.599609375 0.3095703125 0.609375 0.259765625 0.6513671875 0.248046875 0.6728515625 0.248046875 0.7021484375 0.2763671875 0.73828125 0.2939453125 0.748046875 0.333984375 0.7490234375
3 0.1640625 0.9287109375 0.1943359375 0.919921875 0.22265625 0.8955078125 0.248046875 0.8525390625 0.251953125 0.8173828125 0.240234375 0.7939453125 0.2080078125 0.76953125 0.1552734375 0.759765625 0.1123046875 0.771484375 0.0703125 0.8076171875 0.068359375 0.8564453125 0.076171875 0.8857421875 0.0986328125 0.91015625 0.1220703125 0.923828125 0.1640625 0.9287109375
3 0.029296875 0.7587890625 0.0634765625 0.755859375 0.091796875 0.7333984375 0.111328125 0.6748046875 0.0810546875 0.640625 0.0009765625 0.595703125 0 0.7548828125 0.029296875 0.7587890625
3 0.0234375 0.4794921875 0.0537109375 0.470703125 0.083984375 0.4482421875 0.107421875 0.4033203125 0.109375 0.3642578125 0.099609375 0.3447265625 0.0693359375 0.31640625 0.0009765625 0.291015625 0 0.4775390625 0.0234375 0.4794921875
3 0.533203125 0.9990234375 0.548828125 0.9599609375 0.556640625 0.8818359375 0.55078125 0.8466796875 0.5244140625 0.818359375 0.4755859375 0.81640625 0.4072265625 0.82421875 0.3681640625 0.837890625 0.3515625 0.8544921875 0.333984375 0.8896484375 0.328125 0.9404296875 0.34375 0.9833984375 0.3583984375 1 0.533203125 0.9990234375
3 0.923828125 0.9990234375 0.896484375 0.9384765625 0.865234375 0.9091796875 0.8515625 0.8818359375 0.8310546875 0.861328125 0.8037109375 0.841796875 0.7587890625 0.841796875 0.7275390625 0.826171875 0.6396484375 0.830078125 0.5869140625 0.853515625 0.56640625 0.8916015625 0.546875 0.9931640625 0.5478515625 1 0.923828125 0.9990234375
3 0.9296875 0.9072265625 0.94921875 0.8974609375 0.96484375 0.8681640625 0.962890625 0.8251953125 0.9375 0.7900390625 0.8955078125 0.759765625 0.8701171875 0.751953125 0.8369140625 0.751953125 0.8037109375 0.763671875 0.7890625 0.7861328125 0.796875 0.8212890625 0.8876953125 0.900390625 0.9072265625 0.908203125 0.9296875 0.9072265625
3 0.802734375 0.7255859375 0.8154296875 0.72265625 0.83203125 0.7080078125 0.837890625 0.6904296875 0.8359375 0.6689453125 0.830078125 0.6572265625 0.8095703125 0.642578125 0.7626953125 0.640625 0.748046875 0.6533203125 0.744140625 0.6650390625 0.748046875 0.7060546875 0.7705078125 0.72265625 0.802734375 0.7255859375
3 0.51953125 0.7119140625 0.537109375 0.6962890625 0.53515625 0.6669921875 0.5146484375 0.650390625 0.4853515625 0.65234375 0.470703125 0.6689453125 0.47265625 0.6923828125 0.4951171875 0.7109375 0.51953125 0.7119140625
3 0.15625 0.2490234375 0.181640625 0.2353515625 0.19140625 0.1962890625 0.1748046875 0.171875 0.1396484375 0.169921875 0.1083984375 0.185546875 0.091796875 0.2021484375 0.08984375 0.2255859375 0.1103515625 0.24609375 0.15625 0.2490234375
3 0 0.2001953125 0.046875 0.2060546875 0.0732421875 0.197265625 0.109375 0.1630859375 0.119140625 0.1435546875 0.12109375 0.1201171875 0.111328125 0.0908203125 0.0927734375 0.072265625 0.0654296875 0.05859375 0.0283203125 0.056640625 0 0.0732421875 0 0.2001953125
3 1 0.0009765625 0.8779296875 0.00390625 0.857421875 0.0380859375 0.845703125 0.0732421875 0.84765625 0.1123046875 0.869140625 0.1611328125 0.9365234375 0.216796875 0.986328125 0.2158203125 1 0.2138671875 1 0.0009765625
3 1 0.4052734375 0.9658203125 0.388671875 0.9248046875 0.388671875 0.9130859375 0.396484375 0.904296875 0.4130859375 0.9296875 0.4580078125 0.9560546875 0.482421875 0.9853515625 0.494140625 1 0.4931640625 1 0.4052734375
3 1 0.5244140625 0.9931640625 0.5234375 0.96484375 0.5400390625 0.955078125 0.5654296875 0.9609375 0.5966796875 0.970703125 0.6142578125 1 0.6298828125 1 0.5244140625
3 1 0.2451171875 0.9833984375 0.240234375 0.9384765625 0.2421875 0.921875 0.2587890625 0.91796875 0.2978515625 0.9384765625 0.32421875 0.970703125 0.3271484375 1 0.3095703125 1 0.2451171875