3 0.49609375 0.1044921875 0.5234375 0.0400390625 0.529296875 0.0009765625 0.1455078125 0 0.138671875 0.0693359375 0.166015625 0.1279296875 0.2255859375 0.17578125 0.2705078125 0.1953125 0.302734375 0.2001953125 0.4013671875 0.193359375 0.4619140625 0.15234375 0.49609375 0.1044921875
3 0.7578125 0.2587890625 0.7421875 0.2314453125 0.7236328125 0.220703125 0.7001953125 0.220703125 0.6728515625 0.23046875 0.646484375 0.2607421875 0.638671875 0.2802734375 0.642578125 0.3017578125 0.6708984375 0.33203125 0.703125 0.3408203125 0.7412109375 0.33203125 0.759765625 0.3056640625 0.7578125 0.2587890625
3 0 0.8642578125 0.017578125 0.8662109375 0.1083984375 0.861328125 0.1220703125 0.85546875 0.181640625 0.7939453125 0.19140625 0.7646484375 0.1953125 0.7001953125 0.19140625 0.6669921875 0.181640625 0.6435546875 0.1474609375 0.59375 0.0869140625 0.5625 0.0517578125 0.5625 0 0.5771484375 0 0.8642578125
3 0.9609375 0.8916015625 0.947265625 0.8427734375 0.9228515625 0.81640625 0.9072265625 0.80859375 0.8369140625 0.7890625 0.7861328125 0.787109375 0.7470703125 0.80078125 0.69921875 0.8525390625 0.685546875 0.8896484375 0.681640625 0.9443359375 0.697265625 0.9990234375 0.9248046875 1 0.958984375 0.9306640625 0.9609375 0.8916015625
3 0 0.9990234375 0.078125 0.9990234375 0.09375 0.9501953125 0.09375 0.9287109375 0.0810546875 0.90234375 0.0400390625 0.890625 0 0.8876953125 0 0.9990234375
3 0.1640625 0.2626953125 0.1640625 0.2451171875 0.138671875 0.2177734375 0.142578125 0.1904296875 0.126953125 0.1572265625 0.1025390625 0.138671875 0.0693359375 0.13671875 0.041015625 0.1748046875 0.04296875 0.2119140625 0.068359375 0.2412109375 0.07421875 0.2705078125 0.115234375 0.3037109375 0.1337890625 0.30078125 0.150390625 0.2841796875 0.1640625 0.2626953125
3 0 0.4052734375 0.0341796875 0.40625 0.0634765625 0.39453125 0.08984375 0.3662109375 0.111328125 0.3251953125 0.103515625 0.3056640625 0.05078125 0.2431640625 0.0322265625 0.2265625 0.0126953125 0.21875 0 0.2197265625 0 0.4052734375
3 0.64453125 0.2509765625 0.689453125 0.2158203125 0.689453125 0.1982421875 0.6689453125 0.15625 0.6376953125 0.16015625 0.591796875 0.1943359375 0.578125 0.2333984375 0.6015625 0.2763671875 0.6220703125 0.26953125 0.6337890625 0.2734375 0.64453125 0.2509765625
3 1 0.0986328125 0.9873046875 0.0859375 0.9404296875 0.08984375 0.921875 0.1103515625 0.919921875 0.1533203125 0.92578125 0.1767578125 0.9365234375 0.1953125 0.958984375 0.2060546875 0.9736328125 0.205078125 0.9833984375 0.193359375 1 0.1865234375 1 0.0986328125
3 0.76953125 0.4814453125 0.7568359375 0.447265625 0.7177734375 0.439453125 0.7041015625 0.4453125 0.6953125 0.4580078125 0.693359375 0.4912109375 0.69921875 0.5126953125 0.7265625 0.5283203125 0.7431640625 0.529296875 0.755859375 0.5224609375 0.76953125 0.4814453125
3 0.501953125 0.3603515625 0.509765625 0.3310546875 0.50390625 0.2822265625 0.4814453125 0.259765625 0.4287109375 0.251953125 0.4013671875 0.26171875 0.3662109375 0.26171875 0.35546875 0.2724609375 0.333984375 0.3271484375 0.333984375 0.3447265625 0.34765625 0.3583984375 0.3642578125 0.3984375 0.416015625 0.4189453125 0.4306640625 0.41796875 0.4697265625 0.3984375 0.501953125 0.3603515625