3 0.68359375 0.8173828125 0.685546875 0.8662109375 0.701171875 0.9013671875 0.7255859375 0.92578125 0.7705078125 0.9375 0.8173828125 0.935546875 0.8544921875 0.912109375 0.880859375 0.8818359375 0.892578125 0.8505859375 0.8955078125 0.81640625 0.890625 0.7880859375 0.8486328125 0.740234375 0.8134765625 0.724609375 0.7685546875 0.7265625 0.7333984375 0.744140625 0.701171875 0.7802734375 0.68359375 0.8173828125
3 0.6103515625 1 0.595703125 0.9697265625 0.5458984375 0.923828125 0.5263671875 0.912109375 0.4716796875 0.896484375 0.4267578125 0.8984375 0.3779296875 0.91015625 0.322265625 0.9599609375 0.302734375 0.9990234375 0.6103515625 1
3 0.494140625 0.6025390625 0.4638671875 0.578125 0.4248046875 0.578125 0.39453125 0.6064453125 0.396484375 0.6416015625 0.404296875 0.6572265625 0.4306640625 0.681640625 0.4716796875 0.685546875 0.4990234375 0.66796875 0.5068359375 0.65625 0.5078125 0.6337890625 0.494140625 0.6025390625
3 0.060546875 0.3740234375 0.0625 0.3935546875 0.0712890625 0.40234375 0.1083984375 0.41796875 0.1357421875 0.416015625 0.1572265625 0.404296875 0.16796875 0.3935546875 0.1669921875 0.38671875 0.1904296875 0.3828125 0.2314453125 0.337890625 0.232421875 0.3212890625 0.21875 0.2783203125 0.21484375 0.2060546875 0.2080078125 0.1953125 0.1748046875 0.173828125 0.1279296875 0.171875 0.0810546875 0.1796875 0.056640625 0.2001953125 0.046875 0.2236328125 0.03515625 0.3017578125 0.044921875 0.3486328125 0.060546875 0.3740234375
3 0.107421875 0.0576171875 0.1181640625 0.015625 0.1103515625 0.001953125 0.0009765625 0.001953125 0 0.1201171875 0.0224609375 0.12109375 0.0576171875 0.111328125 0.0849609375 0.09375 0.107421875 0.0576171875
3 0.876953125 0.3232421875 0.87109375 0.3115234375 0.8603515625 0.30078125 0.8310546875 0.2890625 0.7958984375 0.294921875 0.7734375 0.3271484375 0.779296875 0.3583984375 0.8017578125 0.373046875 0.8564453125 0.373046875 0.8759765625 0.3515625 0.876953125 0.3232421875
3 0.875 0.4033203125 0.8525390625 0.3828125 0.8037109375 0.380859375 0.78515625 0.3916015625 0.783203125 0.4208984375 0.7890625 0.4384765625 0.8076171875 0.458984375 0.8505859375 0.458984375 0.869140625 0.4423828125 0.8740234375 0.427734375 0.875 0.4033203125
3 0.5673828125 0.625 0.5888671875 0.599609375 0.587890625 0.5673828125 0.5498046875 0.537109375 0.5341796875 0.541015625 0.501953125 0.5830078125 0.509765625 0.6162109375 0.5263671875 0.630859375 0.5673828125 0.625
3 0.060546875 0.7744140625 0.048828125 0.7939453125 0.052734375 0.8310546875 0.068359375 0.8583984375 0.0888671875 0.87890625 0.1181640625 0.892578125 0.1435546875 0.888671875 0.1669921875 0.873046875 0.18359375 0.8466796875 0.1884765625 0.826171875 0.1875 0.7998046875 0.169921875 0.7646484375 0.1318359375 0.744140625 0.0927734375 0.75 0.060546875 0.7744140625
3 0.0595703125 0.94921875 0.0673828125 0.9375 0.06640625 0.9052734375 0.048828125 0.8720703125 0.0283203125 0.857421875 0.0009765625 0.859375 0 0.9501953125 0.0322265625 0.962890625 0.0595703125 0.94921875
3 0.2626953125 0.802734375 0.263671875 0.7744140625 0.2490234375 0.755859375 0.2275390625 0.748046875 0.201171875 0.7626953125 0.1953125 0.7939453125 0.201171875 0.8115234375 0.2158203125 0.826171875 0.2470703125 0.828125 0.2626953125 0.802734375
3 0.0009765625 0.54296875 0.0009765625 0.6875 0.037109375 0.6630859375 0.0478515625 0.634765625 0.041015625 0.5791015625 0.0166015625 0.55078125 0.0009765625 0.54296875
3 0.92578125 0.5380859375 0.9033203125 0.51953125 0.8544921875 0.517578125 0.8369140625 0.521484375 0.83203125 0.5283203125 0.83203125 0.5830078125 0.8544921875 0.609375 0.8740234375 0.611328125 0.8916015625 0.60546875 0.9287109375 0.5625 0.92578125 0.5380859375
3 0.7685546875 0.224609375 0.759765625 0.1728515625 0.7451171875 0.1640625 0.7177734375 0.162109375 0.6962890625 0.16796875 0.67578125 0.2041015625 0.67578125 0.2392578125 0.7001953125 0.263671875 0.7490234375 0.2578125 0.7685546875 0.224609375