3 0.3955078125 0.2578125 0.3193359375 0.251953125 0.2998046875 0.259765625 0.287109375 0.2724609375 0.26171875 0.3212890625 0.21875 0.3720703125 0.197265625 0.4150390625 0.193359375 0.4775390625 0.21484375 0.5322265625 0.2626953125 0.56640625 0.310546875 0.5732421875 0.3603515625 0.564453125 0.3916015625 0.54296875 0.443359375 0.4853515625 0.470703125 0.4248046875 0.4765625 0.3994140625 0.470703125 0.3408203125 0.44140625 0.2900390625 0.3955078125 0.2578125
3 0.0556640625 0.310546875 0.0185546875 0.29296875 0.001953125 0.2978515625 0.001953125 0.6494140625 0.00390625 0.6591796875 0.01171875 0.6611328125 0.029296875 0.6474609375 0.064453125 0.5947265625 0.07421875 0.5537109375 0.095703125 0.5224609375 0.115234375 0.4736328125 0.11328125 0.4052734375 0.09765625 0.3583984375 0.0556640625 0.310546875
3 0.0146484375 0.2421875 0.05078125 0.2451171875 0.0693359375 0.236328125 0.083984375 0.2197265625 0.08984375 0.1904296875 0.0771484375 0.166015625 0.0263671875 0.16015625 0.00390625 0.1826171875 0.001953125 0.2314453125 0.0146484375 0.2421875
3 0.484375 0.5947265625 0.478515625 0.6181640625 0.484375 0.6630859375 0.5 0.6865234375 0.5322265625 0.7109375 0.560546875 0.7119140625 0.6005859375 0.69140625 0.6171875 0.6748046875 0.626953125 0.6376953125 0.619140625 0.5986328125 0.603515625 0.5732421875 0.5673828125 0.5546875 0.5107421875 0.56640625 0.484375 0.5947265625
3 0.6201171875 0.759765625 0.5712890625 0.7578125 0.5302734375 0.763671875 0.48828125 0.7939453125 0.48828125 0.8154296875 0.470703125 0.8544921875 0.451171875 0.8701171875 0.4453125 0.9033203125 0.458984375 0.9111328125 0.458984375 0.9208984375 0.4755859375 0.9453125 0.494140625 0.9501953125 0.5205078125 0.943359375 0.6025390625 0.9453125 0.64453125 0.9208984375 0.666015625 0.8896484375 0.6796875 0.8427734375 0.677734375 0.8076171875 0.6572265625 0.783203125 0.6201171875 0.759765625
3 0.666015625 0.5263671875 0.66796875 0.5712890625 0.6943359375 0.6015625 0.7119140625 0.609375 0.736328125 0.6103515625 0.7568359375 0.603515625 0.76953125 0.5888671875 0.77734375 0.5654296875 0.77734375 0.5380859375 0.7509765625 0.5078125 0.7216796875 0.498046875 0.6865234375 0.501953125 0.666015625 0.5263671875
3 0.7119140625 0.646484375 0.6845703125 0.658203125 0.66796875 0.6767578125 0.66015625 0.6943359375 0.658203125 0.7255859375 0.6640625 0.7470703125 0.689453125 0.7880859375 0.7138671875 0.806640625 0.736328125 0.8095703125 0.7626953125 0.802734375 0.7890625 0.7724609375 0.80078125 0.7451171875 0.802734375 0.7080078125 0.791015625 0.6787109375 0.7685546875 0.65625 0.7490234375 0.646484375 0.7119140625 0.646484375
3 0.771484375 0.1630859375 0.7939453125 0.197265625 0.82421875 0.1982421875 0.8427734375 0.193359375 0.85546875 0.1767578125 0.857421875 0.1376953125 0.8427734375 0.115234375 0.8056640625 0.10546875 0.7919921875 0.109375 0.775390625 0.1279296875 0.771484375 0.1630859375
3 0.38671875 0.9658203125 0.3623046875 0.939453125 0.3486328125 0.93359375 0.3017578125 0.943359375 0.248046875 0.9951171875 0.2490234375 1 0.40625 0.9990234375 0.38671875 0.9658203125
3 0.88671875 0.3466796875 0.904296875 0.3310546875 0.90625 0.3037109375 0.8896484375 0.283203125 0.8662109375 0.279296875 0.8515625 0.2919921875 0.853515625 0.3193359375 0.8662109375 0.33984375 0.88671875 0.3466796875
3 0.84765625 0.6025390625 0.84765625 0.6337890625 0.861328125 0.6455078125 0.859375 0.6650390625 0.8662109375 0.67578125 0.8935546875 0.67578125 0.90234375 0.7021484375 0.9111328125 0.708984375 0.94921875 0.7138671875 0.9658203125 0.70703125 0.99609375 0.6689453125 0.994140625 0.5888671875 0.9814453125 0.5703125 0.9599609375 0.560546875 0.9033203125 0.552734375 0.857421875 0.5849609375 0.84765625 0.6025390625