3 0.9921875 0.7978515625 0.982421875 0.7802734375 0.9677734375 0.767578125 0.9443359375 0.76171875 0.9287109375 0.76171875 0.8974609375 0.77734375 0.876953125 0.8017578125 0.8701171875 0.822265625 0.875 0.8701171875 0.8896484375 0.888671875 0.9052734375 0.896484375 0.9248046875 0.896484375 0.9677734375 0.880859375 0.98828125 0.8603515625 0.99609375 0.8330078125 0.9921875 0.7978515625
3 0.8046875 0.8525390625 0.80859375 0.7705078125 0.798828125 0.7431640625 0.7392578125 0.705078125 0.6884765625 0.708984375 0.6669921875 0.720703125 0.63671875 0.7568359375 0.6220703125 0.80078125 0.623046875 0.8291015625 0.642578125 0.8740234375 0.6923828125 0.908203125 0.7353515625 0.9140625 0.7548828125 0.908203125 0.79296875 0.8720703125 0.8046875 0.8525390625
3 0.5595703125 0.7734375 0.59765625 0.7568359375 0.6171875 0.7333984375 0.62890625 0.6982421875 0.5908203125 0.66015625 0.5595703125 0.66015625 0.541015625 0.6708984375 0.5244140625 0.708984375 0.525390625 0.7392578125 0.53515625 0.7626953125 0.5439453125 0.771484375 0.5595703125 0.7734375
3 0.4921875 0.8173828125 0.46875 0.7568359375 0.453125 0.7392578125 0.3857421875 0.69921875 0.3564453125 0.697265625 0.3017578125 0.724609375 0.283203125 0.7490234375 0.2763671875 0.775390625 0.27734375 0.8154296875 0.296875 0.8701171875 0.3232421875 0.900390625 0.3701171875 0.91796875 0.4208984375 0.916015625 0.4501953125 0.8984375 0.462890625 0.8837890625 0.474609375 0.8427734375 0.4921875 0.8173828125
3 0.4541015625 0.9609375 0.4013671875 0.998046875 0.595703125 0.9990234375 0.5595703125 0.984375 0.5341796875 0.96484375 0.5029296875 0.95703125 0.4541015625 0.9609375
3 0.2021484375 1 0.220703125 0.9775390625 0.232421875 0.9443359375 0.228515625 0.9150390625 0.2109375 0.8779296875 0.1767578125 0.857421875 0.1611328125 0.85546875 0.1005859375 0.869140625 0.076171875 0.8974609375 0.0673828125 0.9375 0.06640625 0.9521484375 0.078125 0.9775390625 0.1005859375 1 0.2021484375 1
3 0.169921875 0.6591796875 0.177734375 0.6220703125 0.173828125 0.6025390625 0.1396484375 0.5703125 0.1181640625 0.564453125 0.0927734375 0.56640625 0.060546875 0.5927734375 0.0556640625 0.611328125 0.056640625 0.6357421875 0.06640625 0.6591796875 0.1005859375 0.68359375 0.1396484375 0.685546875 0.169921875 0.6591796875
3 0.201171875 0.3837890625 0.1953125 0.3486328125 0.1552734375 0.30859375 0.0947265625 0.283203125 0.0673828125 0.298828125 0.060546875 0.3095703125 0.0390625 0.3681640625 0.0322265625 0.408203125 0.03515625 0.4423828125 0.0576171875 0.4765625 0.0888671875 0.490234375 0.1396484375 0.484375 0.1796875 0.4541015625 0.197265625 0.4228515625 0.201171875 0.3837890625
3 0.025390625 0.2900390625 0.0009765625 0.2734375 0 0.4248046875 0.0048828125 0.42578125 0.025390625 0.3935546875 0.04296875 0.3271484375 0.025390625 0.2900390625
3 0.5 0.1220703125 0.48046875 0.0830078125 0.4501953125 0.052734375 0.4130859375 0.0390625 0.3583984375 0.05078125 0.328125 0.0791015625 0.3125 0.1103515625 0.3095703125 0.14453125 0.314453125 0.1826171875 0.326171875 0.2060546875 0.3544921875 0.236328125 0.3994140625 0.255859375 0.4306640625 0.25390625 0.4658203125 0.236328125 0.494140625 0.1982421875 0.50390625 0.1591796875 0.5 0.1220703125
3 0.0693359375 0 0.0673828125 0.015625 0.0703125 0.0458984375 0.09375 0.0810546875 0.1181640625 0.1015625 0.1591796875 0.115234375 0.1962890625 0.11328125 0.2373046875 0.08984375 0.259765625 0.0634765625 0.26953125 0.0263671875 0.2666015625 0 0.0693359375 0
3 0.5712890625 0 0.546875 0.0322265625 0.5380859375 0.0703125 0.541015625 0.1142578125 0.560546875 0.1611328125 0.5986328125 0.201171875 0.6416015625 0.220703125 0.6923828125 0.220703125 0.7314453125 0.197265625 0.76171875 0.1572265625 0.7734375 0.1240234375 0.771484375 0.0498046875 0.7529296875 0 0.5712890625 0
3 1 0.1884765625 0.9423828125 0.154296875 0.9267578125 0.15234375 0.9033203125 0.16015625 0.86328125 0.1904296875 0.841796875 0.2275390625 0.8369140625 0.2578125 0.84375 0.2998046875 0.8701171875 0.333984375 0.9013671875 0.349609375 0.9541015625 0.345703125 0.9794921875 0.33203125 1 0.3056640625 1 0.1884765625
3 0.9599609375 0.517578125 0.958984375 0.5478515625 0.970703125 0.5830078125 0.9794921875 0.59375 0.9990234375 0.599609375 0.9990234375 0.462890625 0.970703125 0.4892578125 0.9599609375 0.517578125