3 0.208984375 0.6513671875 0.203125 0.6865234375 0.20703125 0.7275390625 0.240234375 0.7822265625 0.2568359375 0.794921875 0.2939453125 0.806640625 0.3642578125 0.80078125 0.3955078125 0.787109375 0.4287109375 0.76171875 0.44921875 0.7333984375 0.45703125 0.6494140625 0.447265625 0.6162109375 0.4248046875 0.59375 0.357421875 0.5615234375 0.3154296875 0.564453125 0.2763671875 0.583984375 0.208984375 0.6513671875
3 0.3193359375 0.865234375 0.30859375 0.8759765625 0.29296875 0.8974609375 0.28125 0.9423828125 0.283203125 0.9677734375 0.2978515625 0.99609375 0.4638671875 0.998046875 0.4921875 0.9931640625 0.5078125 0.9560546875 0.501953125 0.9033203125 0.4833984375 0.869140625 0.43359375 0.8388671875 0.4052734375 0.837890625 0.3583984375 0.849609375 0.3193359375 0.865234375
3 0.57421875 0.9169921875 0.552734375 0.9560546875 0.54296875 0.9951171875 0.8544921875 0.998046875 0.861328125 0.9931640625 0.84765625 0.9462890625 0.8134765625 0.90625 0.7548828125 0.86328125 0.7294921875 0.853515625 0.697265625 0.8505859375 0.6474609375 0.859375 0.5986328125 0.890625 0.57421875 0.9169921875
3 0.19921875 0.3544921875 0.1875 0.3876953125 0.185546875 0.4345703125 0.1953125 0.4833984375 0.2177734375 0.505859375 0.2568359375 0.51953125 0.2978515625 0.521484375 0.3232421875 0.51171875 0.35546875 0.4794921875 0.37890625 0.4287109375 0.37890625 0.3935546875 0.36328125 0.3642578125 0.3271484375 0.33203125 0.298828125 0.3232421875 0.2548828125 0.322265625 0.2197265625 0.333984375 0.19921875 0.3544921875
3 0.384765625 0.5283203125 0.3935546875 0.541015625 0.4248046875 0.548828125 0.443359375 0.5361328125 0.447265625 0.5107421875 0.42578125 0.4892578125 0.4052734375 0.490234375 0.388671875 0.5029296875 0.384765625 0.5283203125
3 0.00390625 0.6064453125 0.0263671875 0.626953125 0.0595703125 0.638671875 0.080078125 0.6259765625 0.080078125 0.5810546875 0.115234375 0.5439453125 0.14453125 0.4951171875 0.150390625 0.4306640625 0.1240234375 0.376953125 0.0732421875 0.353515625 0.0517578125 0.330078125 0.025390625 0.3271484375 0.0048828125 0.326171875 0.001953125 0.3330078125 0.00390625 0.6064453125
3 0.255859375 0.0966796875 0.2861328125 0.11328125 0.2978515625 0.130859375 0.3408203125 0.14453125 0.3916015625 0.140625 0.40234375 0.1337890625 0.43359375 0.0869140625 0.4375 0.0302734375 0.431640625 0.0009765625 0.2353515625 0 0.236328125 0.0615234375 0.255859375 0.0966796875
3 0.533203125 0.1005859375 0.5712890625 0.13671875 0.5908203125 0.14453125 0.59375 0.1552734375 0.6044921875 0.162109375 0.6708984375 0.138671875 0.7109375 0.0927734375 0.716796875 0.0380859375 0.703125 0.0009765625 0.5341796875 0 0.525390625 0.0458984375 0.533203125 0.1005859375
3 0.958984375 0.5087890625 0.970703125 0.5322265625 0.9990234375 0.556640625 1 0.3544921875 0.96875 0.3955078125 0.955078125 0.4482421875 0.958984375 0.5087890625
3 0.912109375 0.6572265625 0.908203125 0.6923828125 0.912109375 0.7119140625 0.9345703125 0.7421875 0.9658203125 0.7578125 0.9970703125 0.759765625 1 0.6201171875 0.98046875 0.6162109375 0.9599609375 0.6171875 0.9296875 0.6357421875 0.912109375 0.6572265625
3 0.841796875 0.8427734375 0.8642578125 0.859375 0.8837890625 0.857421875 0.89453125 0.8388671875 0.89453125 0.8154296875 0.87890625 0.7998046875 0.8544921875 0.80078125 0.83984375 0.8154296875 0.841796875 0.8427734375