3 0.9140625 0.5458984375 0.9501953125 0.576171875 0.9892578125 0.591796875 1 0.5908203125 0.9990234375 0.404296875 0.9384765625 0.408203125 0.9140625 0.4345703125 0.900390625 0.4658203125 0.90234375 0.5087890625 0.9140625 0.5458984375
3 0.8447265625 0.5390625 0.826171875 0.4814453125 0.8017578125 0.453125 0.7880859375 0.447265625 0.7568359375 0.447265625 0.7275390625 0.45703125 0.703125 0.4775390625 0.689453125 0.5087890625 0.693359375 0.5419921875 0.71875 0.5849609375 0.7685546875 0.607421875 0.8095703125 0.607421875 0.8271484375 0.6015625 0.837890625 0.5908203125 0.8447265625 0.5390625
3 0.7734375 0.3974609375 0.7802734375 0.34765625 0.77734375 0.3291015625 0.7626953125 0.310546875 0.7431640625 0.30078125 0.7138671875 0.298828125 0.6865234375 0.310546875 0.66015625 0.3388671875 0.650390625 0.3603515625 0.650390625 0.3876953125 0.662109375 0.4111328125 0.6767578125 0.423828125 0.7041015625 0.43359375 0.7333984375 0.4296875 0.7548828125 0.41796875 0.7734375 0.3974609375
3 0.5693359375 0 0.568359375 0.0361328125 0.583984375 0.0654296875 0.6044921875 0.0859375 0.6318359375 0.09765625 0.6689453125 0.099609375 0.716796875 0.0654296875 0.732421875 0.0341796875 0.7333984375 0 0.5693359375 0
3 0.6142578125 0.607421875 0.607421875 0.5849609375 0.5966796875 0.576171875 0.5576171875 0.55859375 0.5224609375 0.55859375 0.486328125 0.6005859375 0.490234375 0.6806640625 0.5166015625 0.70703125 0.5712890625 0.70703125 0.5791015625 0.693359375 0.5947265625 0.689453125 0.603515625 0.6767578125 0.6015625 0.6533203125 0.615234375 0.6240234375 0.6142578125 0.607421875
3 0.5693359375 1 0.5712890625 0.98828125 0.560546875 0.9150390625 0.5390625 0.8779296875 0.4970703125 0.845703125 0.4404296875 0.828125 0.3818359375 0.837890625 0.3232421875 0.865234375 0.294921875 0.8916015625 0.275390625 0.9306640625 0.263671875 0.9755859375 0.2646484375 1 0.5693359375 1
3 0.6767578125 0.951171875 0.6142578125 0.9609375 0.59375 0.9833984375 0.5947265625 1 0.7607421875 0.99609375 0.7099609375 0.958984375 0.6767578125 0.951171875
3 0.4501953125 0.705078125 0.427734375 0.6611328125 0.4130859375 0.6484375 0.3779296875 0.638671875 0.3349609375 0.638671875 0.3095703125 0.6484375 0.294921875 0.6650390625 0.28515625 0.6923828125 0.28515625 0.7255859375 0.3134765625 0.77734375 0.3466796875 0.791015625 0.3818359375 0.791015625 0.42578125 0.7646484375 0.44921875 0.7314453125 0.4501953125 0.705078125
3 0.1455078125 0.8203125 0.1015625 0.8525390625 0.091796875 0.8818359375 0.09375 0.9130859375 0.1171875 0.9345703125 0.1240234375 0.94921875 0.1611328125 0.962890625 0.1767578125 0.962890625 0.2216796875 0.939453125 0.232421875 0.9248046875 0.2373046875 0.857421875 0.1845703125 0.8203125 0.1455078125 0.8203125
3 0.0009765625 0.626953125 0.0009765625 0.900390625 0.0498046875 0.88671875 0.076171875 0.8701171875 0.1171875 0.8037109375 0.123046875 0.7861328125 0.1220703125 0.755859375 0.111328125 0.7158203125 0.095703125 0.6943359375 0.0458984375 0.6484375 0.0009765625 0.626953125
3 0.041015625 0.5927734375 0.03515625 0.6240234375 0.0576171875 0.6484375 0.0869140625 0.66796875 0.1103515625 0.671875 0.1298828125 0.666015625 0.150390625 0.6474609375 0.140625 0.6220703125 0.1494140625 0.609375 0.0986328125 0.583984375 0.0576171875 0.58203125 0.041015625 0.5927734375
3 0.072265625 0.4521484375 0.091796875 0.4150390625 0.0927734375 0.3671875 0.0859375 0.3447265625 0.0615234375 0.3203125 0 0.3115234375 0.0009765625 0.490234375 0.0419921875 0.478515625 0.072265625 0.4521484375
3 0.2353515625 0.287109375 0.21875 0.3173828125 0.23046875 0.3623046875 0.2490234375 0.376953125 0.2822265625 0.3828125 0.310546875 0.3466796875 0.3134765625 0.3046875 0.310546875 0.2939453125 0.2880859375 0.275390625 0.2607421875 0.27734375 0.2353515625 0.287109375
3 0.3818359375 0.12109375 0.404296875 0.0966796875 0.4033203125 0.07421875 0.3837890625 0.044921875 0.3544921875 0.046875 0.337890625 0.0595703125 0.333984375 0.1005859375 0.3544921875 0.12109375 0.3818359375 0.12109375
3 0.3857421875 0.42578125 0.359375 0.4326171875 0.361328125 0.4951171875 0.3974609375 0.525390625 0.4384765625 0.533203125 0.458984375 0.4990234375 0.4580078125 0.47265625 0.44921875 0.4462890625 0.4404296875 0.439453125 0.3994140625 0.43359375 0.3857421875 0.42578125
3 0.7216796875 0.75390625 0.6826171875 0.740234375 0.6357421875 0.74609375 0.595703125 0.7783203125 0.59765625 0.8466796875 0.6240234375 0.875 0.6572265625 0.890625 0.7099609375 0.88671875 0.7412109375 0.873046875 0.775390625 0.8427734375 0.7763671875 0.796875 0.7646484375 0.78125 0.7216796875 0.75390625