3 0.4716796875 1 0.5185546875 0.91796875 0.517578125 0.8837890625 0.49609375 0.8525390625 0.4716796875 0.83203125 0.4189453125 0.8046875 0.3701171875 0.798828125 0.3330078125 0.80859375 0.3125 0.8232421875 0.296875 0.8564453125 0.294921875 0.9033203125 0.30078125 0.9208984375 0.33984375 0.9736328125 0.3701171875 1 0.4716796875 1
3 0.548828125 0.8115234375 0.546875 0.8388671875 0.5546875 0.8701171875 0.576171875 0.9091796875 0.6044921875 0.9296875 0.6357421875 0.939453125 0.6865234375 0.921875 0.703125 0.9072265625 0.7216796875 0.873046875 0.712890625 0.8037109375 0.6923828125 0.779296875 0.6650390625 0.763671875 0.6259765625 0.759765625 0.5908203125 0.76953125 0.55859375 0.7939453125 0.548828125 0.8115234375
3 0.806640625 0.7978515625 0.8271484375 0.8203125 0.8466796875 0.830078125 0.8798828125 0.830078125 0.8994140625 0.810546875 0.9228515625 0.80859375 0.923828125 0.7646484375 0.9306640625 0.75390625 0.923828125 0.7099609375 0.9033203125 0.6953125 0.8408203125 0.689453125 0.8134765625 0.703125 0.802734375 0.7158203125 0.80078125 0.7724609375 0.806640625 0.7978515625
3 0.712890625 0.4541015625 0.712890625 0.4697265625 0.72265625 0.4873046875 0.7470703125 0.5078125 0.7822265625 0.50390625 0.8017578125 0.494140625 0.8154296875 0.466796875 0.81640625 0.4462890625 0.80859375 0.4267578125 0.7841796875 0.412109375 0.7509765625 0.416015625 0.732421875 0.4287109375 0.73046875 0.4384765625 0.712890625 0.4541015625
3 0.501953125 0.3251953125 0.5078125 0.3427734375 0.5283203125 0.3671875 0.5810546875 0.3984375 0.6162109375 0.40234375 0.6630859375 0.38671875 0.689453125 0.3642578125 0.71484375 0.3212890625 0.7216796875 0.287109375 0.720703125 0.2568359375 0.705078125 0.2177734375 0.6513671875 0.17578125 0.6123046875 0.173828125 0.513671875 0.2626953125 0.50390625 0.2919921875 0.501953125 0.3251953125
3 0.388671875 0.1044921875 0.376953125 0.1455078125 0.37890625 0.1708984375 0.388671875 0.1923828125 0.4169921875 0.220703125 0.4619140625 0.248046875 0.5048828125 0.244140625 0.5205078125 0.236328125 0.5380859375 0.212890625 0.5703125 0.1865234375 0.5791015625 0.15625 0.580078125 0.1416015625 0.5625 0.0888671875 0.5400390625 0.06640625 0.5029296875 0.052734375 0.4560546875 0.056640625 0.4111328125 0.076171875 0.388671875 0.1044921875
3 0.599609375 0.0986328125 0.6220703125 0.125 0.6708984375 0.126953125 0.6875 0.1123046875 0.6923828125 0.095703125 0.693359375 0.0732421875 0.6875 0.0595703125 0.6611328125 0.03515625 0.6279296875 0.029296875 0.6083984375 0.0390625 0.595703125 0.0537109375 0.599609375 0.0986328125
3 0.1787109375 0.923828125 0.1904296875 0.90625 0.185546875 0.8779296875 0.1650390625 0.865234375 0.1474609375 0.8671875 0.12890625 0.8896484375 0.13671875 0.9189453125 0.1533203125 0.931640625 0.1787109375 0.923828125
3 0.009765625 0.4033203125 0.01953125 0.4365234375 0.0419921875 0.4609375 0.0673828125 0.470703125 0.1064453125 0.47265625 0.138671875 0.4501953125 0.1611328125 0.39453125 0.162109375 0.3662109375 0.150390625 0.3388671875 0.1318359375 0.3203125 0.1083984375 0.314453125 0.0439453125 0.3359375 0.017578125 0.3603515625 0.009765625 0.4033203125
3 0.0400390625 0.310546875 0.0771484375 0.30859375 0.111328125 0.2822265625 0.1220703125 0.2578125 0.12109375 0.2392578125 0.1083984375 0.224609375 0.0869140625 0.2109375 0.0595703125 0.208984375 0.025390625 0.2294921875 0.021484375 0.2841796875 0.0400390625 0.310546875
3 0.1240234375 0 0.1015625 0.0517578125 0.1015625 0.0947265625 0.1171875 0.1259765625 0.1337890625 0.142578125 0.1572265625 0.154296875 0.2041015625 0.15625 0.2255859375 0.150390625 0.2724609375 0.125 0.294921875 0.1044921875 0.3203125 0.0576171875 0.3291015625 0.015625 0.3291015625 0 0.1240234375 0
3 0.2421875 0.2919921875 0.236328125 0.3291015625 0.24609375 0.3564453125 0.2626953125 0.373046875 0.3076171875 0.390625 0.3173828125 0.40234375 0.3583984375 0.40625 0.4013671875 0.39453125 0.4375 0.3525390625 0.4501953125 0.31640625 0.447265625 0.2705078125 0.4267578125 0.2421875 0.3583984375 0.1953125 0.3212890625 0.193359375 0.2958984375 0.20703125 0.275390625 0.2294921875 0.2421875 0.2919921875
3 0.1201171875 1 0.1171875 0.9638671875 0.0849609375 0.927734375 0.0419921875 0.91796875 0 0.9189453125 0.0009765625 1 0.1201171875 1
3 0.2529296875 1 0.2333984375 0.974609375 0.2060546875 0.962890625 0.1669921875 0.96875 0.142578125 0.9951171875 0.1435546875 1 0.2529296875 1