3 0.5185546875 0.431640625 0.494140625 0.4951171875 0.4873046875 0.55078125 0.48828125 0.5673828125 0.5087890625 0.6171875 0.5693359375 0.625 0.5927734375 0.615234375 0.6171875 0.5830078125 0.63671875 0.5283203125 0.6328125 0.4951171875 0.61328125 0.4521484375 0.6044921875 0.443359375 0.5634765625 0.439453125 0.5419921875 0.427734375 0.5185546875 0.431640625
3 0.41796875 0.7587890625 0.4189453125 0.78125 0.4345703125 0.8046875 0.4658203125 0.82421875 0.5244140625 0.82421875 0.55078125 0.7998046875 0.56640625 0.7705078125 0.568359375 0.7353515625 0.556640625 0.7021484375 0.5322265625 0.681640625 0.4912109375 0.677734375 0.4599609375 0.701171875 0.42578125 0.7431640625 0.41796875 0.7587890625
3 0.6767578125 0.283203125 0.69140625 0.3232421875 0.7177734375 0.33984375 0.7490234375 0.34765625 0.7939453125 0.33984375 0.83203125 0.3115234375 0.845703125 0.2802734375 0.84375 0.2158203125 0.7978515625 0.19140625 0.7373046875 0.193359375 0.69921875 0.2216796875 0.681640625 0.2509765625 0.6767578125 0.283203125
3 1 0.6728515625 0.9755859375 0.673828125 0.9345703125 0.689453125 0.8369140625 0.7578125 0.79296875 0.8056640625 0.7822265625 0.84375 0.796875 0.8759765625 0.833984375 0.9033203125 0.83984375 0.9599609375 0.8583984375 0.98828125 0.8779296875 0.99609375 0.9072265625 0.99609375 0.9501953125 0.9765625 1 0.9267578125 1 0.6728515625
3 0.8291015625 1 0.826171875 0.9150390625 0.8193359375 0.90625 0.7607421875 0.87890625 0.7119140625 0.880859375 0.669921875 0.9169921875 0.6591796875 0.98828125 0.6630859375 1 0.8291015625 1
3 0.6376953125 1 0.642578125 0.9560546875 0.63671875 0.9404296875 0.6162109375 0.92578125 0.5615234375 0.921875 0.5302734375 0.935546875 0.4833984375 0.970703125 0.4619140625 1 0.6376953125 1
3 0.0703125 0.5322265625 0.052734375 0.5732421875 0.0537109375 0.58984375 0.056640625 0.6181640625 0.0673828125 0.6328125 0.0908203125 0.6484375 0.1318359375 0.6484375 0.1572265625 0.634765625 0.19140625 0.6005859375 0.1953125 0.5458984375 0.185546875 0.5263671875 0.1630859375 0.5078125 0.1435546875 0.5 0.1123046875 0.501953125 0.0703125 0.5322265625
3 0.0732421875 0.357421875 0.095703125 0.3330078125 0.109375 0.2939453125 0.109375 0.2607421875 0.095703125 0.2275390625 0.0673828125 0.19921875 0.0380859375 0.189453125 0 0.1923828125 0.0009765625 0.380859375 0.0361328125 0.37890625 0.0732421875 0.357421875
3 0.0048828125 0.55078125 0 0.5517578125 0.0009765625 0.65234375 0.02734375 0.6318359375 0.037109375 0.6044921875 0.033203125 0.5673828125 0.0224609375 0.5546875 0.0048828125 0.55078125
3 0.6669921875 0.49609375 0.6787109375 0.49609375 0.71484375 0.4716796875 0.7265625 0.4501953125 0.7265625 0.4287109375 0.7021484375 0.404296875 0.6708984375 0.40625 0.640625 0.4326171875 0.6396484375 0.453125 0.6484375 0.4814453125 0.6669921875 0.49609375
3 1 0.0458984375 0.9736328125 0.04296875 0.9541015625 0.0546875 0.9375 0.0732421875 0.9326171875 0.10546875 0.9462890625 0.126953125 0.9677734375 0.138671875 0.9951171875 0.123046875 1 0.1181640625 1 0.0458984375
3 0.94921875 0.1689453125 0.9345703125 0.16015625 0.9130859375 0.162109375 0.8984375 0.1748046875 0.8974609375 0.193359375 0.9130859375 0.20703125 0.9365234375 0.205078125 0.94921875 0.1943359375 0.94921875 0.1689453125
3 0.8017578125 0.16015625 0.8330078125 0.154296875 0.8515625 0.1279296875 0.845703125 0.1005859375 0.8349609375 0.08984375 0.8173828125 0.0859375 0.7900390625 0.08984375 0.775390625 0.1044921875 0.7705078125 0.123046875 0.77734375 0.1435546875 0.8017578125 0.16015625