3 0.328125 0.9873046875 0.3291015625 1 0.482421875 0.9990234375 0.48046875 0.9580078125 0.4384765625 0.93359375 0.3994140625 0.93359375 0.3740234375 0.94140625 0.3603515625 0.94921875 0.328125 0.9873046875
3 0.84765625 0.6455078125 0.8349609375 0.630859375 0.7998046875 0.623046875 0.76953125 0.6435546875 0.765625 0.6826171875 0.7861328125 0.7109375 0.818359375 0.7158203125 0.8330078125 0.7109375 0.849609375 0.6923828125 0.853515625 0.6650390625 0.84765625 0.6455078125
3 0.763671875 0.4423828125 0.7431640625 0.42578125 0.7001953125 0.435546875 0.681640625 0.4541015625 0.685546875 0.4794921875 0.7158203125 0.50390625 0.7421875 0.5048828125 0.7568359375 0.5 0.771484375 0.4794921875 0.771484375 0.4580078125 0.763671875 0.4423828125
3 0.78125 0.3212890625 0.8154296875 0.314453125 0.83203125 0.2998046875 0.865234375 0.2119140625 0.8271484375 0.171875 0.7724609375 0.138671875 0.7529296875 0.13671875 0.7255859375 0.15234375 0.70703125 0.1806640625 0.673828125 0.2138671875 0.6640625 0.2529296875 0.6796875 0.2861328125 0.7060546875 0.3125 0.7412109375 0.322265625 0.78125 0.3212890625
3 0.8291015625 0.3671875 0.8056640625 0.3671875 0.7880859375 0.375 0.7734375 0.3955078125 0.783203125 0.4248046875 0.8017578125 0.4375 0.81640625 0.4384765625 0.8349609375 0.4296875 0.84765625 0.4111328125 0.84765625 0.3837890625 0.8291015625 0.3671875
3 0.982421875 0.4755859375 0.9560546875 0.451171875 0.9072265625 0.44921875 0.88671875 0.4638671875 0.87109375 0.4873046875 0.869140625 0.5146484375 0.876953125 0.5361328125 0.8935546875 0.5546875 0.916015625 0.5595703125 0.9482421875 0.548828125 0.98046875 0.5087890625 0.982421875 0.4755859375
3 0.9609375 0.6318359375 1 0.6611328125 0.9990234375 0.51171875 0.962890625 0.5537109375 0.951171875 0.6044921875 0.9609375 0.6318359375
3 0.9501953125 0.20703125 0.8916015625 0.208984375 0.876953125 0.2216796875 0.8671875 0.2568359375 0.8671875 0.2861328125 0.8857421875 0.298828125 0.90625 0.2998046875 0.9443359375 0.28515625 0.958984375 0.2626953125 0.962890625 0.2353515625 0.9501953125 0.20703125
3 0.9267578125 0.1171875 0.8818359375 0.0859375 0.8544921875 0.087890625 0.8359375 0.0966796875 0.830078125 0.1064453125 0.8359375 0.1298828125 0.8701171875 0.1796875 0.9169921875 0.201171875 0.955078125 0.2001953125 0.95703125 0.1689453125 0.94140625 0.1337890625 0.9267578125 0.1171875
3 0.751953125 0.0458984375 0.7705078125 0.0390625 0.783203125 0.0263671875 0.7841796875 0.001953125 0.68359375 0.0048828125 0.6875 0.0244140625 0.7080078125 0.04296875 0.751953125 0.0458984375
3 0.5068359375 0 0.486328125 0.0048828125 0.490234375 0.0205078125 0.5126953125 0.044921875 0.56640625 0.0576171875 0.5966796875 0.046875 0.609375 0.0341796875 0.62109375 0.0087890625 0.6181640625 0.001953125 0.5068359375 0
3 1 0.0029296875 0.9912109375 0.001953125 0.9609375 0.0244140625 0.951171875 0.0498046875 0.951171875 0.0771484375 0.96875 0.1083984375 1 0.1357421875 1 0.0029296875
3 0.1552734375 0.716796875 0.2021484375 0.732421875 0.2890625 0.7373046875 0.3203125 0.7294921875 0.3203125 0.7216796875 0.2900390625 0.69140625 0.2470703125 0.6796875 0.2119140625 0.662109375 0.1796875 0.6201171875 0.1416015625 0.58984375 0.1220703125 0.5859375 0.099609375 0.6005859375 0.091796875 0.6201171875 0.091796875 0.6494140625 0.103515625 0.6787109375 0.1220703125 0.697265625 0.1552734375 0.716796875