3 0.3076171875 0.123046875 0.2900390625 0.130859375 0.263671875 0.1630859375 0.2529296875 0.22265625 0.26171875 0.2568359375 0.2880859375 0.287109375 0.3076171875 0.296875 0.3466796875 0.302734375 0.3779296875 0.287109375 0.404296875 0.2607421875 0.4140625 0.2197265625 0.412109375 0.1884765625 0.40625 0.1728515625 0.3603515625 0.12890625 0.3271484375 0.12109375 0.3076171875 0.123046875
3 0.052734375 0.1591796875 0.0498046875 0.216796875 0.0654296875 0.23828125 0.1025390625 0.25390625 0.1533203125 0.248046875 0.189453125 0.2236328125 0.20703125 0.1904296875 0.208984375 0.1708984375 0.19140625 0.1142578125 0.1669921875 0.080078125 0.1474609375 0.083984375 0.1162109375 0.072265625 0.099609375 0.0849609375 0.052734375 0.1591796875
3 0.2392578125 0.41015625 0.25390625 0.3974609375 0.255859375 0.3623046875 0.2314453125 0.337890625 0.2041015625 0.337890625 0.1796875 0.3603515625 0.1806640625 0.388671875 0.1923828125 0.4140625 0.2177734375 0.416015625 0.2392578125 0.41015625
3 0.0107421875 0 0 0.0009765625 0.0009765625 0.1875 0.03125 0.1591796875 0.060546875 0.1064453125 0.06640625 0.0791015625 0.056640625 0.0439453125 0.0107421875 0
3 0.0205078125 0.244140625 0.0009765625 0.236328125 0.0009765625 0.40625 0.03515625 0.3779296875 0.052734375 0.3349609375 0.052734375 0.2978515625 0.0390625 0.2646484375 0.0205078125 0.244140625
3 0.068359375 0.5791015625 0.0478515625 0.560546875 0.0087890625 0.546875 0 0.5478515625 0.0009765625 0.654296875 0.0517578125 0.658203125 0.06640625 0.6474609375 0.07421875 0.6220703125 0.068359375 0.5791015625
3 0.0185546875 0.541015625 0.0751953125 0.55859375 0.10546875 0.5322265625 0.111328125 0.5068359375 0.09765625 0.4775390625 0.0791015625 0.458984375 0.0439453125 0.455078125 0.0224609375 0.466796875 0.017578125 0.4814453125 0 0.4931640625 0.0009765625 0.529296875 0.0185546875 0.541015625
3 0.8037109375 0.10546875 0.828125 0.0849609375 0.841796875 0.0634765625 0.849609375 0.0009765625 0.7236328125 0 0.70703125 0.0341796875 0.7080078125 0.05859375 0.7265625 0.0927734375 0.7490234375 0.11328125 0.8037109375 0.10546875
3 0.595703125 0.0751953125 0.576171875 0.0908203125 0.5693359375 0.125 0.572265625 0.1474609375 0.5986328125 0.1796875 0.6142578125 0.185546875 0.7021484375 0.162109375 0.72265625 0.1376953125 0.72265625 0.1181640625 0.708984375 0.0771484375 0.6884765625 0.0546875 0.6552734375 0.048828125 0.6220703125 0.048828125 0.6044921875 0.05859375 0.595703125 0.0751953125
3 0.7490234375 0.205078125 0.7861328125 0.203125 0.810546875 0.1845703125 0.82421875 0.1552734375 0.822265625 0.1396484375 0.7998046875 0.119140625 0.7626953125 0.12890625 0.740234375 0.1435546875 0.7353515625 0.177734375 0.736328125 0.1884765625 0.7490234375 0.205078125
3 0.5283203125 0.435546875 0.5576171875 0.4453125 0.5869140625 0.443359375 0.6083984375 0.4296875 0.62890625 0.4033203125 0.626953125 0.3583984375 0.6005859375 0.333984375 0.5576171875 0.333984375 0.51953125 0.3701171875 0.509765625 0.3916015625 0.5107421875 0.408203125 0.5283203125 0.435546875
3 0.7529296875 0.658203125 0.775390625 0.6376953125 0.77734375 0.5927734375 0.7529296875 0.572265625 0.7236328125 0.57421875 0.69921875 0.5986328125 0.6943359375 0.625 0.703125 0.6455078125 0.7197265625 0.658203125 0.7529296875 0.658203125
3 0.2490234375 0.607421875 0.2119140625 0.625 0.19921875 0.6376953125 0.1943359375 0.66015625 0.228515625 0.7548828125 0.2470703125 0.767578125 0.2783203125 0.7734375 0.3427734375 0.771484375 0.388671875 0.7255859375 0.404296875 0.6962890625 0.3984375 0.6220703125 0.3779296875 0.599609375 0.3544921875 0.599609375 0.3349609375 0.609375 0.3134765625 0.599609375 0.2490234375 0.607421875
3 0.3271484375 0.873046875 0.3486328125 0.86328125 0.359375 0.8505859375 0.365234375 0.8134765625 0.3486328125 0.80078125 0.2900390625 0.798828125 0.2705078125 0.8046875 0.2578125 0.8251953125 0.2587890625 0.849609375 0.2802734375 0.873046875 0.3271484375 0.873046875
3 0.1533203125 1 0.1865234375 0.98828125 0.19921875 0.9736328125 0.21875 0.8994140625 0.21484375 0.8759765625 0.19921875 0.8486328125 0.1513671875 0.810546875 0.0810546875 0.8125 0.044921875 0.8408203125 0.0263671875 0.8828125 0.03125 0.9365234375 0.0390625 0.9580078125 0.0849609375 0.994140625 0.1044921875 1 0.1533203125 1
3 0.1669921875 0.62890625 0.181640625 0.6142578125 0.18359375 0.5947265625 0.1630859375 0.57421875 0.1337890625 0.572265625 0.11328125 0.5888671875 0.1123046875 0.60546875 0.1240234375 0.626953125 0.1494140625 0.634765625 0.1669921875 0.62890625
3 0.8583984375 0.748046875 0.8212890625 0.734375 0.7783203125 0.736328125 0.7490234375 0.74609375 0.720703125 0.7724609375 0.701171875 0.8017578125 0.6923828125 0.837890625 0.70703125 0.8837890625 0.7392578125 0.919921875 0.7841796875 0.94140625 0.8232421875 0.94921875 0.8623046875 0.94140625 0.8876953125 0.92578125 0.91015625 0.9033203125 0.912109375 0.8701171875 0.919921875 0.8525390625 0.916015625 0.8076171875 0.908203125 0.7939453125 0.8583984375 0.748046875
3 0.890625 0.7431640625 0.9541015625 0.787109375 0.9697265625 0.7890625 0.9755859375 0.78125 1 0.7744140625 0.9990234375 0.51953125 0.9541015625 0.544921875 0.9150390625 0.556640625 0.88671875 0.5751953125 0.87109375 0.6044921875 0.8681640625 0.701171875 0.890625 0.7431640625
3 1 0.4228515625 0.9365234375 0.38671875 0.9228515625 0.390625 0.8671875 0.4560546875 0.8623046875 0.49609375 0.8671875 0.5224609375 0.8857421875 0.541015625 0.9228515625 0.544921875 0.9541015625 0.53515625 1 0.5009765625 1 0.4228515625
3 0.9990234375 0.41015625 0.9990234375 0.255859375 0.953125 0.2685546875 0.935546875 0.2939453125 0.9306640625 0.3359375 0.939453125 0.3681640625 0.94921875 0.3818359375 0.9794921875 0.40625 0.9990234375 0.41015625
3 0.9677734375 0 0.955078125 0.0166015625 0.9453125 0.0439453125 0.921875 0.0751953125 0.8828125 0.1474609375 0.8818359375 0.171875 0.890625 0.2060546875 0.9091796875 0.216796875 0.9365234375 0.212890625 1 0.1806640625 0.9990234375 0 0.9677734375 0