3 0.2021484375 0.9921875 0.2197265625 0.982421875 0.232421875 0.9677734375 0.23828125 0.9443359375 0.23828125 0.9287109375 0.22265625 0.8974609375 0.1982421875 0.876953125 0.177734375 0.8701171875 0.1298828125 0.875 0.111328125 0.8896484375 0.103515625 0.9052734375 0.103515625 0.9248046875 0.119140625 0.9677734375 0.1396484375 0.98828125 0.1669921875 0.99609375 0.2021484375 0.9921875
3 0.1474609375 0.8046875 0.2294921875 0.80859375 0.2568359375 0.798828125 0.294921875 0.7392578125 0.291015625 0.6884765625 0.279296875 0.6669921875 0.2431640625 0.63671875 0.19921875 0.6220703125 0.1708984375 0.623046875 0.1259765625 0.642578125 0.091796875 0.6923828125 0.0859375 0.7353515625 0.091796875 0.7548828125 0.1279296875 0.79296875 0.1474609375 0.8046875
3 0.2265625 0.5595703125 0.2431640625 0.59765625 0.2666015625 0.6171875 0.3017578125 0.62890625 0.33984375 0.5908203125 0.33984375 0.5595703125 0.3291015625 0.541015625 0.291015625 0.5244140625 0.2607421875 0.525390625 0.2373046875 0.53515625 0.228515625 0.5439453125 0.2265625 0.5595703125
3 0.1826171875 0.4921875 0.2431640625 0.46875 0.2607421875 0.453125 0.30078125 0.3857421875 0.302734375 0.3564453125 0.275390625 0.3017578125 0.2509765625 0.283203125 0.224609375 0.2763671875 0.1845703125 0.27734375 0.1298828125 0.296875 0.099609375 0.3232421875 0.08203125 0.3701171875 0.083984375 0.4208984375 0.1015625 0.4501953125 0.1162109375 0.462890625 0.1572265625 0.474609375 0.1826171875 0.4921875
3 0.0390625 0.4541015625 0.001953125 0.4013671875 0.0009765625 0.595703125 0.015625 0.5595703125 0.03515625 0.5341796875 0.04296875 0.5029296875 0.0390625 0.4541015625
3 0 0.2021484375 0.0224609375 0.220703125 0.0556640625 0.232421875 0.0849609375 0.228515625 0.1220703125 0.2109375 0.142578125 0.1767578125 0.14453125 0.1611328125 0.130859375 0.1005859375 0.1025390625 0.076171875 0.0625 0.0673828125 0.0478515625 0.06640625 0.0224609375 0.078125 0 0.1005859375 0 0.2021484375
3 0.3408203125 0.169921875 0.3779296875 0.177734375 0.3974609375 0.173828125 0.4296875 0.1396484375 0.435546875 0.1181640625 0.43359375 0.0927734375 0.4072265625 0.060546875 0.388671875 0.0556640625 0.3642578125 0.056640625 0.3408203125 0.06640625 0.31640625 0.1005859375 0.314453125 0.1396484375 0.3408203125 0.169921875
3 0.6162109375 0.201171875 0.6513671875 0.1953125 0.69140625 0.1552734375 0.716796875 0.0947265625 0.701171875 0.0673828125 0.6904296875 0.060546875 0.6318359375 0.0390625 0.591796875 0.0322265625 0.5576171875 0.03515625 0.5234375 0.0576171875 0.509765625 0.0888671875 0.515625 0.1396484375 0.5458984375 0.1796875 0.5771484375 0.197265625 0.6162109375 0.201171875
3 0.7099609375 0.025390625 0.7265625 0.0009765625 0.5751953125 0 0.57421875 0.0048828125 0.6064453125 0.025390625 0.6728515625 0.04296875 0.7099609375 0.025390625
3 0.8779296875 0.5 0.9169921875 0.48046875 0.947265625 0.4501953125 0.9609375 0.4130859375 0.94921875 0.3583984375 0.9208984375 0.328125 0.8896484375 0.3125 0.85546875 0.3095703125 0.8173828125 0.314453125 0.7939453125 0.326171875 0.763671875 0.3544921875 0.744140625 0.3994140625 0.74609375 0.4306640625 0.763671875 0.4658203125 0.8017578125 0.494140625 0.8408203125 0.50390625 0.8779296875 0.5
3 1 0.0693359375 0.984375 0.0673828125 0.9541015625 0.0703125 0.9189453125 0.09375 0.8984375 0.1181640625 0.884765625 0.1591796875 0.88671875 0.1962890625 0.91015625 0.2373046875 0.9365234375 0.259765625 0.9736328125 0.26953125 1 0.2666015625 1 0.0693359375
3 1 0.5712890625 0.9677734375 0.546875 0.9296875 0.5380859375 0.8857421875 0.541015625 0.8388671875 0.560546875 0.798828125 0.5986328125 0.779296875 0.6416015625 0.779296875 0.6923828125 0.802734375 0.7314453125 0.8427734375 0.76171875 0.8759765625 0.7734375 0.9501953125 0.771484375 1 0.7529296875 1 0.5712890625
3 0.8115234375 1 0.845703125 0.9423828125 0.84765625 0.9267578125 0.83984375 0.9033203125 0.8095703125 0.86328125 0.7724609375 0.841796875 0.7421875 0.8369140625 0.7001953125 0.84375 0.666015625 0.8701171875 0.650390625 0.9013671875 0.654296875 0.9541015625 0.66796875 0.9794921875 0.6943359375 1 0.8115234375 1
3 0.482421875 0.9599609375 0.4521484375 0.958984375 0.4169921875 0.970703125 0.40625 0.9794921875 0.400390625 0.9990234375 0.537109375 0.9990234375 0.5107421875 0.970703125 0.482421875 0.9599609375