3 0.595703125 0.3232421875 0.59375 0.3681640625 0.599609375 0.3955078125 0.6123046875 0.41015625 0.6474609375 0.439453125 0.689453125 0.4521484375 0.7314453125 0.447265625 0.7578125 0.4267578125 0.802734375 0.3623046875 0.8046875 0.3212890625 0.7890625 0.2939453125 0.7724609375 0.279296875 0.7021484375 0.2421875 0.6669921875 0.23828125 0.6416015625 0.248046875 0.625 0.2646484375 0.607421875 0.3095703125 0.595703125 0.3232421875
3 0.75 0.4638671875 0.75 0.4814453125 0.763671875 0.5244140625 0.7890625 0.5439453125 0.8095703125 0.5703125 0.845703125 0.5810546875 0.9052734375 0.56640625 0.92578125 0.5498046875 0.94140625 0.5224609375 0.9453125 0.4775390625 0.92578125 0.4189453125 0.9072265625 0.396484375 0.8408203125 0.376953125 0.8076171875 0.388671875 0.77734375 0.4189453125 0.75 0.4638671875
3 0.966796875 0.6240234375 0.9443359375 0.59765625 0.8994140625 0.6015625 0.87109375 0.6279296875 0.873046875 0.6767578125 0.904296875 0.6943359375 0.9384765625 0.689453125 0.966796875 0.6552734375 0.966796875 0.6240234375
3 0.59765625 0.5908203125 0.59765625 0.6240234375 0.61328125 0.6669921875 0.6396484375 0.6953125 0.6728515625 0.71484375 0.705078125 0.7216796875 0.7373046875 0.72265625 0.7802734375 0.70703125 0.8046875 0.6826171875 0.822265625 0.6533203125 0.82421875 0.6123046875 0.7333984375 0.513671875 0.6748046875 0.50390625 0.6513671875 0.51171875 0.623046875 0.5419921875 0.59765625 0.5908203125
3 0.5283203125 0.71484375 0.4921875 0.7431640625 0.4921875 0.7724609375 0.49609375 0.7880859375 0.5126953125 0.810546875 0.5390625 0.8173828125 0.57421875 0.8076171875 0.5859375 0.7861328125 0.5859375 0.7607421875 0.57421875 0.7392578125 0.5595703125 0.732421875 0.5498046875 0.716796875 0.5283203125 0.71484375
3 0.998046875 0.9482421875 0.9892578125 0.9375 0.9697265625 0.9296875 0.94140625 0.9443359375 0.93359375 0.9794921875 0.943359375 0.9990234375 0.998046875 0.9990234375 0.998046875 0.9482421875
3 0.16796875 0.8505859375 0.16796875 0.8779296875 0.1875 0.9013671875 0.189453125 0.9228515625 0.2333984375 0.923828125 0.24609375 0.9326171875 0.2919921875 0.923828125 0.3046875 0.8974609375 0.310546875 0.8623046875 0.306640625 0.8349609375 0.29296875 0.8134765625 0.2763671875 0.802734375 0.2197265625 0.802734375 0.2001953125 0.80859375 0.18359375 0.8212890625 0.16796875 0.8505859375
3 0.1083984375 0.56640625 0.076171875 0.5908203125 0.06640625 0.6123046875 0.060546875 0.6474609375 0.080078125 0.6943359375 0.126953125 0.7236328125 0.1806640625 0.71875 0.2001953125 0.7109375 0.21875 0.6943359375 0.232421875 0.6708984375 0.23828125 0.6279296875 0.228515625 0.5908203125 0.2001953125 0.556640625 0.1884765625 0.55078125 0.1455078125 0.55078125 0.1083984375 0.56640625
3 0 0.4736328125 0.083984375 0.5205078125 0.1123046875 0.51953125 0.16015625 0.4833984375 0.1875 0.4365234375 0.19921875 0.4013671875 0.19921875 0.3701171875 0.185546875 0.3271484375 0.1669921875 0.30859375 0.1376953125 0.296875 0.0908203125 0.296875 0.0771484375 0.302734375 0.0244140625 0.341796875 0 0.3701171875 0 0.4736328125
3 0.4697265625 0.26171875 0.4306640625 0.2421875 0.412109375 0.2861328125 0.412109375 0.3037109375 0.4267578125 0.318359375 0.439453125 0.3212890625 0.4794921875 0.314453125 0.484375 0.3095703125 0.484375 0.2861328125 0.4697265625 0.26171875
3 0.537109375 0.0439453125 0.52734375 0.0732421875 0.525390625 0.1064453125 0.5458984375 0.138671875 0.5732421875 0.154296875 0.60546875 0.1630859375 0.6318359375 0.1640625 0.6611328125 0.150390625 0.67578125 0.1357421875 0.68359375 0.1103515625 0.669921875 0.0576171875 0.658203125 0.0400390625 0.6298828125 0.015625 0.5908203125 0.013671875 0.5595703125 0.0234375 0.537109375 0.0439453125
3 0.7138671875 0.0234375 0.6923828125 0.037109375 0.685546875 0.0498046875 0.6953125 0.0888671875 0.7138671875 0.111328125 0.734375 0.1220703125 0.7626953125 0.119140625 0.787109375 0.0888671875 0.787109375 0.0537109375 0.775390625 0.0322265625 0.7646484375 0.025390625 0.7138671875 0.0234375
3 0.841796875 0.1650390625 0.841796875 0.2080078125 0.86328125 0.2587890625 0.8896484375 0.29296875 0.9306640625 0.318359375 0.96875 0.3291015625 0.9951171875 0.330078125 0.998046875 0.3251953125 0.998046875 0.1298828125 0.9931640625 0.12109375 0.9560546875 0.10546875 0.9013671875 0.103515625 0.8662109375 0.123046875 0.853515625 0.1396484375 0.841796875 0.1650390625
3 0 0.1201171875 0.0302734375 0.12109375 0.068359375 0.0908203125 0.080078125 0.0498046875 0.0791015625 0.00390625 0 0.0029296875 0 0.1201171875
3 0 0.2529296875 0.0234375 0.2353515625 0.03515625 0.2099609375 0.03125 0.1728515625 0.0029296875 0.14453125 0 0.2529296875