3 0.52734375 0.9814453125 0.5341796875 1 0.66015625 0.9990234375 0.6796875 0.9501953125 0.677734375 0.9052734375 0.666015625 0.8759765625 0.6494140625 0.857421875 0.62109375 0.8486328125 0.6064453125 0.84765625 0.5771484375 0.859375 0.55078125 0.8837890625 0.53515625 0.9130859375 0.52734375 0.9521484375 0.52734375 0.9814453125
3 0.8056640625 0.912109375 0.7705078125 0.935546875 0.7109375 0.9990234375 0.9169921875 1 0.91796875 0.9697265625 0.90625 0.9404296875 0.8798828125 0.912109375 0.8671875 0.9072265625 0.8193359375 0.90625 0.8056640625 0.912109375
3 0.8271484375 0.703125 0.8525390625 0.71484375 0.8876953125 0.71484375 0.9150390625 0.701171875 0.943359375 0.6533203125 0.94140625 0.6142578125 0.927734375 0.5849609375 0.884765625 0.5595703125 0.8623046875 0.55859375 0.8271484375 0.57421875 0.80078125 0.6025390625 0.7890625 0.6279296875 0.7890625 0.6494140625 0.8046875 0.6806640625 0.8271484375 0.703125
3 0.771484375 0.4970703125 0.771484375 0.5224609375 0.7939453125 0.54296875 0.8291015625 0.54296875 0.845703125 0.5302734375 0.85546875 0.5126953125 0.8515625 0.4873046875 0.82421875 0.4638671875 0.8095703125 0.462890625 0.7939453125 0.470703125 0.771484375 0.4970703125
3 1 0.3916015625 0.9794921875 0.376953125 0.94140625 0.3681640625 0.8916015625 0.37109375 0.875 0.3876953125 0.865234375 0.4091796875 0.8671875 0.4658203125 0.8994140625 0.498046875 0.9580078125 0.501953125 0.9794921875 0.4921875 1 0.4716796875 1 0.3916015625
3 0.8330078125 0.333984375 0.82421875 0.3466796875 0.826171875 0.3623046875 0.8427734375 0.373046875 0.8544921875 0.37109375 0.86328125 0.3603515625 0.859375 0.3408203125 0.849609375 0.3330078125 0.8330078125 0.333984375
3 1 0.2158203125 0.990234375 0.2138671875 0.9521484375 0.21484375 0.90234375 0.2529296875 0.89453125 0.2705078125 0.89453125 0.2998046875 0.9189453125 0.341796875 0.9521484375 0.349609375 0.9912109375 0.349609375 1 0.3447265625 1 0.2158203125
3 0.458984375 0.0224609375 0.458984375 0.0009765625 0.4052734375 0 0.408203125 0.0302734375 0.4228515625 0.041015625 0.4443359375 0.0390625 0.458984375 0.0224609375
3 0.02734375 0.4365234375 0.0537109375 0.466796875 0.0927734375 0.46484375 0.1103515625 0.455078125 0.119140625 0.4423828125 0.119140625 0.4111328125 0.0791015625 0.375 0.05859375 0.3681640625 0.0458984375 0.369140625 0.029296875 0.3935546875 0.02734375 0.4365234375
3 0.599609375 0.5986328125 0.5888671875 0.599609375 0.580078125 0.6142578125 0.5849609375 0.638671875 0.6083984375 0.638671875 0.6171875 0.6298828125 0.615234375 0.6123046875 0.599609375 0.5986328125
3 0.08984375 0.3583984375 0.1396484375 0.400390625 0.1650390625 0.3984375 0.1904296875 0.3828125 0.220703125 0.3271484375 0.220703125 0.3134765625 0.205078125 0.2822265625 0.16796875 0.2529296875 0.1552734375 0.251953125 0.1416015625 0.263671875 0.1259765625 0.265625 0.1142578125 0.28125 0.087890625 0.2978515625 0.08203125 0.3095703125 0.08203125 0.3349609375 0.08984375 0.3583984375