3 0.416015625 0.7763671875 0.40625 0.8017578125 0.40625 0.8310546875 0.419921875 0.8740234375 0.4462890625 0.90234375 0.4775390625 0.919921875 0.501953125 0.9208984375 0.5458984375 0.8984375 0.5859375 0.8623046875 0.595703125 0.8427734375 0.595703125 0.8115234375 0.5859375 0.7841796875 0.5556640625 0.75 0.5185546875 0.73046875 0.4853515625 0.728515625 0.4541015625 0.7421875 0.416015625 0.7763671875
3 0 0.8544921875 0.072265625 0.8544921875 0.0859375 0.8447265625 0.1015625 0.8076171875 0.1142578125 0.8046875 0.12109375 0.7939453125 0.138671875 0.7060546875 0.13671875 0.6689453125 0.125 0.6416015625 0.0849609375 0.6015625 0.0498046875 0.583984375 0.0048828125 0.576171875 0 0.5791015625 0 0.8544921875
3 0.087890625 0.4541015625 0.080078125 0.4892578125 0.087890625 0.5263671875 0.1142578125 0.55859375 0.1416015625 0.5703125 0.1640625 0.5693359375 0.1884765625 0.556640625 0.208984375 0.5341796875 0.21875 0.5048828125 0.216796875 0.4677734375 0.212890625 0.4560546875 0.1904296875 0.4375 0.1689453125 0.427734375 0.1376953125 0.427734375 0.0986328125 0.443359375 0.087890625 0.4541015625
3 0 0.5458984375 0.044921875 0.5478515625 0.068359375 0.5341796875 0.068359375 0.4892578125 0.0439453125 0.455078125 0.0146484375 0.455078125 0 0.4677734375 0 0.5458984375
3 0.166015625 0.7548828125 0.14453125 0.7705078125 0.1328125 0.7900390625 0.1328125 0.8056640625 0.1611328125 0.853515625 0.2265625 0.8583984375 0.26171875 0.8388671875 0.279296875 0.8095703125 0.283203125 0.7822265625 0.267578125 0.7646484375 0.251953125 0.7197265625 0.2255859375 0.697265625 0.2080078125 0.693359375 0.1845703125 0.70703125 0.1640625 0.7294921875 0.166015625 0.7548828125
3 0.107421875 0.9091796875 0.0771484375 0.87890625 0.0009765625 0.8671875 0 0.9990234375 0.068359375 0.9990234375 0.111328125 0.9541015625 0.11328125 0.9248046875 0.107421875 0.9091796875
3 0.3369140625 0.955078125 0.3154296875 0.962890625 0.30078125 0.9736328125 0.2890625 0.9990234375 0.41796875 0.9990234375 0.4013671875 0.974609375 0.3603515625 0.955078125 0.3369140625 0.955078125
3 0.630859375 0.9990234375 0.640625 0.9697265625 0.638671875 0.9365234375 0.6279296875 0.919921875 0.5986328125 0.8984375 0.5673828125 0.8984375 0.525390625 0.9267578125 0.521484375 0.9599609375 0.5322265625 0.982421875 0.5595703125 1 0.630859375 0.9990234375
3 0.662109375 0.9208984375 0.6962890625 0.96484375 0.7255859375 0.9765625 0.74609375 0.9775390625 0.7666015625 0.974609375 0.78515625 0.9599609375 0.798828125 0.9208984375 0.79296875 0.8876953125 0.783203125 0.8681640625 0.7509765625 0.84375 0.6884765625 0.84375 0.666015625 0.8603515625 0.65625 0.8779296875 0.662109375 0.9208984375
3 0.67578125 0.2548828125 0.7041015625 0.28515625 0.7255859375 0.29296875 0.748046875 0.2919921875 0.7783203125 0.283203125 0.802734375 0.2568359375 0.802734375 0.1982421875 0.7861328125 0.17578125 0.7509765625 0.158203125 0.6982421875 0.1640625 0.685546875 0.1748046875 0.669921875 0.2060546875 0.669921875 0.2392578125 0.67578125 0.2548828125
3 1 0.3369140625 0.9912109375 0.3359375 0.9658203125 0.34375 0.93359375 0.3681640625 0.921875 0.3876953125 0.919921875 0.4326171875 0.9296875 0.4560546875 0.9541015625 0.482421875 0.9794921875 0.49609375 1 0.4990234375 1 0.3369140625
3 1 0.1591796875 0.9736328125 0.142578125 0.9482421875 0.142578125 0.91015625 0.1748046875 0.90234375 0.1923828125 0.90234375 0.2158203125 0.908203125 0.2314453125 0.9228515625 0.244140625 0.97265625 0.2548828125 0.990234375 0.2431640625 1 0.2255859375 1 0.1591796875
3 0.8115234375 0.13671875 0.83984375 0.1435546875 0.8779296875 0.134765625 0.90625 0.1083984375 0.912109375 0.0771484375 0.8974609375 0.05859375 0.8330078125 0.048828125 0.8154296875 0.048828125 0.796875 0.0576171875 0.78515625 0.0791015625 0.791015625 0.1123046875 0.8115234375 0.13671875
3 0.451171875 0.0009765625 0.4794921875 0.033203125 0.51171875 0.0400390625 0.5498046875 0.02734375 0.55859375 0.0185546875 0.5625 0.0009765625 0.451171875 0.0009765625
3 0.787109375 0.0009765625 0.796875 0.0224609375 0.8173828125 0.03515625 0.8544921875 0.04296875 0.912109375 0.0439453125 0.9541015625 0.029296875 0.98046875 0.0009765625 0.787109375 0.0009765625