3 1 0.6181640625 0.9765625 0.6181640625 0.9443359375 0.62890625 0.9189453125 0.6484375 0.904296875 0.6669921875 0.890625 0.7041015625 0.890625 0.7373046875 0.90234375 0.7685546875 0.9287109375 0.796875 0.9697265625 0.810546875 1 0.8056640625 1 0.6181640625
3 0.876953125 0.3486328125 0.8447265625 0.361328125 0.810546875 0.3955078125 0.8046875 0.4091796875 0.8046875 0.4521484375 0.8125 0.4697265625 0.8271484375 0.484375 0.8544921875 0.498046875 0.8837890625 0.498046875 0.9130859375 0.482421875 0.9296875 0.4677734375 0.947265625 0.4248046875 0.939453125 0.3720703125 0.9091796875 0.349609375 0.876953125 0.3486328125
3 0.482421875 0.1708984375 0.4580078125 0.1875 0.4453125 0.2041015625 0.431640625 0.2353515625 0.431640625 0.2626953125 0.44140625 0.2939453125 0.4560546875 0.310546875 0.4755859375 0.3203125 0.5048828125 0.32421875 0.5380859375 0.30078125 0.576171875 0.2568359375 0.583984375 0.2216796875 0.576171875 0.2041015625 0.5439453125 0.177734375 0.5185546875 0.169921875 0.482421875 0.1708984375
3 0.99609375 0.3466796875 0.97265625 0.3662109375 0.962890625 0.3955078125 0.96484375 0.4267578125 0.9873046875 0.447265625 1 0.4462890625 0.99609375 0.3466796875
3 0.58203125 0.4423828125 0.5693359375 0.4453125 0.546875 0.4677734375 0.533203125 0.4951171875 0.53515625 0.5341796875 0.5517578125 0.55078125 0.5849609375 0.55078125 0.62109375 0.5244140625 0.626953125 0.4970703125 0.623046875 0.4580078125 0.6083984375 0.4453125 0.58203125 0.4423828125
3 0.169921875 0.0009765625 0.171875 0.0830078125 0.1806640625 0.09375 0.2177734375 0.111328125 0.2529296875 0.123046875 0.2880859375 0.119140625 0.3212890625 0.095703125 0.333984375 0.0771484375 0.345703125 0.0263671875 0.3427734375 0 0.169921875 0.0009765625
3 0.0859375 0.0048828125 0.0556640625 0.017578125 0 0.0693359375 0.0009765625 0.328125 0.0634765625 0.310546875 0.1513671875 0.25 0.197265625 0.2099609375 0.21875 0.1669921875 0.21875 0.1513671875 0.20703125 0.1259765625 0.1640625 0.0908203125 0.162109375 0.0458984375 0.146484375 0.0146484375 0.1259765625 0.00390625 0.0859375 0.0048828125
3 0.185546875 0.8369140625 0.1689453125 0.841796875 0.15234375 0.8603515625 0.1484375 0.8857421875 0.154296875 0.8994140625 0.1689453125 0.91015625 0.2041015625 0.912109375 0.22265625 0.8974609375 0.23046875 0.8740234375 0.2265625 0.8603515625 0.2099609375 0.841796875 0.185546875 0.8369140625
3 0.025390625 0.8603515625 0 0.8798828125 0.0009765625 0.953125 0.0283203125 0.955078125 0.0458984375 0.9453125 0.0625 0.9267578125 0.0703125 0.9072265625 0.0703125 0.8896484375 0.060546875 0.8759765625 0.0361328125 0.859375 0.025390625 0.8603515625
3 0.06640625 0.7919921875 0.05078125 0.8037109375 0.052734375 0.8330078125 0.0830078125 0.837890625 0.0966796875 0.83203125 0.10546875 0.8154296875 0.103515625 0.8037109375 0.0888671875 0.791015625 0.06640625 0.7919921875
3 0.51171875 0.8603515625 0.494140625 0.8740234375 0.490234375 0.8994140625 0.5009765625 0.908203125 0.5322265625 0.90625 0.541015625 0.8955078125 0.54296875 0.8779296875 0.5322265625 0.86328125 0.51171875 0.8603515625
3 0.322265625 0.5009765625 0.2919921875 0.51953125 0.2734375 0.5458984375 0.2734375 0.5732421875 0.2978515625 0.595703125 0.3291015625 0.59375 0.3505859375 0.580078125 0.361328125 0.5634765625 0.35546875 0.5224609375 0.3369140625 0.501953125 0.322265625 0.5009765625
3 0.361328125 0.0009765625 0.361328125 0.0576171875 0.3857421875 0.076171875 0.4111328125 0.080078125 0.4326171875 0.080078125 0.4755859375 0.0625 0.5244140625 0.025390625 0.541015625 0.0009765625 0.361328125 0.0009765625