3 0.5390625 0.1533203125 0.5390625 0.1884765625 0.546875 0.2138671875 0.572265625 0.2490234375 0.6044921875 0.265625 0.642578125 0.2646484375 0.6748046875 0.259765625 0.6982421875 0.248046875 0.712890625 0.2314453125 0.75390625 0.1181640625 0.751953125 0.0947265625 0.7373046875 0.0703125 0.6982421875 0.044921875 0.6630859375 0.03515625 0.6162109375 0.04296875 0.5693359375 0.0703125 0.546875 0.1064453125 0.5390625 0.1533203125
3 0.478515625 0.1630859375 0.49609375 0.1513671875 0.50390625 0.1337890625 0.501953125 0.0751953125 0.494140625 0.0576171875 0.4541015625 0.017578125 0.4052734375 0.017578125 0.37890625 0.0380859375 0.365234375 0.0654296875 0.365234375 0.0966796875 0.380859375 0.1318359375 0.4150390625 0.16015625 0.478515625 0.1630859375
3 0.4794921875 0.34375 0.4619140625 0.333984375 0.4208984375 0.33203125 0.390625 0.3642578125 0.388671875 0.3916015625 0.4072265625 0.41796875 0.44140625 0.4189453125 0.484375 0.3994140625 0.490234375 0.3603515625 0.4794921875 0.34375
3 0.2001953125 0.279296875 0.185546875 0.2900390625 0.185546875 0.3212890625 0.1962890625 0.333984375 0.22265625 0.3349609375 0.23828125 0.3193359375 0.236328125 0.2939453125 0.2177734375 0.27734375 0.2001953125 0.279296875
3 0.0908203125 0.3828125 0.07421875 0.4033203125 0.078125 0.4345703125 0.0927734375 0.44921875 0.12109375 0.4501953125 0.142578125 0.4228515625 0.140625 0.4052734375 0.1240234375 0.3828125 0.0908203125 0.3828125
3 0.0908203125 0.767578125 0.083984375 0.7861328125 0.091796875 0.8115234375 0.1162109375 0.82421875 0.12890625 0.8232421875 0.146484375 0.8154296875 0.1484375 0.7744140625 0.1279296875 0.7578125 0.0908203125 0.767578125
3 0.16015625 0.1279296875 0.173828125 0.0966796875 0.16796875 0.0341796875 0.1513671875 0.017578125 0.0693359375 0.00390625 0.052734375 0.0380859375 0.052734375 0.0986328125 0.0693359375 0.12109375 0.0908203125 0.134765625 0.1162109375 0.14453125 0.134765625 0.1435546875 0.16015625 0.1279296875
3 0.732421875 0.2626953125 0.7490234375 0.283203125 0.7802734375 0.298828125 0.8486328125 0.35546875 0.880859375 0.3603515625 0.8935546875 0.357421875 0.931640625 0.3154296875 0.9375 0.2294921875 0.9296875 0.1962890625 0.90625 0.1572265625 0.8798828125 0.140625 0.8623046875 0.134765625 0.7822265625 0.1328125 0.7490234375 0.15625 0.73828125 0.1708984375 0.728515625 0.2138671875 0.732421875 0.2626953125
3 0.6376953125 0.287109375 0.6005859375 0.302734375 0.5703125 0.3369140625 0.556640625 0.3818359375 0.560546875 0.4462890625 0.58203125 0.4892578125 0.6220703125 0.53515625 0.6630859375 0.564453125 0.7138671875 0.5859375 0.765625 0.5908203125 0.7900390625 0.58984375 0.8173828125 0.580078125 0.8486328125 0.5625 0.869140625 0.5400390625 0.88671875 0.4892578125 0.884765625 0.4423828125 0.875 0.4052734375 0.8466796875 0.37109375 0.7802734375 0.33203125 0.7294921875 0.2890625 0.6826171875 0.279296875 0.6376953125 0.287109375
3 0.7939453125 0.8515625 0.814453125 0.8505859375 0.8388671875 0.841796875 0.859375 0.8251953125 0.869140625 0.8076171875 0.87109375 0.7763671875 0.8232421875 0.724609375 0.8056640625 0.720703125 0.75 0.7470703125 0.73828125 0.7705078125 0.73828125 0.8017578125 0.744140625 0.8173828125 0.7646484375 0.837890625 0.7939453125 0.8515625
3 0.982421875 0.6103515625 0.966796875 0.5849609375 0.96484375 0.5556640625 0.9521484375 0.55078125 0.90625 0.5712890625 0.90234375 0.6396484375 0.904296875 0.6474609375 0.9384765625 0.67578125 0.955078125 0.6767578125 0.978515625 0.6494140625 0.982421875 0.6103515625
3 0.26171875 0.9150390625 0.271484375 0.9482421875 0.2939453125 0.9765625 0.3154296875 0.990234375 0.3515625 0.9912109375 0.3759765625 0.982421875 0.408203125 0.9599609375 0.427734375 0.9248046875 0.427734375 0.8896484375 0.41796875 0.8681640625 0.3876953125 0.8359375 0.3544921875 0.82421875 0.3310546875 0.82421875 0.2978515625 0.8359375 0.27734375 0.8544921875 0.263671875 0.8818359375 0.26171875 0.9150390625
3 0.0439453125 0.904296875 0.01953125 0.9248046875 0.017578125 0.9482421875 0.0380859375 0.9765625 0.068359375 0.9794921875 0.08984375 0.9658203125 0.091796875 0.9345703125 0.0771484375 0.91015625 0.0439453125 0.904296875
3 0.609375 0.9326171875 0.599609375 0.9091796875 0.5791015625 0.88671875 0.5478515625 0.876953125 0.5166015625 0.876953125 0.4912109375 0.884765625 0.466796875 0.9033203125 0.4453125 0.9599609375 0.447265625 0.9775390625 0.4599609375 1 0.611328125 0.9990234375 0.609375 0.9326171875
3 0.818359375 0.9443359375 0.81640625 0.9267578125 0.8046875 0.9052734375 0.7724609375 0.87890625 0.7412109375 0.865234375 0.7041015625 0.8671875 0.6474609375 0.88671875 0.634765625 0.9033203125 0.623046875 0.9384765625 0.6259765625 1 0.8046875 0.9990234375 0.818359375 0.9443359375
3 0.8359375 0.9794921875 0.826171875 0.9990234375 0.978515625 0.9990234375 0.9599609375 0.97265625 0.9189453125 0.94921875 0.8818359375 0.94921875 0.8564453125 0.958984375 0.8359375 0.9794921875
3 0.8603515625 0.876953125 0.84765625 0.8916015625 0.84765625 0.9072265625 0.8544921875 0.9140625 0.876953125 0.9169921875 0.89453125 0.9072265625 0.89453125 0.8876953125 0.8818359375 0.876953125 0.8603515625 0.876953125