3 0 0.7001953125 0.033203125 0.7548828125 0.0634765625 0.779296875 0.1181640625 0.779296875 0.1591796875 0.759765625 0.197265625 0.7197265625 0.212890625 0.6748046875 0.2109375 0.6240234375 0.1875 0.5712890625 0.1376953125 0.533203125 0.099609375 0.5302734375 0.0380859375 0.55078125 0 0.5791015625 0 0.7001953125
3 0.28515625 0.7783203125 0.2666015625 0.76171875 0.2451171875 0.751953125 0.224609375 0.7509765625 0.2080078125 0.755859375 0.17578125 0.7822265625 0.166015625 0.8330078125 0.1923828125 0.875 0.2138671875 0.888671875 0.2451171875 0.89453125 0.271484375 0.8740234375 0.28515625 0.8486328125 0.291015625 0.7998046875 0.28515625 0.7783203125
3 0 0.9951171875 0.1982421875 0.99609375 0.208984375 0.9638671875 0.205078125 0.9248046875 0.162109375 0.8505859375 0.1416015625 0.828125 0.1123046875 0.81640625 0.064453125 0.8173828125 0.025390625 0.8486328125 0 0.8955078125 0 0.9951171875
3 0.24609375 0.9951171875 0.3232421875 0.998046875 0.32421875 0.9716796875 0.3056640625 0.955078125 0.28515625 0.9521484375 0.2724609375 0.953125 0.2578125 0.9638671875 0.24609375 0.9951171875
3 0.36328125 0.7392578125 0.3857421875 0.759765625 0.4111328125 0.759765625 0.4296875 0.7490234375 0.4375 0.7177734375 0.4189453125 0.69140625 0.390625 0.6884765625 0.3671875 0.7041015625 0.36328125 0.7392578125
3 0.671875 0.8662109375 0.6533203125 0.84765625 0.61328125 0.8408203125 0.5673828125 0.845703125 0.552734375 0.8544921875 0.548828125 0.9384765625 0.5791015625 0.974609375 0.6279296875 0.984375 0.6552734375 0.97265625 0.671875 0.9482421875 0.681640625 0.9248046875 0.681640625 0.8876953125 0.671875 0.8662109375
3 0.6611328125 0.626953125 0.615234375 0.6259765625 0.5830078125 0.64453125 0.564453125 0.6728515625 0.5703125 0.7177734375 0.6025390625 0.759765625 0.6279296875 0.765625 0.6748046875 0.76171875 0.705078125 0.7333984375 0.7109375 0.6787109375 0.689453125 0.6474609375 0.6611328125 0.626953125
3 0.64453125 0.4521484375 0.6259765625 0.458984375 0.6015625 0.4912109375 0.603515625 0.5400390625 0.6240234375 0.564453125 0.6552734375 0.580078125 0.6943359375 0.576171875 0.716796875 0.5498046875 0.71484375 0.5009765625 0.6787109375 0.45703125 0.64453125 0.4521484375
3 0.939453125 0.5830078125 0.9453125 0.5615234375 0.9375 0.5263671875 0.919921875 0.5009765625 0.9091796875 0.4921875 0.8828125 0.4873046875 0.8330078125 0.51171875 0.8193359375 0.51171875 0.806640625 0.5380859375 0.806640625 0.5537109375 0.81640625 0.5615234375 0.818359375 0.5986328125 0.8564453125 0.62109375 0.9033203125 0.6171875 0.9208984375 0.607421875 0.939453125 0.5830078125
3 0.99609375 0.6513671875 0.9716796875 0.638671875 0.943359375 0.6396484375 0.8779296875 0.6640625 0.859375 0.6826171875 0.8515625 0.7080078125 0.853515625 0.7373046875 0.8779296875 0.76171875 0.9130859375 0.759765625 0.9482421875 0.74609375 0.9931640625 0.7421875 0.998046875 0.7373046875 0.99609375 0.6513671875
3 0.984375 0.0771484375 0.9462890625 0.095703125 0.904296875 0.1337890625 0.884765625 0.1630859375 0.884765625 0.1982421875 0.900390625 0.2353515625 0.9306640625 0.25 0.9873046875 0.251953125 0.998046875 0.2431640625 0.998046875 0.0810546875 0.984375 0.0771484375
3 0.794921875 0.1904296875 0.7724609375 0.201171875 0.759765625 0.2158203125 0.75390625 0.2548828125 0.76171875 0.2724609375 0.7939453125 0.3046875 0.8271484375 0.306640625 0.859375 0.2822265625 0.861328125 0.2275390625 0.8369140625 0.1953125 0.794921875 0.1904296875
3 0.96484375 0.0361328125 0.9541015625 0 0.76953125 0.0009765625 0.744140625 0.0673828125 0.7421875 0.0966796875 0.748046875 0.1142578125 0.7666015625 0.13671875 0.8056640625 0.154296875 0.8525390625 0.154296875 0.8935546875 0.1328125 0.94140625 0.0927734375 0.962890625 0.0556640625 0.96484375 0.0361328125
3 0.587890625 0.0009765625 0.578125 0.0498046875 0.5859375 0.1064453125 0.5986328125 0.119140625 0.6240234375 0.125 0.6552734375 0.119140625 0.7041015625 0.091796875 0.74609375 0.0439453125 0.7578125 0.0087890625 0.7568359375 0 0.587890625 0.0009765625
3 0.4501953125 0.138671875 0.5205078125 0.146484375 0.564453125 0.0966796875 0.5810546875 0 0.37109375 0.0009765625 0.36328125 0.0498046875 0.37109375 0.0830078125 0.4501953125 0.138671875
3 0.546875 0.2998046875 0.560546875 0.2646484375 0.5625 0.2373046875 0.546875 0.2021484375 0.5361328125 0.19140625 0.5224609375 0.185546875 0.486328125 0.1865234375 0.4697265625 0.193359375 0.443359375 0.2255859375 0.427734375 0.2666015625 0.427734375 0.2900390625 0.435546875 0.3076171875 0.4501953125 0.3203125 0.4755859375 0.33203125 0.4990234375 0.33203125 0.5244140625 0.322265625 0.546875 0.2998046875
3 0.3798828125 0.27734375 0.4072265625 0.263671875 0.423828125 0.2431640625 0.443359375 0.1962890625 0.443359375 0.1630859375 0.4228515625 0.138671875 0.3466796875 0.076171875 0.326171875 0.0732421875 0.2939453125 0.087890625 0.263671875 0.1181640625 0.2578125 0.1337890625 0.26171875 0.1611328125 0.25390625 0.1748046875 0.2578125 0.2041015625 0.27734375 0.2392578125 0.2958984375 0.2578125 0.3466796875 0.27734375 0.3798828125 0.27734375
3 0.244140625 0.3115234375 0.251953125 0.2607421875 0.244140625 0.2392578125 0.2275390625 0.21875 0.1875 0.2080078125 0.1630859375 0.21484375 0.14453125 0.2333984375 0.12890625 0.2626953125 0.12890625 0.2919921875 0.142578125 0.3271484375 0.1572265625 0.341796875 0.1669921875 0.34765625 0.2001953125 0.349609375 0.2197265625 0.337890625 0.244140625 0.3115234375
3 0.0791015625 0.083984375 0.1259765625 0.07421875 0.1650390625 0.048828125 0.189453125 0.0029296875 0 0.0009765625 0.025390625 0.0478515625 0.0419921875 0.064453125 0.0791015625 0.083984375
3 0.03125 0.7763671875 0.021484375 0.7470703125 0 0.7158203125 0.0009765625 0.865234375 0.021484375 0.8291015625 0.03125 0.7978515625 0.03125 0.7763671875