3 0.1435546875 0.357421875 0.0966796875 0.3515625 0.0625 0.3740234375 0.0546875 0.4306640625 0.0703125 0.4677734375 0.1064453125 0.49609375 0.1416015625 0.501953125 0.1591796875 0.49609375 0.1875 0.4736328125 0.1962890625 0.453125 0.197265625 0.4150390625 0.189453125 0.3974609375 0.1435546875 0.357421875
3 0.0439453125 0.625 0.0048828125 0.62109375 0.001953125 0.8056640625 0.0380859375 0.8125 0.0673828125 0.802734375 0.1015625 0.7666015625 0.1103515625 0.73828125 0.107421875 0.6923828125 0.08984375 0.6591796875 0.0439453125 0.625
3 0.5224609375 0.17578125 0.4619140625 0.1796875 0.4384765625 0.1953125 0.419921875 0.2177734375 0.41796875 0.2392578125 0.42578125 0.2587890625 0.4658203125 0.3046875 0.4951171875 0.326171875 0.5322265625 0.3203125 0.5458984375 0.3125 0.564453125 0.2861328125 0.5693359375 0.259765625 0.568359375 0.2373046875 0.5546875 0.2060546875 0.5224609375 0.17578125
3 0.654296875 0.0224609375 0.673828125 0.0908203125 0.7041015625 0.1171875 0.7333984375 0.126953125 0.7685546875 0.12109375 0.828125 0.0908203125 0.8310546875 0.025390625 0.8291015625 0.001953125 0.6630859375 0.001953125 0.654296875 0.0224609375
3 0.9267578125 0.009765625 0.9033203125 0.00390625 0.8681640625 0.0078125 0.841796875 0.0361328125 0.8359375 0.0947265625 0.7998046875 0.123046875 0.787109375 0.1416015625 0.783203125 0.1708984375 0.7890625 0.1865234375 0.8193359375 0.228515625 0.8896484375 0.28125 0.9423828125 0.31640625 0.9990234375 0.33203125 1 0.0732421875 0.9580078125 0.029296875 0.9267578125 0.009765625
3 0.8525390625 0.271484375 0.8037109375 0.2421875 0.7626953125 0.2265625 0.7314453125 0.224609375 0.7158203125 0.23046875 0.693359375 0.2529296875 0.677734375 0.3095703125 0.6953125 0.3662109375 0.7197265625 0.396484375 0.767578125 0.4326171875 0.7841796875 0.45703125 0.8330078125 0.458984375 0.8623046875 0.44921875 0.89453125 0.3994140625 0.9072265625 0.36328125 0.90625 0.3251953125 0.896484375 0.3115234375 0.8525390625 0.271484375
3 0.8115234375 0.669921875 0.7744140625 0.654296875 0.7373046875 0.654296875 0.6962890625 0.669921875 0.677734375 0.7080078125 0.677734375 0.7373046875 0.69921875 0.7802734375 0.7255859375 0.802734375 0.7509765625 0.8125 0.7998046875 0.810546875 0.8154296875 0.802734375 0.83984375 0.7822265625 0.8388671875 0.77734375 0.841796875 0.7802734375 0.8486328125 0.7421875 0.84765625 0.7216796875 0.830078125 0.6865234375 0.8115234375 0.669921875
3 0.1630859375 0.037109375 0.1376953125 0.02734375 0.0595703125 0.029296875 0.029296875 0.0634765625 0.01953125 0.2001953125 0.0234375 0.2177734375 0.0361328125 0.234375 0.0791015625 0.240234375 0.1142578125 0.23046875 0.1494140625 0.2109375 0.18359375 0.1787109375 0.1943359375 0.150390625 0.189453125 0.0830078125 0.173828125 0.0478515625 0.1630859375 0.037109375
3 0.9619140625 0.86328125 0.93359375 0.8876953125 0.931640625 0.9111328125 0.9541015625 0.947265625 0.9716796875 0.95703125 0.9990234375 0.955078125 1 0.8818359375 0.9755859375 0.86328125 0.9619140625 0.86328125
3 0.5908203125 0.384765625 0.5751953125 0.376953125 0.5458984375 0.376953125 0.5166015625 0.380859375 0.505859375 0.3896484375 0.48828125 0.4365234375 0.48828125 0.4599609375 0.49609375 0.5107421875 0.5185546875 0.572265625 0.5439453125 0.57421875 0.5673828125 0.5625 0.6083984375 0.556640625 0.6328125 0.5107421875 0.6357421875 0.494140625 0.63671875 0.4619140625 0.623046875 0.4267578125 0.5908203125 0.384765625
3 0.4326171875 0.44921875 0.3955078125 0.447265625 0.376953125 0.4619140625 0.373046875 0.4931640625 0.37890625 0.5224609375 0.4013671875 0.546875 0.4189453125 0.5546875 0.4521484375 0.552734375 0.462890625 0.5439453125 0.4677734375 0.52734375 0.46875 0.4970703125 0.453125 0.4697265625 0.4326171875 0.44921875
3 0.001953125 0.4462890625 0.0244140625 0.4453125 0.0380859375 0.421875 0.033203125 0.3779296875 0.0048828125 0.3515625 0.001953125 0.4462890625
3 0.244140625 0.0244140625 0.2783203125 0.052734375 0.3291015625 0.046875 0.3837890625 0.015625 0.3818359375 0.001953125 0.23828125 0.0048828125 0.244140625 0.0244140625
3 0.4794921875 0.029296875 0.5263671875 0.064453125 0.5673828125 0.08203125 0.6240234375 0.07421875 0.6435546875 0.048828125 0.6376953125 0.001953125 0.462890625 0.0048828125 0.4794921875 0.029296875
3 0.3876953125 0.044921875 0.3466796875 0.052734375 0.3212890625 0.06640625 0.30859375 0.0830078125 0.30859375 0.1103515625 0.318359375 0.1376953125 0.3564453125 0.16796875 0.4033203125 0.16796875 0.4248046875 0.16015625 0.4453125 0.1376953125 0.4521484375 0.119140625 0.447265625 0.0751953125 0.4169921875 0.046875 0.3876953125 0.044921875