3 0.5439453125 0.681640625 0.55078125 0.7138671875 0.5712890625 0.734375 0.5888671875 0.736328125 0.6259765625 0.71484375 0.642578125 0.6982421875 0.66015625 0.6513671875 0.62890625 0.6083984375 0.6064453125 0.595703125 0.5791015625 0.60546875 0.560546875 0.6240234375 0.544921875 0.6533203125 0.5439453125 0.681640625
3 0.6181640625 0.2578125 0.623046875 0.2861328125 0.6435546875 0.30078125 0.6630859375 0.302734375 0.7041015625 0.279296875 0.712890625 0.2490234375 0.712890625 0.2177734375 0.703125 0.1943359375 0.6806640625 0.177734375 0.6513671875 0.181640625 0.623046875 0.2177734375 0.6171875 0.2333984375 0.6181640625 0.2578125
3 0.5078125 0.2705078125 0.5263671875 0.28515625 0.5498046875 0.287109375 0.5615234375 0.28125 0.57421875 0.2685546875 0.58984375 0.2333984375 0.58203125 0.1962890625 0.5576171875 0.18359375 0.5224609375 0.19140625 0.501953125 0.2177734375 0.5009765625 0.251953125 0.5078125 0.2705078125
3 0.2548828125 0.11328125 0.26171875 0.1279296875 0.2841796875 0.146484375 0.3173828125 0.13671875 0.341796875 0.1103515625 0.3515625 0.0869140625 0.3515625 0.0576171875 0.345703125 0.0458984375 0.3251953125 0.029296875 0.2783203125 0.03515625 0.259765625 0.0595703125 0.25390625 0.0791015625 0.2548828125 0.11328125
3 0.3662109375 0.296875 0.3818359375 0.287109375 0.404296875 0.2568359375 0.408203125 0.2138671875 0.400390625 0.1943359375 0.3720703125 0.181640625 0.3349609375 0.197265625 0.31640625 0.2314453125 0.3154296875 0.275390625 0.3466796875 0.298828125 0.3662109375 0.296875
3 0.2373046875 0.271484375 0.25390625 0.2568359375 0.2578125 0.2119140625 0.2431640625 0.193359375 0.2138671875 0.189453125 0.18359375 0.2197265625 0.1845703125 0.234375 0.1904296875 0.26171875 0.2138671875 0.2734375 0.2373046875 0.271484375
3 0.3232421875 0.384765625 0.34765625 0.3603515625 0.349609375 0.3349609375 0.34375 0.3212890625 0.3251953125 0.30859375 0.3076171875 0.30859375 0.2939453125 0.31640625 0.283203125 0.3330078125 0.2841796875 0.361328125 0.2958984375 0.3828125 0.3232421875 0.384765625
3 0.4404296875 0.6796875 0.455078125 0.6708984375 0.4765625 0.6181640625 0.4541015625 0.591796875 0.4208984375 0.587890625 0.400390625 0.6083984375 0.3974609375 0.65234375 0.400390625 0.6630859375 0.4130859375 0.673828125 0.4404296875 0.6796875
3 0.2216796875 0.732421875 0.2353515625 0.763671875 0.2470703125 0.76953125 0.2783203125 0.763671875 0.294921875 0.7451171875 0.294921875 0.7216796875 0.3046875 0.7060546875 0.30078125 0.6748046875 0.2900390625 0.666015625 0.2685546875 0.6640625 0.2412109375 0.681640625 0.22265625 0.7119140625 0.2216796875 0.732421875
3 0.3486328125 0.8203125 0.3271484375 0.8203125 0.3173828125 0.828125 0.2978515625 0.814453125 0.2802734375 0.814453125 0.2607421875 0.82421875 0.25 0.8408203125 0.2470703125 0.884765625 0.271484375 0.9013671875 0.26953125 0.9443359375 0.2763671875 0.951171875 0.3154296875 0.9609375 0.3515625 0.9345703125 0.357421875 0.9189453125 0.3515625 0.8857421875 0.37890625 0.8798828125 0.384765625 0.8623046875 0.3828125 0.8427734375 0.3720703125 0.830078125 0.3486328125 0.8203125
3 0.9365234375 0.482421875 0.9794921875 0.482421875 0.998046875 0.4482421875 0.998046875 0.4013671875 0.9921875 0.3896484375 0.9716796875 0.37890625 0.9384765625 0.388671875 0.916015625 0.4248046875 0.9169921875 0.4453125 0.92578125 0.4716796875 0.9365234375 0.482421875
3 1 0.0068359375 0.9951171875 0.001953125 0.96875 0.0048828125 0.9658203125 0.05078125 0.9765625 0.0849609375 0.9951171875 0.1015625 1 0.0771484375 1 0.0068359375
3 0.9052734375 0.11328125 0.931640625 0.0849609375 0.93359375 0.0302734375 0.9130859375 0.00390625 0.8701171875 0.00390625 0.83984375 0.0361328125 0.8408203125 0.068359375 0.84375 0.0869140625 0.8603515625 0.11328125 0.9052734375 0.11328125
3 0.9697265625 0.12109375 0.94921875 0.1552734375 0.9501953125 0.16796875 0.953125 0.1884765625 0.9697265625 0.20703125 0.9951171875 0.208984375 0.998046875 0.1240234375 0.9697265625 0.12109375
3 0.5126953125 1 0.51171875 0.9697265625 0.4775390625 0.94921875 0.4443359375 0.951171875 0.42578125 0.9775390625 0.4248046875 1 0.5126953125 1
3 0.9951171875 0.732421875 1 0.7197265625 0.998046875 0.6591796875 0.9892578125 0.65625 0.9658203125 0.669921875 0.953125 0.6865234375 0.9541015625 0.6953125 0.962890625 0.7158203125 0.9775390625 0.73046875 0.9951171875 0.732421875
3 0.6328125 0.0849609375 0.6162109375 0.07421875 0.5888671875 0.0859375 0.578125 0.1025390625 0.5791015625 0.125 0.5966796875 0.138671875 0.6220703125 0.13671875 0.634765625 0.1181640625 0.6328125 0.0849609375