3 1 0.5283203125 0.91796875 0.4814453125 0.8837890625 0.482421875 0.8525390625 0.50390625 0.83203125 0.5283203125 0.8046875 0.5810546875 0.798828125 0.6298828125 0.80859375 0.6669921875 0.8232421875 0.6875 0.8564453125 0.703125 0.9033203125 0.705078125 0.9208984375 0.69921875 0.9736328125 0.66015625 1 0.6298828125 1 0.5283203125
3 0.763671875 0.3349609375 0.759765625 0.3740234375 0.76953125 0.4091796875 0.7939453125 0.44140625 0.8115234375 0.451171875 0.8388671875 0.453125 0.8701171875 0.4453125 0.9091796875 0.423828125 0.9296875 0.3955078125 0.939453125 0.3642578125 0.921875 0.3134765625 0.9072265625 0.296875 0.873046875 0.2783203125 0.8037109375 0.287109375 0.779296875 0.3076171875 0.763671875 0.3349609375
3 0.689453125 0.1591796875 0.703125 0.1865234375 0.7158203125 0.197265625 0.7724609375 0.19921875 0.7978515625 0.193359375 0.8203125 0.1728515625 0.830078125 0.1533203125 0.830078125 0.1201171875 0.810546875 0.1005859375 0.80859375 0.0771484375 0.7646484375 0.076171875 0.75390625 0.0693359375 0.7099609375 0.076171875 0.6953125 0.0966796875 0.689453125 0.1591796875
3 0.412109375 0.2158203125 0.416015625 0.2490234375 0.4287109375 0.267578125 0.4384765625 0.26953125 0.4541015625 0.287109375 0.4697265625 0.287109375 0.4873046875 0.27734375 0.5078125 0.2529296875 0.50390625 0.2177734375 0.494140625 0.1982421875 0.466796875 0.1845703125 0.4462890625 0.18359375 0.4267578125 0.19140625 0.412109375 0.2158203125
3 0.17578125 0.3486328125 0.173828125 0.3876953125 0.2626953125 0.486328125 0.2919921875 0.49609375 0.3251953125 0.498046875 0.3427734375 0.4921875 0.3671875 0.4716796875 0.3984375 0.4189453125 0.40234375 0.3837890625 0.38671875 0.3369140625 0.3642578125 0.310546875 0.3212890625 0.28515625 0.287109375 0.2783203125 0.2568359375 0.279296875 0.2177734375 0.294921875 0.17578125 0.3486328125
3 0.06640625 0.4599609375 0.052734375 0.4970703125 0.056640625 0.5439453125 0.076171875 0.5888671875 0.1044921875 0.611328125 0.1455078125 0.623046875 0.1708984375 0.62109375 0.1923828125 0.611328125 0.220703125 0.5830078125 0.248046875 0.5380859375 0.244140625 0.4951171875 0.236328125 0.4794921875 0.212890625 0.4619140625 0.1865234375 0.4296875 0.15625 0.4208984375 0.1416015625 0.419921875 0.0888671875 0.4375 0.06640625 0.4599609375
3 0.03515625 0.3388671875 0.029296875 0.3720703125 0.0390625 0.3916015625 0.0537109375 0.404296875 0.0986328125 0.400390625 0.125 0.3779296875 0.126953125 0.3291015625 0.1123046875 0.3125 0.095703125 0.3076171875 0.0732421875 0.306640625 0.0595703125 0.3125 0.03515625 0.3388671875
3 0.8671875 0.8525390625 0.8896484375 0.87109375 0.9189453125 0.86328125 0.931640625 0.8466796875 0.923828125 0.8212890625 0.90625 0.8095703125 0.8779296875 0.814453125 0.865234375 0.8349609375 0.8671875 0.8525390625
3 0.3203125 0.8681640625 0.314453125 0.8916015625 0.3359375 0.9560546875 0.3603515625 0.982421875 0.4033203125 0.990234375 0.4365234375 0.98046875 0.4609375 0.9580078125 0.470703125 0.9326171875 0.47265625 0.8935546875 0.4501953125 0.861328125 0.39453125 0.8388671875 0.3662109375 0.837890625 0.3388671875 0.849609375 0.3203125 0.8681640625
3 0.2109375 0.9130859375 0.208984375 0.9404296875 0.2294921875 0.974609375 0.2841796875 0.978515625 0.310546875 0.9599609375 0.30859375 0.9228515625 0.2822265625 0.888671875 0.2578125 0.8779296875 0.2392578125 0.87890625 0.224609375 0.8916015625 0.2109375 0.9130859375
3 0 0.8759765625 0.0517578125 0.8984375 0.0947265625 0.8984375 0.1259765625 0.8828125 0.142578125 0.8662109375 0.154296875 0.8427734375 0.15625 0.7958984375 0.150390625 0.7744140625 0.125 0.7275390625 0.1044921875 0.705078125 0.0576171875 0.6796875 0.015625 0.6708984375 0 0.6708984375 0 0.8759765625
3 0.1953125 0.6416015625 0.193359375 0.6787109375 0.20703125 0.7041015625 0.2294921875 0.724609375 0.2919921875 0.7578125 0.3291015625 0.763671875 0.3564453125 0.75390625 0.373046875 0.7373046875 0.390625 0.6923828125 0.40234375 0.6826171875 0.40625 0.6416015625 0.39453125 0.5986328125 0.3525390625 0.5625 0.31640625 0.5498046875 0.2705078125 0.552734375 0.2421875 0.5732421875 0.1953125 0.6416015625
3 1 0.8798828125 0.9638671875 0.8828125 0.927734375 0.9150390625 0.91796875 0.9580078125 0.9189453125 1 1 0.9990234375 1 0.8798828125
3 1 0.7470703125 0.974609375 0.7666015625 0.962890625 0.7939453125 0.96875 0.8330078125 0.9951171875 0.857421875 1 0.8564453125 1 0.7470703125