3 0.50390625 0.1044921875 0.5380859375 0.15234375 0.5986328125 0.193359375 0.697265625 0.2001953125 0.7294921875 0.1953125 0.7744140625 0.17578125 0.833984375 0.1279296875 0.861328125 0.0693359375 0.8544921875 0 0.470703125 0.0009765625 0.4765625 0.0400390625 0.50390625 0.1044921875
3 0.2578125 0.2314453125 0.2421875 0.2587890625 0.240234375 0.3056640625 0.2587890625 0.33203125 0.296875 0.3408203125 0.3291015625 0.33203125 0.357421875 0.3017578125 0.361328125 0.2802734375 0.353515625 0.2607421875 0.3271484375 0.23046875 0.2998046875 0.220703125 0.2763671875 0.220703125 0.2578125 0.2314453125
3 1 0.5771484375 0.9482421875 0.5625 0.9130859375 0.5625 0.8525390625 0.59375 0.818359375 0.6435546875 0.80859375 0.6669921875 0.8046875 0.7001953125 0.80859375 0.7646484375 0.818359375 0.7939453125 0.8779296875 0.85546875 0.8916015625 0.861328125 0.982421875 0.8662109375 1 0.8642578125 1 0.5771484375
3 0.0771484375 0.81640625 0.052734375 0.8427734375 0.0390625 0.8916015625 0.041015625 0.9306640625 0.0751953125 1 0.302734375 0.9990234375 0.318359375 0.9443359375 0.314453125 0.8896484375 0.30078125 0.8525390625 0.2529296875 0.80078125 0.2138671875 0.787109375 0.1630859375 0.7890625 0.0927734375 0.80859375 0.0771484375 0.81640625
3 1 0.8876953125 0.9599609375 0.890625 0.9189453125 0.90234375 0.90625 0.9287109375 0.90625 0.9501953125 0.921875 0.9990234375 1 0.9990234375 1 0.8876953125
3 0.857421875 0.1904296875 0.861328125 0.2177734375 0.8359375 0.2451171875 0.8359375 0.2626953125 0.849609375 0.2841796875 0.8662109375 0.30078125 0.884765625 0.3037109375 0.92578125 0.2705078125 0.931640625 0.2412109375 0.95703125 0.2119140625 0.958984375 0.1748046875 0.9306640625 0.13671875 0.8974609375 0.138671875 0.873046875 0.1572265625 0.857421875 0.1904296875
3 1 0.2197265625 0.9873046875 0.21875 0.9677734375 0.2265625 0.94921875 0.2431640625 0.896484375 0.3056640625 0.888671875 0.3251953125 0.91015625 0.3662109375 0.9365234375 0.39453125 0.9658203125 0.40625 1 0.4052734375 1 0.2197265625
3 0.3662109375 0.2734375 0.3779296875 0.26953125 0.3984375 0.2763671875 0.421875 0.2333984375 0.408203125 0.1943359375 0.3623046875 0.16015625 0.3310546875 0.15625 0.310546875 0.1982421875 0.310546875 0.2158203125 0.35546875 0.2509765625 0.3662109375 0.2734375
3 0 0.1865234375 0.0166015625 0.193359375 0.0263671875 0.205078125 0.041015625 0.2060546875 0.0634765625 0.1953125 0.07421875 0.1767578125 0.080078125 0.1533203125 0.078125 0.1103515625 0.0595703125 0.08984375 0.0126953125 0.0859375 0 0.0986328125 0 0.1865234375
3 0.244140625 0.5224609375 0.2568359375 0.529296875 0.2734375 0.5283203125 0.30078125 0.5126953125 0.306640625 0.4912109375 0.3046875 0.4580078125 0.2958984375 0.4453125 0.2822265625 0.439453125 0.2431640625 0.447265625 0.23046875 0.4814453125 0.244140625 0.5224609375
3 0.5712890625 0.251953125 0.5185546875 0.259765625 0.49609375 0.2822265625 0.490234375 0.3310546875 0.498046875 0.3603515625 0.5302734375 0.3984375 0.5693359375 0.41796875 0.583984375 0.4189453125 0.6357421875 0.3984375 0.65234375 0.3583984375 0.666015625 0.3447265625 0.666015625 0.3271484375 0.64453125 0.2724609375 0.6337890625 0.26171875 0.5986328125 0.26171875 0.5712890625 0.251953125