3 0.9677734375 0.39453125 0.9990234375 0.3828125 1 0.2744140625 0.9697265625 0.26953125 0.9462890625 0.279296875 0.923828125 0.3037109375 0.9169921875 0.3359375 0.919921875 0.3642578125 0.9404296875 0.390625 0.9677734375 0.39453125
3 0.8134765625 1 0.8310546875 0.9921875 0.859375 0.9599609375 0.869140625 0.9052734375 0.8505859375 0.8671875 0.8310546875 0.853515625 0.7939453125 0.84765625 0.7705078125 0.85546875 0.740234375 0.8818359375 0.7236328125 0.923828125 0.728515625 0.9736328125 0.7470703125 0.994140625 0.7568359375 1 0.8134765625 1
3 0.9853515625 0.9921875 1 0.9794921875 0.9970703125 0.880859375 0.9501953125 0.880859375 0.927734375 0.9013671875 0.9169921875 0.9296875 0.921875 0.9638671875 0.9462890625 0.990234375 0.9853515625 0.9921875
3 0.5009765625 0.634765625 0.5048828125 0.640625 0.5078125 0.6357421875 0.5009765625 0.634765625
3 0.5224609375 0.7265625 0.544921875 0.7060546875 0.552734375 0.6884765625 0.546875 0.6552734375 0.5205078125 0.634765625 0.4892578125 0.63671875 0.4736328125 0.64453125 0.4521484375 0.677734375 0.455078125 0.7021484375 0.4755859375 0.73046875 0.5224609375 0.7265625
3 0.5185546875 0.326171875 0.53515625 0.3095703125 0.54296875 0.2900390625 0.541015625 0.2705078125 0.5205078125 0.251953125 0.4873046875 0.2578125 0.4755859375 0.283203125 0.478515625 0.3076171875 0.5029296875 0.330078125 0.5185546875 0.326171875
3 0.275390625 0.2373046875 0.2900390625 0.244140625 0.3291015625 0.240234375 0.34765625 0.2138671875 0.34765625 0.1943359375 0.32421875 0.1591796875 0.2626953125 0.134765625 0.2509765625 0.154296875 0.25 0.1650390625 0.27734375 0.1943359375 0.275390625 0.2373046875
3 0.0517578125 0.732421875 0.0693359375 0.740234375 0.1123046875 0.736328125 0.1279296875 0.712890625 0.146484375 0.7060546875 0.146484375 0.6396484375 0.138671875 0.6201171875 0.1201171875 0.603515625 0.0791015625 0.595703125 0.0595703125 0.6015625 0.0390625 0.6279296875 0.0224609375 0.6640625 0.021484375 0.6748046875 0.037109375 0.7119140625 0.0517578125 0.732421875
3 0.1357421875 0.974609375 0.1552734375 0.986328125 0.1962890625 0.984375 0.228515625 0.9443359375 0.23828125 0.9208984375 0.23828125 0.8642578125 0.1982421875 0.830078125 0.1787109375 0.828125 0.1669921875 0.837890625 0.1357421875 0.841796875 0.125 0.8486328125 0.119140625 0.8681640625 0.10546875 0.8818359375 0.0908203125 0.919921875 0.091796875 0.9736328125 0.1025390625 0.982421875 0.1357421875 0.974609375
3 0.3857421875 1 0.384765625 0.9501953125 0.3603515625 0.92578125 0.3271484375 0.923828125 0.287109375 0.9599609375 0.2783203125 0.9921875 0.2783203125 1 0.3857421875 1
3 0.8486328125 0.41015625 0.8671875 0.3662109375 0.869140625 0.3330078125 0.8369140625 0.314453125 0.8076171875 0.314453125 0.7890625 0.3232421875 0.775390625 0.3388671875 0.7705078125 0.35546875 0.77734375 0.3857421875 0.7958984375 0.408203125 0.8486328125 0.41015625
3 0.9990234375 0.078125 0.9794921875 0.080078125 0.966796875 0.0908203125 0.953125 0.1181640625 0.9521484375 0.142578125 0.955078125 0.1767578125 0.9990234375 0.19140625 0.9990234375 0.078125