3 0.533203125 0.8056640625 0.51953125 0.8271484375 0.517578125 0.8720703125 0.5419921875 0.912109375 0.5712890625 0.9296875 0.58984375 0.9306640625 0.6142578125 0.923828125 0.64453125 0.8994140625 0.650390625 0.8798828125 0.6484375 0.8564453125 0.6220703125 0.802734375 0.5986328125 0.794921875 0.5478515625 0.794921875 0.533203125 0.8056640625
3 0.390625 0.6005859375 0.388671875 0.6474609375 0.408203125 0.6787109375 0.4365234375 0.70703125 0.4658203125 0.720703125 0.49609375 0.7216796875 0.5244140625 0.708984375 0.544921875 0.6787109375 0.548828125 0.6279296875 0.54296875 0.6064453125 0.5146484375 0.57421875 0.4853515625 0.55859375 0.4345703125 0.5625 0.390625 0.6005859375
3 0.4052734375 0.349609375 0.3798828125 0.3515625 0.365234375 0.3623046875 0.35546875 0.3837890625 0.361328125 0.4150390625 0.34375 0.4560546875 0.359375 0.4990234375 0.3740234375 0.509765625 0.390625 0.5087890625 0.4599609375 0.498046875 0.48046875 0.4755859375 0.4921875 0.4404296875 0.4921875 0.4091796875 0.482421875 0.3837890625 0.4482421875 0.361328125 0.4287109375 0.361328125 0.4052734375 0.349609375
3 0.32421875 0.5380859375 0.33984375 0.5283203125 0.34375 0.4990234375 0.3330078125 0.4765625 0.3037109375 0.470703125 0.28515625 0.4912109375 0.28515625 0.5185546875 0.3037109375 0.537109375 0.32421875 0.5380859375
3 0.0634765625 0.6953125 0.041015625 0.7197265625 0.03515625 0.7373046875 0.037109375 0.7939453125 0.046875 0.8271484375 0.056640625 0.8447265625 0.0810546875 0.8671875 0.1123046875 0.880859375 0.150390625 0.8837890625 0.162109375 0.8779296875 0.189453125 0.8212890625 0.193359375 0.7822265625 0.1875 0.7451171875 0.1611328125 0.7109375 0.1318359375 0.6953125 0.1025390625 0.6875 0.0634765625 0.6953125
3 0.9033203125 0.85546875 0.9296875 0.8662109375 0.943359375 0.8544921875 0.951171875 0.8369140625 0.951171875 0.7939453125 0.9345703125 0.77734375 0.9072265625 0.771484375 0.87890625 0.7900390625 0.87890625 0.8173828125 0.9033203125 0.85546875
3 0.857421875 0.9794921875 0.8447265625 0.96875 0.7939453125 0.953125 0.7744140625 0.953125 0.7470703125 0.966796875 0.728515625 0.9990234375 0.86328125 0.9990234375 0.857421875 0.9794921875
3 0.0009765625 0.208984375 0 0.3740234375 0.041015625 0.3779296875 0.0751953125 0.369140625 0.091796875 0.3544921875 0.107421875 0.3037109375 0.10546875 0.2841796875 0.09375 0.2529296875 0.0615234375 0.21875 0.0380859375 0.208984375 0.0009765625 0.208984375
3 0.2646484375 0.19140625 0.275390625 0.1904296875 0.296875 0.1630859375 0.30078125 0.1240234375 0.2880859375 0.111328125 0.2705078125 0.107421875 0.240234375 0.1279296875 0.236328125 0.1513671875 0.244140625 0.1728515625 0.2646484375 0.19140625
3 0.7666015625 0.220703125 0.791015625 0.2236328125 0.81640625 0.2080078125 0.8203125 0.1787109375 0.8017578125 0.154296875 0.7763671875 0.1484375 0.7548828125 0.158203125 0.744140625 0.1708984375 0.744140625 0.1943359375 0.7666015625 0.220703125
3 0.349609375 0.2626953125 0.3623046875 0.2734375 0.3759765625 0.279296875 0.4140625 0.2783203125 0.447265625 0.2568359375 0.455078125 0.1884765625 0.4013671875 0.146484375 0.3837890625 0.150390625 0.3642578125 0.14453125 0.326171875 0.1884765625 0.32421875 0.2119140625 0.349609375 0.2626953125
3 0.75390625 0.1572265625 0.7841796875 0.146484375 0.7890625 0.1318359375 0.7705078125 0.109375 0.7490234375 0.10546875 0.734375 0.1162109375 0.728515625 0.1396484375 0.7373046875 0.154296875 0.75390625 0.1572265625
3 0.908203125 0.1611328125 0.9736328125 0.1484375 1 0.1318359375 0.9990234375 0 0.74609375 0.0009765625 0.7890625 0.0849609375 0.8388671875 0.138671875 0.8701171875 0.158203125 0.908203125 0.1611328125
3 0.9091796875 0.302734375 0.865234375 0.3564453125 0.8671875 0.4091796875 0.9072265625 0.4453125 0.93359375 0.4482421875 0.982421875 0.4052734375 0.984375 0.3720703125 1 0.3603515625 0.99609375 0.3251953125 0.9716796875 0.296875 0.9501953125 0.2890625 0.9326171875 0.2890625 0.9091796875 0.302734375
3 0.955078125 0.5302734375 0.96484375 0.5634765625 1 0.6201171875 0.9970703125 0.4375 0.9609375 0.4814453125 0.955078125 0.5302734375
3 0.16796875 0.3994140625 0.189453125 0.3798828125 0.193359375 0.3291015625 0.1806640625 0.306640625 0.1494140625 0.30078125 0.134765625 0.3134765625 0.125 0.3447265625 0.16015625 0.3974609375 0.16796875 0.3994140625
3 0.107421875 0.0498046875 0.1513671875 0.046875 0.1787109375 0.03515625 0.1953125 0.0185546875 0.201171875 0.0009765625 0.0546875 0.0009765625 0.0625 0.0244140625 0.0771484375 0.0390625 0.107421875 0.0498046875