3 0.51171875 0.8427734375 0.482421875 0.8818359375 0.48046875 0.9169921875 0.5283203125 0.99609375 0.6298828125 0.99609375 0.65625 0.9775390625 0.701171875 0.9150390625 0.705078125 0.8662109375 0.6875 0.8232421875 0.6630859375 0.806640625 0.6171875 0.7978515625 0.5771484375 0.8046875 0.5322265625 0.828125 0.51171875 0.8427734375
3 0.298828125 0.7861328125 0.28515625 0.8076171875 0.27734375 0.8486328125 0.27734375 0.8720703125 0.30078125 0.9111328125 0.3564453125 0.9375 0.4091796875 0.921875 0.43359375 0.8916015625 0.453125 0.8408203125 0.451171875 0.8095703125 0.4306640625 0.783203125 0.4072265625 0.767578125 0.365234375 0.7587890625 0.3369140625 0.76171875 0.298828125 0.7861328125
3 0.837890625 0.3955078125 0.85546875 0.4423828125 0.8720703125 0.4609375 0.8935546875 0.47265625 0.9306640625 0.470703125 0.9580078125 0.4609375 0.978515625 0.4384765625 0.990234375 0.4052734375 0.982421875 0.3583984375 0.9443359375 0.326171875 0.8828125 0.3115234375 0.853515625 0.3291015625 0.8359375 0.3681640625 0.837890625 0.3955078125
3 0.974609375 0.2294921875 0.9462890625 0.208984375 0.919921875 0.2080078125 0.9072265625 0.2109375 0.880859375 0.2333984375 0.876953125 0.2646484375 0.9150390625 0.3046875 0.9560546875 0.310546875 0.978515625 0.2841796875 0.974609375 0.2294921875
3 0.8017578125 0.15625 0.8388671875 0.154296875 0.8740234375 0.134765625 0.896484375 0.0986328125 0.900390625 0.0634765625 0.8779296875 0 0.669921875 0.0009765625 0.673828125 0.0400390625 0.69140625 0.0849609375 0.7236328125 0.12109375 0.7724609375 0.1484375 0.8017578125 0.15625
3 0.55078125 0.2744140625 0.548828125 0.3154296875 0.560546875 0.3486328125 0.5947265625 0.390625 0.6337890625 0.404296875 0.6669921875 0.404296875 0.7412109375 0.369140625 0.7578125 0.3486328125 0.763671875 0.3173828125 0.75390625 0.2822265625 0.720703125 0.2216796875 0.6787109375 0.19140625 0.64453125 0.1923828125 0.56640625 0.2470703125 0.55078125 0.2744140625
3 0.498046875 0.0517578125 0.4599609375 0.064453125 0.44140625 0.0810546875 0.419921875 0.1376953125 0.419921875 0.1572265625 0.427734375 0.1845703125 0.4775390625 0.234375 0.4931640625 0.2421875 0.5341796875 0.248046875 0.5791015625 0.22265625 0.607421875 0.1962890625 0.62109375 0.1728515625 0.623046875 0.1435546875 0.611328125 0.1025390625 0.5927734375 0.078125 0.5419921875 0.0546875 0.498046875 0.0517578125
3 0.3193359375 0.19140625 0.2890625 0.2255859375 0.27734375 0.2685546875 0.283203125 0.3154296875 0.30078125 0.3505859375 0.3271484375 0.37890625 0.3720703125 0.3984375 0.4091796875 0.400390625 0.4619140625 0.373046875 0.48828125 0.3486328125 0.498046875 0.3232421875 0.494140625 0.2822265625 0.482421875 0.2568359375 0.3916015625 0.173828125 0.357421875 0.1728515625 0.3193359375 0.19140625
3 0.404296875 0.0830078125 0.404296875 0.0537109375 0.396484375 0.0419921875 0.3720703125 0.02734375 0.353515625 0.0283203125 0.3193359375 0.05078125 0.306640625 0.0712890625 0.3125 0.1123046875 0.3388671875 0.130859375 0.3837890625 0.12109375 0.404296875 0.0830078125
3 0.0361328125 0.0625 0.0556640625 0.056640625 0.06640625 0.0458984375 0.0703125 0.0205078125 0.0556640625 0 0 0.0009765625 0.0029296875 0.0546875 0.0361328125 0.0625
3 0.12890625 0.6884765625 0.0888671875 0.697265625 0.076171875 0.7099609375 0.0703125 0.7412109375 0.0703125 0.7509765625 0.080078125 0.7626953125 0.076171875 0.8037109375 0.1025390625 0.810546875 0.1201171875 0.828125 0.1474609375 0.830078125 0.1708984375 0.8203125 0.193359375 0.7958984375 0.19921875 0.7685546875 0.197265625 0.7197265625 0.1845703125 0.701171875 0.1669921875 0.69140625 0.12890625 0.6884765625
3 0.2001953125 0.494140625 0.2177734375 0.50390625 0.2548828125 0.505859375 0.287109375 0.4677734375 0.28515625 0.4482421875 0.2470703125 0.4140625 0.220703125 0.4111328125 0.2001953125 0.41796875 0.189453125 0.4287109375 0.18359375 0.4443359375 0.185546875 0.4736328125 0.2001953125 0.494140625
3 0.9033203125 0.935546875 0.880859375 0.9658203125 0.87890625 0.9951171875 0.9990234375 0.998046875 1 0.9169921875 0.9609375 0.9169921875 0.9208984375 0.923828125 0.9033203125 0.935546875
3 0.794921875 0.9619140625 0.7666015625 0.97265625 0.748046875 0.9951171875 0.7568359375 1 0.85546875 0.9970703125 0.853515625 0.9873046875 0.8349609375 0.96875 0.8134765625 0.9609375 0.794921875 0.9619140625
3 0.8359375 0.8642578125 0.81640625 0.8740234375 0.80859375 0.9033203125 0.8251953125 0.92578125 0.8505859375 0.9296875 0.86328125 0.9169921875 0.87109375 0.8896484375 0.8505859375 0.865234375 0.8359375 0.8642578125
3 0.693359375 0.5126953125 0.68359375 0.5263671875 0.6796875 0.5517578125 0.6943359375 0.583984375 0.7138671875 0.5859375 0.759765625 0.5654296875 0.7373046875 0.525390625 0.7119140625 0.51171875 0.693359375 0.5126953125