3 0.7861328125 0.546875 0.7509765625 0.572265625 0.734375 0.6044921875 0.7353515625 0.642578125 0.740234375 0.6748046875 0.751953125 0.6982421875 0.7685546875 0.712890625 0.8818359375 0.75390625 0.9052734375 0.751953125 0.9296875 0.7373046875 0.955078125 0.6982421875 0.96484375 0.6630859375 0.95703125 0.6162109375 0.9296875 0.5693359375 0.8935546875 0.546875 0.8466796875 0.5390625 0.8115234375 0.5390625 0.7861328125 0.546875
3 0.8662109375 0.50390625 0.9248046875 0.501953125 0.9423828125 0.494140625 0.982421875 0.4541015625 0.982421875 0.4052734375 0.9619140625 0.37890625 0.9345703125 0.365234375 0.9033203125 0.365234375 0.8681640625 0.380859375 0.83984375 0.4150390625 0.8369140625 0.478515625 0.8486328125 0.49609375 0.8662109375 0.50390625
3 0.66796875 0.4208984375 0.6357421875 0.390625 0.6083984375 0.388671875 0.58203125 0.4072265625 0.5810546875 0.44140625 0.6005859375 0.484375 0.6396484375 0.490234375 0.65625 0.4794921875 0.666015625 0.4619140625 0.66796875 0.4208984375
3 0.6787109375 0.185546875 0.666015625 0.1962890625 0.6650390625 0.22265625 0.6806640625 0.23828125 0.7060546875 0.236328125 0.72265625 0.2177734375 0.720703125 0.2001953125 0.7099609375 0.185546875 0.6787109375 0.185546875
3 0.5654296875 0.078125 0.55078125 0.0927734375 0.5498046875 0.12109375 0.5771484375 0.142578125 0.5947265625 0.140625 0.6171875 0.1240234375 0.6171875 0.0908203125 0.5966796875 0.07421875 0.5654296875 0.078125
3 0.1884765625 0.091796875 0.17578125 0.1162109375 0.1767578125 0.12890625 0.1845703125 0.146484375 0.2255859375 0.1484375 0.2421875 0.1279296875 0.232421875 0.0908203125 0.2138671875 0.083984375 0.1884765625 0.091796875
3 0.9658203125 0.16796875 0.982421875 0.1513671875 0.99609375 0.0693359375 0.9619140625 0.052734375 0.9013671875 0.052734375 0.87890625 0.0693359375 0.865234375 0.0908203125 0.85546875 0.1162109375 0.8564453125 0.134765625 0.8720703125 0.16015625 0.9033203125 0.173828125 0.9658203125 0.16796875
3 0.701171875 0.7802734375 0.64453125 0.8486328125 0.6396484375 0.880859375 0.642578125 0.8935546875 0.6845703125 0.931640625 0.7705078125 0.9375 0.8037109375 0.9296875 0.8427734375 0.90625 0.859375 0.8798828125 0.865234375 0.8623046875 0.8671875 0.7822265625 0.84375 0.7490234375 0.8291015625 0.73828125 0.7861328125 0.728515625 0.7373046875 0.732421875 0.716796875 0.7490234375 0.701171875 0.7802734375
3 0.6630859375 0.5703125 0.6181640625 0.556640625 0.5537109375 0.560546875 0.5107421875 0.58203125 0.46484375 0.6220703125 0.435546875 0.6630859375 0.4140625 0.7138671875 0.4091796875 0.765625 0.41015625 0.7900390625 0.419921875 0.8173828125 0.4375 0.8486328125 0.4599609375 0.869140625 0.5107421875 0.88671875 0.5576171875 0.884765625 0.5947265625 0.875 0.62890625 0.8466796875 0.66796875 0.7802734375 0.7109375 0.7294921875 0.720703125 0.6826171875 0.712890625 0.6376953125 0.697265625 0.6005859375 0.6630859375 0.5703125
3 0.158203125 0.8388671875 0.1748046875 0.859375 0.1923828125 0.869140625 0.2236328125 0.87109375 0.275390625 0.8232421875 0.279296875 0.8056640625 0.2529296875 0.75 0.2294921875 0.73828125 0.1982421875 0.73828125 0.1826171875 0.744140625 0.162109375 0.7646484375 0.1484375 0.7939453125 0.1494140625 0.814453125 0.158203125 0.8388671875
3 0.4443359375 0.96484375 0.44921875 0.9521484375 0.4287109375 0.90625 0.3603515625 0.90234375 0.3525390625 0.904296875 0.32421875 0.9384765625 0.3232421875 0.955078125 0.3505859375 0.978515625 0.3896484375 0.982421875 0.4150390625 0.966796875 0.4443359375 0.96484375
3 0.0234375 0.2939453125 0.009765625 0.3154296875 0.0087890625 0.3515625 0.017578125 0.3759765625 0.0400390625 0.408203125 0.0751953125 0.427734375 0.1103515625 0.427734375 0.1318359375 0.41796875 0.1640625 0.3876953125 0.17578125 0.3544921875 0.17578125 0.3310546875 0.1640625 0.2978515625 0.1455078125 0.27734375 0.1181640625 0.263671875 0.0849609375 0.26171875 0.0517578125 0.271484375 0.0234375 0.2939453125
3 0.0517578125 0.017578125 0.0234375 0.0380859375 0.0205078125 0.068359375 0.0341796875 0.08984375 0.0654296875 0.091796875 0.08984375 0.0771484375 0.095703125 0.0439453125 0.0751953125 0.01953125 0.0517578125 0.017578125
3 0.11328125 0.5791015625 0.123046875 0.5478515625 0.123046875 0.5166015625 0.115234375 0.4912109375 0.0966796875 0.466796875 0.0400390625 0.4453125 0.0224609375 0.447265625 0 0.4599609375 0.0009765625 0.611328125 0.0673828125 0.609375 0.0908203125 0.599609375 0.11328125 0.5791015625
3 0.0947265625 0.8046875 0.12109375 0.7724609375 0.134765625 0.7412109375 0.1328125 0.7041015625 0.11328125 0.6474609375 0.0966796875 0.634765625 0.0615234375 0.623046875 0 0.6259765625 0.0009765625 0.8046875 0.0556640625 0.818359375 0.0732421875 0.81640625 0.0947265625 0.8046875
3 0.0009765625 0.978515625 0.02734375 0.9599609375 0.05078125 0.9189453125 0.05078125 0.8818359375 0.041015625 0.8564453125 0.0205078125 0.8359375 0.0009765625 0.826171875 0.0009765625 0.978515625
3 0.0927734375 0.84765625 0.0859375 0.8544921875 0.0830078125 0.876953125 0.0927734375 0.89453125 0.1123046875 0.89453125 0.123046875 0.8818359375 0.123046875 0.8603515625 0.1083984375 0.84765625 0.0927734375 0.84765625