3 0.59375 0.7529296875 0.591796875 0.7880859375 0.59765625 0.8037109375 0.6162109375 0.818359375 0.630859375 0.8193359375 0.6591796875 0.80859375 0.68359375 0.7685546875 0.685546875 0.7275390625 0.6533203125 0.703125 0.6376953125 0.703125 0.6123046875 0.71875 0.59765625 0.7353515625 0.59375 0.7529296875
3 0.41015625 0.7724609375 0.416015625 0.7998046875 0.4267578125 0.8125 0.4384765625 0.818359375 0.4609375 0.8173828125 0.48828125 0.7998046875 0.5 0.7744140625 0.5 0.7490234375 0.4921875 0.7294921875 0.4755859375 0.716796875 0.4482421875 0.71484375 0.42578125 0.7333984375 0.41015625 0.7724609375
3 0.287109375 0.7509765625 0.287109375 0.7822265625 0.294921875 0.8037109375 0.3193359375 0.82421875 0.33984375 0.8232421875 0.3671875 0.8017578125 0.3828125 0.7685546875 0.37890625 0.7197265625 0.3720703125 0.708984375 0.3525390625 0.69921875 0.3369140625 0.69921875 0.2978515625 0.720703125 0.287109375 0.7509765625
3 0.06640625 0.9716796875 0.0908203125 1 0.125 0.9990234375 0.1435546875 0.98828125 0.16015625 0.9638671875 0.15625 0.9150390625 0.1376953125 0.88671875 0.0927734375 0.888671875 0.072265625 0.9072265625 0.06640625 0.9208984375 0.06640625 0.9716796875
3 0.6484375 0.9150390625 0.6484375 0.9423828125 0.65625 0.9580078125 0.6708984375 0.970703125 0.703125 0.9716796875 0.7216796875 0.966796875 0.736328125 0.9521484375 0.74609375 0.9208984375 0.744140625 0.8837890625 0.7138671875 0.853515625 0.6787109375 0.8671875 0.658203125 0.8916015625 0.6484375 0.9150390625
3 0.00390625 0.5419921875 0.001953125 0.6044921875 0.0224609375 0.62109375 0.046875 0.6201171875 0.0615234375 0.61328125 0.076171875 0.5947265625 0.083984375 0.5771484375 0.083984375 0.5537109375 0.0654296875 0.51953125 0.0380859375 0.513671875 0.0224609375 0.517578125 0.00390625 0.5419921875
3 0.001953125 0.4853515625 0.01953125 0.4873046875 0.0380859375 0.48046875 0.05078125 0.4677734375 0.06640625 0.4384765625 0.06640625 0.3994140625 0.0478515625 0.380859375 0.0322265625 0.375 0.001953125 0.3837890625 0.001953125 0.4853515625
3 0.357421875 0.2998046875 0.3515625 0.3291015625 0.341796875 0.3427734375 0.341796875 0.3544921875 0.37109375 0.3916015625 0.3837890625 0.404296875 0.39453125 0.4052734375 0.42578125 0.3916015625 0.451171875 0.3583984375 0.455078125 0.3427734375 0.451171875 0.2919921875 0.4267578125 0.265625 0.4052734375 0.267578125 0.3681640625 0.2890625 0.357421875 0.2998046875
3 0.5478515625 0.408203125 0.58203125 0.4111328125 0.59765625 0.3974609375 0.603515625 0.3505859375 0.5869140625 0.328125 0.5595703125 0.322265625 0.544921875 0.3330078125 0.533203125 0.3544921875 0.529296875 0.3896484375 0.5478515625 0.408203125
3 0.642578125 0.0830078125 0.6484375 0.1201171875 0.625 0.1201171875 0.6171875 0.1533203125 0.6279296875 0.16796875 0.6513671875 0.1796875 0.6611328125 0.1796875 0.6767578125 0.16796875 0.7001953125 0.185546875 0.716796875 0.1865234375 0.7421875 0.1748046875 0.751953125 0.1513671875 0.75390625 0.1162109375 0.7265625 0.0986328125 0.73046875 0.0537109375 0.6865234375 0.0390625 0.6484375 0.0673828125 0.642578125 0.0830078125
3 0.6953125 0.2998046875 0.69921875 0.3251953125 0.7138671875 0.3359375 0.73046875 0.3369140625 0.76171875 0.3154296875 0.77734375 0.2861328125 0.771484375 0.2451171875 0.7490234375 0.23046875 0.7236328125 0.236328125 0.708984375 0.2509765625 0.705078125 0.2822265625 0.6953125 0.2998046875
3 0.69140625 0.6923828125 0.712890625 0.6787109375 0.716796875 0.6435546875 0.7060546875 0.619140625 0.6806640625 0.615234375 0.654296875 0.6376953125 0.650390625 0.6650390625 0.6650390625 0.6875 0.69140625 0.6923828125
3 0.7529296875 0.8046875 0.787109375 0.8115234375 0.81640625 0.7802734375 0.81640625 0.7685546875 0.810546875 0.7412109375 0.7900390625 0.728515625 0.7744140625 0.7265625 0.748046875 0.7412109375 0.7421875 0.7861328125 0.7529296875 0.8046875
3 0.5263671875 0.052734375 0.546875 0.0517578125 0.5595703125 0.048828125 0.572265625 0.0283203125 0.5751953125 0 0.486328125 0.0009765625 0.486328125 0.0224609375 0.4951171875 0.037109375 0.5048828125 0.037109375 0.5263671875 0.052734375
3 0.0390625 0.3271484375 0.044921875 0.3076171875 0.0302734375 0.27734375 0.0224609375 0.26953125 0.0048828125 0.267578125 0.001953125 0.3447265625 0.013671875 0.3447265625 0.0390625 0.3271484375
3 0.001953125 0.7958984375 0.001953125 0.8779296875 0.0234375 0.8818359375 0.03515625 0.8779296875 0.03515625 0.8642578125 0.048828125 0.8505859375 0.05078125 0.8349609375 0.044921875 0.8076171875 0.0322265625 0.794921875 0.0146484375 0.791015625 0.001953125 0.7958984375
3 0.0048828125 0.900390625 0.001953125 0.9990234375 0.029296875 0.9990234375 0.03515625 0.9521484375 0.0234375 0.9150390625 0.0048828125 0.900390625