3 0.9296875 0.4287109375 0.9306640625 0.41015625 0.923828125 0.3857421875 0.8994140625 0.35546875 0.8798828125 0.349609375 0.8564453125 0.3515625 0.802734375 0.3779296875 0.794921875 0.4013671875 0.794921875 0.4521484375 0.8056640625 0.466796875 0.8271484375 0.48046875 0.8720703125 0.482421875 0.912109375 0.4580078125 0.9296875 0.4287109375
3 0.720703125 0.5341796875 0.7216796875 0.50390625 0.708984375 0.4755859375 0.6787109375 0.455078125 0.6279296875 0.451171875 0.6064453125 0.45703125 0.57421875 0.4853515625 0.55859375 0.5146484375 0.5625 0.5654296875 0.6005859375 0.609375 0.6474609375 0.611328125 0.6787109375 0.591796875 0.70703125 0.5634765625 0.720703125 0.5341796875
3 0.4150390625 0.638671875 0.4560546875 0.65625 0.4990234375 0.640625 0.509765625 0.6259765625 0.5087890625 0.609375 0.498046875 0.5400390625 0.4755859375 0.51953125 0.4404296875 0.5078125 0.4091796875 0.5078125 0.3837890625 0.517578125 0.361328125 0.5517578125 0.361328125 0.5712890625 0.349609375 0.5947265625 0.3515625 0.6201171875 0.3623046875 0.634765625 0.3837890625 0.64453125 0.4150390625 0.638671875
3 0.470703125 0.6962890625 0.4912109375 0.71484375 0.5185546875 0.71484375 0.537109375 0.6962890625 0.5380859375 0.67578125 0.5283203125 0.66015625 0.4990234375 0.65625 0.4765625 0.6669921875 0.470703125 0.6962890625
3 0.8271484375 0.953125 0.8447265625 0.943359375 0.8671875 0.9189453125 0.880859375 0.8876953125 0.8837890625 0.849609375 0.8779296875 0.837890625 0.8212890625 0.810546875 0.7822265625 0.806640625 0.7451171875 0.8125 0.7109375 0.8388671875 0.6953125 0.8681640625 0.6875 0.8974609375 0.6953125 0.9365234375 0.7197265625 0.958984375 0.7373046875 0.96484375 0.7939453125 0.962890625 0.8271484375 0.953125
3 0.7939453125 0.048828125 0.77734375 0.0654296875 0.771484375 0.0927734375 0.7900390625 0.12109375 0.8173828125 0.12109375 0.85546875 0.0966796875 0.8662109375 0.0703125 0.8544921875 0.056640625 0.8369140625 0.048828125 0.7939453125 0.048828125
3 0.966796875 0.2529296875 0.9990234375 0.271484375 0.9990234375 0.13671875 0.9794921875 0.142578125 0.96875 0.1552734375 0.953125 0.2060546875 0.953125 0.2255859375 0.966796875 0.2529296875
3 0.3544921875 0.908203125 0.3037109375 0.892578125 0.2841796875 0.89453125 0.2529296875 0.90625 0.21875 0.9384765625 0.208984375 0.9619140625 0.208984375 0.9990234375 0.3740234375 1 0.3779296875 0.958984375 0.369140625 0.9248046875 0.3544921875 0.908203125
3 0.111328125 0.7119140625 0.107421875 0.7294921875 0.1279296875 0.759765625 0.1513671875 0.763671875 0.1728515625 0.755859375 0.19140625 0.7353515625 0.1904296875 0.724609375 0.1630859375 0.703125 0.1240234375 0.69921875 0.111328125 0.7119140625
3 0.154296875 0.1982421875 0.1484375 0.2236328125 0.158203125 0.2451171875 0.1708984375 0.255859375 0.1943359375 0.255859375 0.220703125 0.2333984375 0.2236328125 0.208984375 0.2080078125 0.18359375 0.1787109375 0.1796875 0.154296875 0.1982421875
3 0.2568359375 0.552734375 0.1884765625 0.544921875 0.146484375 0.5986328125 0.150390625 0.6162109375 0.14453125 0.6357421875 0.1884765625 0.673828125 0.2119140625 0.67578125 0.2626953125 0.650390625 0.2734375 0.6376953125 0.279296875 0.6240234375 0.2783203125 0.5859375 0.2568359375 0.552734375
3 0.10546875 0.2509765625 0.1162109375 0.265625 0.1396484375 0.271484375 0.154296875 0.2626953125 0.1572265625 0.24609375 0.146484375 0.2158203125 0.1318359375 0.2109375 0.109375 0.2294921875 0.10546875 0.2509765625
3 0.0009765625 0.25390625 0.0849609375 0.2109375 0.138671875 0.1611328125 0.158203125 0.1298828125 0.1611328125 0.091796875 0.1484375 0.0263671875 0.1318359375 0 0 0.0009765625 0.0009765625 0.25390625
3 0.4482421875 0.06640625 0.4052734375 0.017578125 0.3720703125 0.015625 0.3603515625 0 0.3251953125 0.00390625 0.296875 0.0283203125 0.2890625 0.0498046875 0.2890625 0.0673828125 0.302734375 0.0908203125 0.3564453125 0.134765625 0.4091796875 0.1328125 0.4453125 0.0927734375 0.4482421875 0.06640625
3 0.4814453125 0.0390625 0.5302734375 0.044921875 0.5634765625 0.03515625 0.6201171875 0 0.4375 0.0029296875 0.4814453125 0.0390625
3 0.30078125 0.8505859375 0.3134765625 0.865234375 0.3447265625 0.875 0.3974609375 0.83984375 0.3994140625 0.83203125 0.3798828125 0.810546875 0.3291015625 0.806640625 0.306640625 0.8193359375 0.30078125 0.8505859375
3 0.0009765625 0.798828125 0.0009765625 0.9453125 0.0244140625 0.9375 0.0390625 0.9228515625 0.0498046875 0.892578125 0.046875 0.8486328125 0.03515625 0.8212890625 0.0185546875 0.8046875 0.0009765625 0.798828125