3 0.0322265625 0.880859375 0.0751953125 0.896484375 0.0947265625 0.896484375 0.1103515625 0.888671875 0.125 0.8701171875 0.1298828125 0.822265625 0.123046875 0.8017578125 0.1025390625 0.77734375 0.0712890625 0.76171875 0.0556640625 0.76171875 0.0322265625 0.767578125 0.017578125 0.7802734375 0.0078125 0.7978515625 0.00390625 0.8330078125 0.01171875 0.8603515625 0.0322265625 0.880859375
3 0.2646484375 0.9140625 0.3076171875 0.908203125 0.357421875 0.8740234375 0.376953125 0.8291015625 0.3779296875 0.80078125 0.36328125 0.7568359375 0.3330078125 0.720703125 0.3115234375 0.708984375 0.2607421875 0.705078125 0.201171875 0.7431640625 0.19140625 0.7705078125 0.1953125 0.8525390625 0.20703125 0.8720703125 0.2451171875 0.908203125 0.2646484375 0.9140625
3 0.474609375 0.7392578125 0.4755859375 0.708984375 0.458984375 0.6708984375 0.4404296875 0.66015625 0.4091796875 0.66015625 0.37109375 0.6982421875 0.3828125 0.7333984375 0.40234375 0.7568359375 0.4404296875 0.7734375 0.4560546875 0.771484375 0.46484375 0.7626953125 0.474609375 0.7392578125
3 0.5498046875 0.8984375 0.5791015625 0.916015625 0.6298828125 0.91796875 0.6767578125 0.900390625 0.703125 0.8701171875 0.72265625 0.8154296875 0.7236328125 0.775390625 0.716796875 0.7490234375 0.6982421875 0.724609375 0.6435546875 0.697265625 0.6142578125 0.69921875 0.546875 0.7392578125 0.53125 0.7568359375 0.5078125 0.8173828125 0.525390625 0.8427734375 0.537109375 0.8837890625 0.5498046875 0.8984375
3 0.4404296875 0.984375 0.404296875 0.9990234375 0.5986328125 0.998046875 0.5458984375 0.9609375 0.4970703125 0.95703125 0.4658203125 0.96484375 0.4404296875 0.984375
3 0.8994140625 1 0.921875 0.9775390625 0.93359375 0.9521484375 0.9326171875 0.9375 0.923828125 0.8974609375 0.8994140625 0.869140625 0.8388671875 0.85546875 0.8232421875 0.857421875 0.7890625 0.8779296875 0.771484375 0.9150390625 0.767578125 0.9443359375 0.779296875 0.9775390625 0.7978515625 1 0.8994140625 1
3 0.93359375 0.6591796875 0.943359375 0.6357421875 0.9443359375 0.611328125 0.939453125 0.5927734375 0.9072265625 0.56640625 0.8818359375 0.564453125 0.8603515625 0.5703125 0.826171875 0.6025390625 0.822265625 0.6220703125 0.830078125 0.6591796875 0.8603515625 0.685546875 0.8994140625 0.68359375 0.93359375 0.6591796875
3 0.8603515625 0.484375 0.9111328125 0.490234375 0.9423828125 0.4765625 0.96484375 0.4423828125 0.9677734375 0.408203125 0.9609375 0.3681640625 0.939453125 0.3095703125 0.9326171875 0.298828125 0.9052734375 0.283203125 0.8447265625 0.30859375 0.8046875 0.3486328125 0.798828125 0.3837890625 0.802734375 0.4228515625 0.8203125 0.4541015625 0.8603515625 0.484375
3 0.9951171875 0.42578125 1 0.4248046875 0.9990234375 0.2734375 0.974609375 0.2900390625 0.95703125 0.3271484375 0.974609375 0.3935546875 0.9951171875 0.42578125
3 0.5341796875 0.236328125 0.5693359375 0.25390625 0.6005859375 0.255859375 0.6455078125 0.236328125 0.673828125 0.2060546875 0.685546875 0.1826171875 0.6904296875 0.14453125 0.6875 0.1103515625 0.671875 0.0791015625 0.6416015625 0.05078125 0.5869140625 0.0390625 0.5498046875 0.052734375 0.51953125 0.0830078125 0.5 0.1220703125 0.49609375 0.1591796875 0.505859375 0.1982421875 0.5341796875 0.236328125
3 0.7333984375 0 0.73046875 0.0263671875 0.740234375 0.0634765625 0.7626953125 0.08984375 0.8037109375 0.11328125 0.8408203125 0.115234375 0.8818359375 0.1015625 0.90625 0.0810546875 0.9296875 0.0458984375 0.9326171875 0.015625 0.9306640625 0 0.7333984375 0
3 0.2470703125 0 0.228515625 0.0498046875 0.2265625 0.1240234375 0.23828125 0.1572265625 0.2685546875 0.197265625 0.3076171875 0.220703125 0.3583984375 0.220703125 0.4013671875 0.201171875 0.439453125 0.1611328125 0.458984375 0.1142578125 0.4619140625 0.0703125 0.453125 0.0322265625 0.4287109375 0 0.2470703125 0
3 0 0.3056640625 0.0205078125 0.33203125 0.0458984375 0.345703125 0.0986328125 0.349609375 0.1298828125 0.333984375 0.15625 0.2998046875 0.1630859375 0.2578125 0.158203125 0.2275390625 0.13671875 0.1904296875 0.0966796875 0.16015625 0.0732421875 0.15234375 0.0576171875 0.154296875 0 0.1884765625 0 0.3056640625
3 0.0009765625 0.599609375 0.0205078125 0.59375 0.029296875 0.5830078125 0.041015625 0.5478515625 0.0400390625 0.517578125 0.029296875 0.4892578125 0.0009765625 0.462890625 0.0009765625 0.599609375