3 0.2822265625 0 0.2802734375 0.005859375 0.279296875 0.0458984375 0.287109375 0.0712890625 0.28515625 0.1572265625 0.310546875 0.2060546875 0.3408203125 0.22265625 0.3779296875 0.228515625 0.4013671875 0.228515625 0.4287109375 0.216796875 0.44921875 0.1962890625 0.470703125 0.1611328125 0.4765625 0.1123046875 0.462890625 0.0732421875 0.423828125 0.0087890625 0.4052734375 0 0.2822265625 0
3 0.2333984375 0.515625 0.259765625 0.4873046875 0.263671875 0.4755859375 0.255859375 0.4267578125 0.2373046875 0.404296875 0.2236328125 0.3984375 0.1982421875 0.396484375 0.1728515625 0.404296875 0.158203125 0.4208984375 0.1513671875 0.4453125 0.154296875 0.4931640625 0.166015625 0.5146484375 0.1806640625 0.525390625 0.2119140625 0.525390625 0.2333984375 0.515625
3 0.111328125 0.5341796875 0.10546875 0.5283203125 0.12109375 0.4599609375 0.12109375 0.4208984375 0.115234375 0.3857421875 0.0986328125 0.36328125 0.087890625 0.3681640625 0.05859375 0.4150390625 0.0380859375 0.462890625 0.037109375 0.4931640625 0.044921875 0.5166015625 0.0673828125 0.544921875 0.0927734375 0.548828125 0.111328125 0.5341796875
3 0.08203125 0.3369140625 0.07421875 0.3037109375 0.0595703125 0.28515625 0.0283203125 0.271484375 0.0009765625 0.271484375 0 0.4326171875 0.0048828125 0.43359375 0.0546875 0.3974609375 0.078125 0.3623046875 0.08203125 0.3369140625
3 0.048828125 0.7431640625 0.0302734375 0.7109375 0.0009765625 0.70703125 0 0.8232421875 0.0048828125 0.82421875 0.0224609375 0.81640625 0.046875 0.7900390625 0.048828125 0.7431640625
3 0.29296875 0.9970703125 0.2548828125 0.966796875 0.1962890625 0.958984375 0.1396484375 0.998046875 0.29296875 0.9970703125
3 0.564453125 0.8564453125 0.5517578125 0.841796875 0.5341796875 0.833984375 0.5107421875 0.837890625 0.4921875 0.8525390625 0.4853515625 0.869140625 0.486328125 0.8916015625 0.5068359375 0.91796875 0.5341796875 0.91796875 0.564453125 0.8935546875 0.564453125 0.8564453125
3 0.67578125 0.7021484375 0.677734375 0.6787109375 0.671875 0.6650390625 0.6572265625 0.650390625 0.6435546875 0.646484375 0.6005859375 0.650390625 0.5927734375 0.6640625 0.591796875 0.7197265625 0.599609375 0.7333984375 0.6103515625 0.740234375 0.6455078125 0.740234375 0.67578125 0.7021484375
3 0.9775390625 0.8359375 0.99609375 0.8271484375 0.998046875 0.6298828125 0.9931640625 0.623046875 0.9482421875 0.6015625 0.9052734375 0.607421875 0.869140625 0.6455078125 0.8544921875 0.6953125 0.853515625 0.7314453125 0.859375 0.7529296875 0.8876953125 0.794921875 0.9619140625 0.833984375 0.9775390625 0.8359375
3 0.5439453125 0 0.5634765625 0.021484375 0.5888671875 0.03125 0.6220703125 0.0234375 0.6484375 0.0009765625 0.5439453125 0
3 0.9580078125 0.419921875 0.99609375 0.4150390625 1 0.1708984375 0.9951171875 0.154296875 0.9697265625 0.166015625 0.9453125 0.1884765625 0.9375 0.2724609375 0.943359375 0.2880859375 0.9365234375 0.296875 0.9033203125 0.298828125 0.8916015625 0.326171875 0.890625 0.3408203125 0.90625 0.3525390625 0.912109375 0.3720703125 0.9443359375 0.4140625 0.9580078125 0.419921875