3 0 0.9951171875 0.0732421875 0.99609375 0.08203125 0.9873046875 0.091796875 0.9501953125 0.091796875 0.9267578125 0.083984375 0.9091796875 0.0732421875 0.8984375 0 0.8857421875 0 0.9951171875
3 0.060546875 0.5634765625 0 0.5771484375 0.0009765625 0.8671875 0.0380859375 0.869140625 0.1181640625 0.857421875 0.171875 0.8056640625 0.189453125 0.7705078125 0.189453125 0.6708984375 0.16015625 0.6103515625 0.1240234375 0.58203125 0.0849609375 0.564453125 0.060546875 0.5634765625
3 0.779296875 0.7880859375 0.7392578125 0.8046875 0.712890625 0.8310546875 0.69140625 0.8662109375 0.6796875 0.9091796875 0.6796875 0.9462890625 0.697265625 0.9931640625 0.7705078125 0.998046875 0.9208984375 0.99609375 0.943359375 0.9658203125 0.958984375 0.9208984375 0.95703125 0.8779296875 0.9453125 0.8427734375 0.9111328125 0.810546875 0.8232421875 0.787109375 0.779296875 0.7880859375
3 0.705078125 0.2197265625 0.6806640625 0.224609375 0.65234375 0.2509765625 0.638671875 0.2744140625 0.638671875 0.2939453125 0.6728515625 0.33203125 0.7099609375 0.33984375 0.7333984375 0.333984375 0.751953125 0.3193359375 0.759765625 0.2783203125 0.75390625 0.2529296875 0.73828125 0.2275390625 0.7197265625 0.21875 0.705078125 0.2197265625
3 0.955078125 0.0849609375 0.9365234375 0.087890625 0.921875 0.1044921875 0.91796875 0.1533203125 0.9296875 0.1865234375 0.9482421875 0.201171875 0.9658203125 0.205078125 0.998046875 0.1826171875 0.998046875 0.0986328125 0.9833984375 0.083984375 0.955078125 0.0849609375
3 0.71875 0.4384765625 0.7099609375 0.439453125 0.6953125 0.4541015625 0.6953125 0.5048828125 0.7021484375 0.515625 0.7177734375 0.5234375 0.7412109375 0.52734375 0.755859375 0.5166015625 0.763671875 0.4990234375 0.759765625 0.4521484375 0.7470703125 0.44140625 0.71875 0.4384765625
3 0.447265625 0.2568359375 0.3564453125 0.263671875 0.337890625 0.3076171875 0.33203125 0.3447265625 0.36328125 0.3935546875 0.3896484375 0.412109375 0.4267578125 0.416015625 0.4619140625 0.3984375 0.5 0.3564453125 0.505859375 0.3154296875 0.494140625 0.2705078125 0.4658203125 0.2578125 0.447265625 0.2568359375
3 0.142578125 0.0009765625 0.138671875 0.0712890625 0.1484375 0.1025390625 0.16796875 0.1318359375 0.2255859375 0.17578125 0.2939453125 0.19921875 0.3974609375 0.193359375 0.4599609375 0.15234375 0.4921875 0.1103515625 0.517578125 0.0537109375 0.529296875 0.0068359375 0.5283203125 0 0.142578125 0.0009765625
3 0.0703125 0.1376953125 0.041015625 0.1708984375 0.04296875 0.2138671875 0.06640625 0.2451171875 0.072265625 0.2685546875 0.0849609375 0.28125 0.1103515625 0.302734375 0.1318359375 0.30078125 0.162109375 0.2626953125 0.15625 0.2333984375 0.138671875 0.2197265625 0.138671875 0.1787109375 0.1083984375 0.142578125 0.0703125 0.1376953125
3 0 0.4033203125 0.0361328125 0.404296875 0.076171875 0.3818359375 0.107421875 0.3310546875 0.109375 0.3173828125 0.0380859375 0.23046875 0.0185546875 0.220703125 0 0.2197265625 0 0.4033203125
3 0.650390625 0.1552734375 0.5986328125 0.18359375 0.578125 0.2177734375 0.5859375 0.2548828125 0.6005859375 0.271484375 0.6298828125 0.26171875 0.689453125 0.2119140625 0.67578125 0.1650390625 0.6650390625 0.154296875 0.650390625 0.1552734375