3 0.7529296875 1 0.767578125 0.9697265625 0.775390625 0.8857421875 0.763671875 0.8466796875 0.7255859375 0.798828125 0.6845703125 0.77734375 0.6611328125 0.775390625 0.6162109375 0.787109375 0.5810546875 0.8125 0.548828125 0.8583984375 0.5380859375 0.90234375 0.537109375 0.9306640625 0.546875 0.9677734375 0.5712890625 1 0.7529296875 1
3 1 0.6943359375 0.9736328125 0.6640625 0.9267578125 0.6484375 0.8896484375 0.654296875 0.85546875 0.6806640625 0.83984375 0.7099609375 0.8369140625 0.734375 0.837890625 0.7587890625 0.8515625 0.7919921875 0.8798828125 0.826171875 0.9013671875 0.83984375 0.9267578125 0.84765625 0.9443359375 0.845703125 1 0.8115234375 1 0.6943359375
3 0.3544921875 0.947265625 0.3955078125 0.9609375 0.4267578125 0.95703125 0.4580078125 0.94140625 0.486328125 0.9091796875 0.5 0.8779296875 0.50390625 0.8408203125 0.48828125 0.7900390625 0.4658203125 0.763671875 0.4228515625 0.744140625 0.3974609375 0.744140625 0.3505859375 0.765625 0.322265625 0.7998046875 0.3115234375 0.83203125 0.310546875 0.8798828125 0.328125 0.9208984375 0.3544921875 0.947265625
3 0.2666015625 1 0.26953125 0.9912109375 0.265625 0.9501953125 0.251953125 0.9248046875 0.2275390625 0.90234375 0.1884765625 0.884765625 0.1552734375 0.884765625 0.1240234375 0.89453125 0.091796875 0.9208984375 0.07421875 0.9443359375 0.0673828125 0.96484375 0.0693359375 1 0.2666015625 1
3 0.2509765625 0.8671875 0.263671875 0.8544921875 0.265625 0.8349609375 0.2587890625 0.82421875 0.2314453125 0.822265625 0.2177734375 0.83203125 0.22265625 0.8603515625 0.2373046875 0.87109375 0.2509765625 0.8671875
3 0.0625 0.6943359375 0.0849609375 0.712890625 0.1044921875 0.716796875 0.1591796875 0.689453125 0.193359375 0.6552734375 0.201171875 0.6181640625 0.19921875 0.5810546875 0.181640625 0.5478515625 0.1474609375 0.51953125 0.1181640625 0.509765625 0.0751953125 0.513671875 0.046875 0.5341796875 0.0341796875 0.564453125 0.03515625 0.6142578125 0.048828125 0.6630859375 0.0625 0.6943359375
3 0.1162109375 0.435546875 0.1396484375 0.4296875 0.1591796875 0.416015625 0.169921875 0.4052734375 0.177734375 0.3798828125 0.169921875 0.3408203125 0.1611328125 0.330078125 0.1396484375 0.314453125 0.1083984375 0.314453125 0.0830078125 0.32421875 0.06640625 0.3408203125 0.0556640625 0.3828125 0.05859375 0.4033203125 0.0810546875 0.427734375 0.1162109375 0.435546875
3 0.4033203125 0.65234375 0.4208984375 0.654296875 0.4599609375 0.6171875 0.48828125 0.6005859375 0.49609375 0.5673828125 0.4853515625 0.548828125 0.4638671875 0.537109375 0.4326171875 0.541015625 0.40625 0.5595703125 0.390625 0.5771484375 0.3837890625 0.595703125 0.3828125 0.6181640625 0.396484375 0.6455078125 0.4033203125 0.65234375
3 0.5595703125 0.33984375 0.5927734375 0.33984375 0.62890625 0.3017578125 0.6171875 0.2666015625 0.595703125 0.2412109375 0.5576171875 0.2265625 0.537109375 0.2333984375 0.5244140625 0.2734375 0.525390625 0.2978515625 0.537109375 0.3232421875 0.5595703125 0.33984375
3 0.3408203125 0.296875 0.3740234375 0.302734375 0.4111328125 0.2890625 0.455078125 0.2587890625 0.470703125 0.2392578125 0.48046875 0.2021484375 0.4921875 0.1923828125 0.4921875 0.1826171875 0.474609375 0.1572265625 0.470703125 0.1357421875 0.4541015625 0.103515625 0.4345703125 0.09765625 0.4208984375 0.083984375 0.3701171875 0.08203125 0.3369140625 0.091796875 0.306640625 0.1162109375 0.287109375 0.1474609375 0.2763671875 0.1953125 0.275390625 0.2216796875 0.2890625 0.2626953125 0.3408203125 0.296875
3 0.1025390625 0 0.080078125 0.0205078125 0.0693359375 0.04296875 0.068359375 0.0693359375 0.080078125 0.1083984375 0.1025390625 0.130859375 0.1396484375 0.142578125 0.1748046875 0.142578125 0.2001953125 0.130859375 0.212890625 0.1181640625 0.23046875 0.0712890625 0.2265625 0.0361328125 0.2041015625 0 0.1025390625 0
3 0.6708984375 0.283203125 0.6826171875 0.2890625 0.7451171875 0.29296875 0.7861328125 0.26953125 0.8046875 0.2431640625 0.8046875 0.1474609375 0.79296875 0.1279296875 0.7509765625 0.08984375 0.7138671875 0.0859375 0.6708984375 0.103515625 0.642578125 0.1259765625 0.6220703125 0.177734375 0.623046875 0.2119140625 0.63671875 0.2431640625 0.6708984375 0.283203125
3 0.8291015625 0.546875 0.8681640625 0.544921875 0.8857421875 0.537109375 0.90234375 0.5166015625 0.916015625 0.4755859375 0.900390625 0.4248046875 0.8779296875 0.3984375 0.8447265625 0.375 0.8056640625 0.3828125 0.7802734375 0.400390625 0.755859375 0.4326171875 0.7412109375 0.46875 0.7421875 0.4912109375 0.7529296875 0.517578125 0.8291015625 0.546875
3 0.9033203125 0.2265625 0.9287109375 0.23828125 0.9755859375 0.228515625 0.9921875 0.2041015625 0.998046875 0.1708984375 0.9921875 0.1474609375 0.9677734375 0.119140625 0.9228515625 0.103515625 0.9052734375 0.103515625 0.876953125 0.1240234375 0.8701171875 0.150390625 0.869140625 0.1787109375 0.8828125 0.2080078125 0.9033203125 0.2265625
3 0.5048828125 0.04296875 0.5380859375 0.03515625 0.5576171875 0.017578125 0.595703125 0.0009765625 0.4013671875 0 0.4365234375 0.03125 0.4697265625 0.04296875 0.5048828125 0.04296875