3 0.552734375 0.2685546875 0.5478515625 0.310546875 0.560546875 0.3525390625 0.58984375 0.3876953125 0.6044921875 0.400390625 0.6318359375 0.40625 0.6767578125 0.404296875 0.6904296875 0.392578125 0.7353515625 0.375 0.751953125 0.3583984375 0.76171875 0.3330078125 0.7578125 0.2978515625 0.720703125 0.2275390625 0.7060546875 0.2109375 0.6787109375 0.1953125 0.6376953125 0.197265625 0.5732421875 0.2421875 0.552734375 0.2685546875
3 0.4296875 0.1904296875 0.4560546875 0.2109375 0.4755859375 0.236328125 0.5185546875 0.25 0.5361328125 0.25 0.5810546875 0.22265625 0.611328125 0.1923828125 0.623046875 0.1591796875 0.603515625 0.0927734375 0.5810546875 0.07421875 0.5224609375 0.0546875 0.4775390625 0.05859375 0.4501953125 0.07421875 0.43359375 0.0947265625 0.4189453125 0.154296875 0.4296875 0.1904296875
3 0.3056640625 0.095703125 0.3232421875 0.126953125 0.3720703125 0.12890625 0.3984375 0.1005859375 0.40234375 0.0556640625 0.3759765625 0.033203125 0.3447265625 0.033203125 0.310546875 0.0615234375 0.3056640625 0.095703125
3 0.28515625 0.3271484375 0.3046875 0.3603515625 0.3330078125 0.38671875 0.3759765625 0.40234375 0.4091796875 0.40234375 0.4580078125 0.376953125 0.48828125 0.3486328125 0.49609375 0.3251953125 0.486328125 0.2666015625 0.3876953125 0.17578125 0.3466796875 0.177734375 0.3173828125 0.1953125 0.29296875 0.2197265625 0.27734375 0.2626953125 0.2783203125 0.294921875 0.28515625 0.3271484375
3 0.2568359375 0.5078125 0.28515625 0.4716796875 0.283203125 0.4501953125 0.267578125 0.4404296875 0.2607421875 0.42578125 0.2392578125 0.4140625 0.2138671875 0.4140625 0.1923828125 0.42578125 0.1826171875 0.4609375 0.189453125 0.4873046875 0.2119140625 0.50390625 0.2275390625 0.5078125 0.2568359375 0.5078125
3 0.0556640625 0.05859375 0.0703125 0.0302734375 0.0625 0.0107421875 0.0517578125 0.001953125 0.0009765625 0.001953125 0.0009765625 0.056640625 0.0205078125 0.06640625 0.0556640625 0.05859375
3 0.076171875 0.7666015625 0.0771484375 0.810546875 0.0986328125 0.8125 0.1220703125 0.83203125 0.1494140625 0.83203125 0.1787109375 0.81640625 0.19140625 0.7998046875 0.197265625 0.7802734375 0.197265625 0.7236328125 0.1865234375 0.70703125 0.1650390625 0.693359375 0.1376953125 0.689453125 0.1025390625 0.6953125 0.076171875 0.7080078125 0.0673828125 0.75390625 0.076171875 0.7666015625
3 0.3056640625 0.919921875 0.3525390625 0.939453125 0.3876953125 0.93359375 0.4091796875 0.923828125 0.43359375 0.8916015625 0.44921875 0.8544921875 0.44921875 0.8115234375 0.443359375 0.7998046875 0.4091796875 0.771484375 0.3720703125 0.76171875 0.3291015625 0.767578125 0.3056640625 0.78125 0.2890625 0.7998046875 0.28125 0.8193359375 0.2763671875 0.873046875 0.3056640625 0.919921875
3 0.6298828125 1 0.658203125 0.9755859375 0.697265625 0.9228515625 0.703125 0.9091796875 0.703125 0.8623046875 0.69140625 0.8330078125 0.6728515625 0.814453125 0.6298828125 0.80078125 0.5986328125 0.80078125 0.5634765625 0.8125 0.5166015625 0.83984375 0.48046875 0.8876953125 0.4794921875 0.916015625 0.5263671875 1 0.6298828125 1
3 0.6904296875 0.515625 0.685546875 0.5205078125 0.6787109375 0.560546875 0.681640625 0.5732421875 0.6962890625 0.587890625 0.7138671875 0.587890625 0.7578125 0.5693359375 0.73828125 0.5302734375 0.7138671875 0.515625 0.6904296875 0.515625
3 0.845703125 0.4267578125 0.861328125 0.4541015625 0.8935546875 0.474609375 0.9267578125 0.47265625 0.9560546875 0.462890625 0.9765625 0.4404296875 0.986328125 0.4091796875 0.984375 0.3701171875 0.9599609375 0.341796875 0.9423828125 0.330078125 0.8896484375 0.31640625 0.8642578125 0.32421875 0.849609375 0.3388671875 0.8359375 0.3681640625 0.8369140625 0.39453125 0.845703125 0.4267578125
3 0.9765625 0.2861328125 0.974609375 0.2353515625 0.9677734375 0.224609375 0.9462890625 0.212890625 0.9111328125 0.212890625 0.880859375 0.2373046875 0.8779296875 0.265625 0.888671875 0.2861328125 0.9111328125 0.3046875 0.9501953125 0.314453125 0.962890625 0.3076171875 0.9765625 0.2861328125
3 0.70703125 0.1103515625 0.7412109375 0.13671875 0.7919921875 0.158203125 0.8349609375 0.158203125 0.8603515625 0.146484375 0.876953125 0.1337890625 0.896484375 0.0986328125 0.89453125 0.0439453125 0.87890625 0.0068359375 0.8701171875 0.001953125 0.6748046875 0.001953125 0.669921875 0.0048828125 0.6708984375 0.03125 0.681640625 0.0693359375 0.70703125 0.1103515625
3 0.9970703125 1 0.99609375 0.9208984375 0.9501953125 0.919921875 0.9091796875 0.931640625 0.87890625 0.9697265625 0.8798828125 1 0.9970703125 1
3 0.85546875 0.9970703125 0.8271484375 0.96875 0.7900390625 0.96484375 0.7646484375 0.9765625 0.7470703125 1 0.85546875 0.9970703125