3 1 0.8857421875 0.9267578125 0.8984375 0.916015625 0.9091796875 0.908203125 0.9267578125 0.908203125 0.9501953125 0.91796875 0.9873046875 0.9267578125 0.99609375 1 0.9951171875 1 0.8857421875
3 0.828125 0.8056640625 0.8818359375 0.857421875 0.9619140625 0.869140625 0.9990234375 0.8671875 1 0.5771484375 0.939453125 0.5634765625 0.9150390625 0.564453125 0.8759765625 0.58203125 0.83984375 0.6103515625 0.810546875 0.6708984375 0.810546875 0.7705078125 0.828125 0.8056640625
3 0.3203125 0.9462890625 0.3203125 0.9091796875 0.30859375 0.8662109375 0.287109375 0.8310546875 0.2607421875 0.8046875 0.220703125 0.7880859375 0.1767578125 0.787109375 0.0888671875 0.810546875 0.0546875 0.8427734375 0.04296875 0.8779296875 0.041015625 0.9208984375 0.056640625 0.9658203125 0.0791015625 0.99609375 0.2294921875 0.998046875 0.302734375 0.9931640625 0.3203125 0.9462890625
3 0.3271484375 0.33203125 0.361328125 0.2939453125 0.361328125 0.2744140625 0.34765625 0.2509765625 0.3193359375 0.224609375 0.294921875 0.2197265625 0.2802734375 0.21875 0.26171875 0.2275390625 0.24609375 0.2529296875 0.240234375 0.2783203125 0.248046875 0.3193359375 0.2666015625 0.333984375 0.2900390625 0.33984375 0.3271484375 0.33203125
3 0.0517578125 0.201171875 0.0703125 0.1865234375 0.08203125 0.1533203125 0.078125 0.1044921875 0.0634765625 0.087890625 0.044921875 0.0849609375 0.0166015625 0.083984375 0.001953125 0.0986328125 0.001953125 0.1826171875 0.0341796875 0.205078125 0.0517578125 0.201171875
3 0.2822265625 0.5234375 0.2978515625 0.515625 0.3046875 0.5048828125 0.3046875 0.4541015625 0.2900390625 0.439453125 0.28125 0.4384765625 0.2529296875 0.44140625 0.240234375 0.4521484375 0.236328125 0.4990234375 0.244140625 0.5166015625 0.2587890625 0.52734375 0.2822265625 0.5234375
3 0.6103515625 0.412109375 0.63671875 0.3935546875 0.66796875 0.3447265625 0.662109375 0.3076171875 0.6435546875 0.263671875 0.552734375 0.2568359375 0.5341796875 0.2578125 0.505859375 0.2705078125 0.494140625 0.3154296875 0.5 0.3564453125 0.5380859375 0.3984375 0.5732421875 0.416015625 0.6103515625 0.412109375
3 0.7060546875 0.19921875 0.7744140625 0.17578125 0.83203125 0.1318359375 0.8515625 0.1025390625 0.861328125 0.0712890625 0.857421875 0.0009765625 0.4716796875 0 0.470703125 0.0068359375 0.482421875 0.0537109375 0.5078125 0.1103515625 0.5400390625 0.15234375 0.6025390625 0.193359375 0.7060546875 0.19921875
3 0.9150390625 0.28125 0.927734375 0.2685546875 0.93359375 0.2451171875 0.95703125 0.2138671875 0.958984375 0.1708984375 0.9296875 0.1376953125 0.8916015625 0.142578125 0.861328125 0.1787109375 0.861328125 0.2197265625 0.84375 0.2333984375 0.837890625 0.2626953125 0.8681640625 0.30078125 0.8896484375 0.302734375 0.9150390625 0.28125
3 1 0.2197265625 0.9814453125 0.220703125 0.9619140625 0.23046875 0.890625 0.3173828125 0.892578125 0.3310546875 0.923828125 0.3818359375 0.9638671875 0.404296875 1 0.4033203125 1 0.2197265625
3 0.3701171875 0.26171875 0.3994140625 0.271484375 0.4140625 0.2548828125 0.421875 0.2177734375 0.4013671875 0.18359375 0.349609375 0.1552734375 0.3349609375 0.154296875 0.32421875 0.1650390625 0.310546875 0.2119140625 0.3701171875 0.26171875