3 0.189453125 0.8505859375 0.16015625 0.8076171875 0.1240234375 0.78515625 0.1025390625 0.78125 0.0751953125 0.791015625 0.0537109375 0.791015625 0.0166015625 0.80859375 0 0.8388671875 0.0009765625 0.91015625 0.017578125 0.9501953125 0.0263671875 0.947265625 0.03125 0.9521484375 0.021484375 0.9541015625 0.0341796875 0.96484375 0.1220703125 0.97265625 0.1572265625 0.95703125 0.181640625 0.9287109375 0.19140625 0.8974609375 0.189453125 0.8505859375
3 0.123046875 0.6806640625 0.1220703125 0.70703125 0.126953125 0.7236328125 0.1513671875 0.7421875 0.1728515625 0.7421875 0.193359375 0.7294921875 0.19921875 0.6943359375 0.193359375 0.6455078125 0.1865234375 0.63671875 0.1611328125 0.63671875 0.138671875 0.6494140625 0.123046875 0.6806640625
3 0.2578125 0.1552734375 0.22265625 0.1083984375 0.1845703125 0.08203125 0.1494140625 0.080078125 0.0927734375 0.091796875 0.056640625 0.1396484375 0.0498046875 0.1796875 0.05859375 0.2216796875 0.078125 0.2607421875 0.1142578125 0.29296875 0.1474609375 0.306640625 0.1708984375 0.30859375 0.1982421875 0.298828125 0.2197265625 0.28515625 0.2578125 0.2412109375 0.263671875 0.1904296875 0.2578125 0.1552734375
3 0.1494140625 0.03515625 0.1796875 0.0087890625 0.1796875 0.0029296875 0.0732421875 0 0.0732421875 0.009765625 0.0888671875 0.037109375 0.1240234375 0.04296875 0.1494140625 0.03515625
3 0.234375 0.0849609375 0.2705078125 0.12109375 0.2958984375 0.1328125 0.3935546875 0.130859375 0.4296875 0.1083984375 0.455078125 0.0439453125 0.48046875 0.0009765625 0.2255859375 0 0.2099609375 0.037109375 0.234375 0.0849609375
3 0.4951171875 0 0.45703125 0.0537109375 0.4521484375 0.09375 0.458984375 0.1201171875 0.4736328125 0.1328125 0.5263671875 0.138671875 0.5654296875 0.119140625 0.60546875 0.0830078125 0.61328125 0.0654296875 0.5791015625 0 0.4951171875 0
3 0.6015625 0.0380859375 0.6220703125 0.05859375 0.6552734375 0.0703125 0.6845703125 0.072265625 0.7158203125 0.0625 0.734375 0.0458984375 0.744140625 0.0009765625 0.5869140625 0 0.5869140625 0.0078125 0.6015625 0.0380859375
3 0.80078125 0.0263671875 0.7841796875 0.087890625 0.787109375 0.1064453125 0.7958984375 0.11328125 0.8173828125 0.119140625 0.8544921875 0.1171875 0.9501953125 0.056640625 0.9814453125 0.044921875 0.99609375 0.0302734375 0.99609375 0.0009765625 0.8173828125 0 0.80078125 0.0263671875
3 0.89453125 0.1962890625 0.8857421875 0.2421875 0.890625 0.2587890625 0.9013671875 0.26953125 0.9404296875 0.29296875 0.9619140625 0.29296875 0.9931640625 0.279296875 0.998046875 0.2607421875 0.99609375 0.1533203125 0.9521484375 0.154296875 0.9189453125 0.169921875 0.89453125 0.1962890625
3 0.8544921875 0.259765625 0.8671875 0.2412109375 0.876953125 0.1962890625 0.8583984375 0.181640625 0.8134765625 0.193359375 0.794921875 0.2177734375 0.7919921875 0.2421875 0.8115234375 0.263671875 0.8544921875 0.259765625
3 0.8359375 0.2998046875 0.8212890625 0.37890625 0.8447265625 0.3984375 0.8642578125 0.40234375 0.9169921875 0.3984375 0.9287109375 0.388671875 0.9423828125 0.38671875 0.94921875 0.3662109375 0.943359375 0.3134765625 0.9033203125 0.283203125 0.8525390625 0.28125 0.8359375 0.2998046875
3 0.5537109375 0.44140625 0.5712890625 0.48046875 0.5908203125 0.490234375 0.6142578125 0.48828125 0.66015625 0.4501953125 0.666015625 0.4267578125 0.662109375 0.3955078125 0.6396484375 0.373046875 0.5966796875 0.37109375 0.55859375 0.4072265625 0.5537109375 0.44140625
3 0.8232421875 0.591796875 0.8076171875 0.587890625 0.7744140625 0.587890625 0.7353515625 0.59765625 0.705078125 0.6337890625 0.6982421875 0.666015625 0.71484375 0.7119140625 0.7412109375 0.736328125 0.7744140625 0.74609375 0.8076171875 0.744140625 0.8369140625 0.734375 0.8671875 0.7080078125 0.875 0.6845703125 0.875 0.6630859375 0.857421875 0.6220703125 0.8232421875 0.591796875
3 0.3544921875 0.298828125 0.3876953125 0.306640625 0.421875 0.2822265625 0.427734375 0.2529296875 0.4091796875 0.224609375 0.3740234375 0.220703125 0.3603515625 0.224609375 0.341796875 0.2431640625 0.3388671875 0.271484375 0.3544921875 0.298828125
3 0.388671875 0.6572265625 0.400390625 0.6416015625 0.3984375 0.6240234375 0.3818359375 0.60546875 0.2978515625 0.59765625 0.2763671875 0.609375 0.2265625 0.6572265625 0.2216796875 0.6796875 0.23046875 0.7490234375 0.2431640625 0.771484375 0.3173828125 0.794921875 0.3369140625 0.806640625 0.3623046875 0.80078125 0.376953125 0.7841796875 0.3984375 0.7197265625 0.3984375 0.6884765625 0.38671875 0.6728515625 0.388671875 0.6572265625
3 0.3447265625 1 0.451171875 0.9990234375 0.443359375 0.9638671875 0.4296875 0.9404296875 0.4150390625 0.9296875 0.3876953125 0.92578125 0.3525390625 0.93359375 0.341796875 0.9462890625 0.3408203125 0.9921875 0.3447265625 1
3 0.4052734375 0.888671875 0.423828125 0.8759765625 0.423828125 0.8349609375 0.4130859375 0.8203125 0.3876953125 0.81640625 0.3671875 0.8349609375 0.3642578125 0.86328125 0.3759765625 0.8828125 0.4052734375 0.888671875
3 0.6396484375 0.818359375 0.658203125 0.7978515625 0.658203125 0.7646484375 0.6396484375 0.74609375 0.6025390625 0.74609375 0.5859375 0.7666015625 0.5830078125 0.796875 0.5927734375 0.814453125 0.6396484375 0.818359375
3 0.7734375 0.8154296875 0.751953125 0.8486328125 0.7451171875 0.8828125 0.755859375 0.9248046875 0.7744140625 0.9453125 0.8369140625 0.9453125 0.908203125 0.8955078125 0.9140625 0.8857421875 0.91015625 0.8369140625 0.8779296875 0.80859375 0.8310546875 0.79296875 0.8056640625 0.794921875 0.7734375 0.8154296875
3 0.7587890625 1 0.759765625 0.9931640625 0.7353515625 0.962890625 0.7060546875 0.94921875 0.6767578125 0.947265625 0.6259765625 0.962890625 0.603515625 0.9833984375 0.5947265625 1 0.7587890625 1
3 0.9951171875 1 0.99609375 0.9912109375 0.9482421875 0.94140625 0.9091796875 0.935546875 0.8427734375 0.96875 0.8134765625 1 0.9951171875 1