3 0.2177734375 0.416015625 0.1982421875 0.404296875 0.169921875 0.4052734375 0.1337890625 0.419921875 0.095703125 0.4619140625 0.087890625 0.4814453125 0.099609375 0.5419921875 0.1279296875 0.568359375 0.1474609375 0.57421875 0.2138671875 0.56640625 0.26953125 0.5185546875 0.291015625 0.4814453125 0.2802734375 0.455078125 0.2392578125 0.44140625 0.2177734375 0.416015625
3 0.501953125 0.5771484375 0.494140625 0.5029296875 0.4443359375 0.47265625 0.41015625 0.4697265625 0.3935546875 0.47265625 0.36328125 0.4931640625 0.31640625 0.5576171875 0.30859375 0.5791015625 0.310546875 0.6103515625 0.3251953125 0.630859375 0.3623046875 0.640625 0.3857421875 0.654296875 0.4228515625 0.654296875 0.4580078125 0.642578125 0.486328125 0.6162109375 0.501953125 0.5771484375
3 0.5498046875 0.18359375 0.5234375 0.1826171875 0.5009765625 0.19140625 0.48046875 0.2138671875 0.47265625 0.2705078125 0.478515625 0.2978515625 0.4853515625 0.3046875 0.5380859375 0.322265625 0.5869140625 0.3046875 0.6015625 0.2900390625 0.615234375 0.2685546875 0.615234375 0.2412109375 0.5732421875 0.193359375 0.5498046875 0.18359375
3 0.7060546875 0.015625 0.6640625 0.0166015625 0.6435546875 0.0234375 0.619140625 0.0498046875 0.619140625 0.0810546875 0.6435546875 0.1015625 0.6767578125 0.103515625 0.7041015625 0.09765625 0.7275390625 0.08203125 0.7470703125 0.078125 0.76171875 0.0576171875 0.7578125 0.0341796875 0.7431640625 0.025390625 0.7060546875 0.015625
3 0.3251953125 0 0.162109375 0.0009765625 0.140625 0.0244140625 0.12890625 0.0673828125 0.138671875 0.0966796875 0.1689453125 0.125 0.2001953125 0.134765625 0.2294921875 0.134765625 0.2646484375 0.125 0.3056640625 0.103515625 0.33203125 0.0791015625 0.337890625 0.0400390625 0.333984375 0.0146484375 0.3251953125 0
3 0.806640625 0.7216796875 0.8203125 0.6357421875 0.81640625 0.6201171875 0.7802734375 0.572265625 0.7626953125 0.56640625 0.72265625 0.5673828125 0.6708984375 0.580078125 0.6259765625 0.611328125 0.595703125 0.6494140625 0.595703125 0.7041015625 0.580078125 0.7646484375 0.5810546875 0.80859375 0.6083984375 0.810546875 0.6298828125 0.82421875 0.6806640625 0.82421875 0.7099609375 0.8203125 0.767578125 0.7998046875 0.806640625 0.7216796875
3 1 0.5517578125 0.9765625 0.5517578125 0.9306640625 0.564453125 0.8583984375 0.623046875 0.84765625 0.6396484375 0.818359375 0.7548828125 0.8203125 0.7880859375 0.833984375 0.8193359375 0.8642578125 0.841796875 0.8916015625 0.84765625 0.9404296875 0.845703125 1 0.8173828125 1 0.5517578125
3 0.9052734375 1 0.91796875 0.9892578125 0.94140625 0.9501953125 0.943359375 0.9130859375 0.9208984375 0.890625 0.876953125 0.8876953125 0.8486328125 0.892578125 0.8203125 0.9169921875 0.814453125 0.9287109375 0.81640625 0.9638671875 0.8212890625 0.974609375 0.8583984375 1 0.9052734375 1
3 0.7119140625 0.87109375 0.673828125 0.8681640625 0.6337890625 0.880859375 0.609375 0.9130859375 0.6171875 0.9658203125 0.6435546875 0.990234375 0.6552734375 0.990234375 0.6845703125 0.970703125 0.7294921875 0.955078125 0.744140625 0.9443359375 0.751953125 0.9248046875 0.748046875 0.9033203125 0.7314453125 0.880859375 0.7119140625 0.87109375
3 0.583984375 0.9326171875 0.5595703125 0.91796875 0.533203125 0.9169921875 0.4560546875 0.9765625 0.44140625 0.9990234375 0.6044921875 1 0.60546875 0.9833984375 0.583984375 0.9326171875
3 0.4453125 0.8740234375 0.4306640625 0.859375 0.392578125 0.8564453125 0.3603515625 0.861328125 0.341796875 0.8740234375 0.333984375 0.8896484375 0.333984375 0.9208984375 0.3603515625 0.9453125 0.4033203125 0.962890625 0.4130859375 0.97265625 0.4248046875 0.97265625 0.4541015625 0.95703125 0.46484375 0.9423828125 0.458984375 0.9033203125 0.4453125 0.8740234375
3 0.109375 0.7568359375 0.0849609375 0.765625 0.05859375 0.7958984375 0.0546875 0.8408203125 0.0712890625 0.857421875 0.0966796875 0.859375 0.1201171875 0.853515625 0.1435546875 0.837890625 0.15625 0.8212890625 0.15625 0.7802734375 0.1376953125 0.763671875 0.1220703125 0.755859375 0.109375 0.7568359375
3 0.099609375 0.9423828125 0.1181640625 0.958984375 0.1494140625 0.962890625 0.1865234375 0.95703125 0.212890625 0.9091796875 0.2041015625 0.865234375 0.150390625 0.8525390625 0.1044921875 0.87109375 0.091796875 0.8857421875 0.099609375 0.9423828125
3 0.009765625 0.9306640625 0.005859375 0.9560546875 0.0126953125 0.966796875 0.0693359375 0.962890625 0.08984375 0.9521484375 0.09375 0.9326171875 0.087890625 0.8955078125 0.0751953125 0.884765625 0.056640625 0.8857421875 0.0341796875 0.8984375 0.009765625 0.9306640625
3 0.1689453125 0.984375 0.1455078125 0.97265625 0.06640625 0.9697265625 0.0380859375 0.9765625 0.0234375 0.9892578125 0.021484375 0.9990234375 0.17578125 0.9990234375 0.1689453125 0.984375
3 0 0.2392578125 0.0146484375 0.240234375 0.0234375 0.2353515625 0.025390625 0.2099609375 0.052734375 0.1826171875 0.0625 0.1279296875 0.05859375 0.1142578125 0.0400390625 0.09375 0.0205078125 0.083984375 0 0.0830078125 0 0.2392578125
3 0.3916015625 0.0703125 0.4150390625 0.08203125 0.4443359375 0.083984375 0.4765625 0.0693359375 0.48828125 0.0439453125 0.4931640625 0 0.392578125 0.0009765625 0.3828125 0.0478515625 0.3828125 0.0595703125 0.3916015625 0.0703125
3 0.9921875 0.0712890625 1 0.0517578125 0.9990234375 0 0.890625 0.0009765625 0.876953125 0.0361328125 0.861328125 0.0576171875 0.8291015625 0.072265625 0.8125 0.0888671875 0.787109375 0.1513671875 0.7919921875 0.15625 0.8330078125 0.1484375 0.8544921875 0.154296875 0.8701171875 0.16796875 0.9013671875 0.158203125 0.9501953125 0.125 0.9921875 0.0712890625