3 0.6728515625 0.751953125 0.7021484375 0.751953125 0.73828125 0.7236328125 0.748046875 0.7060546875 0.7490234375 0.666015625 0.732421875 0.6240234375 0.6962890625 0.58984375 0.6669921875 0.576171875 0.6513671875 0.576171875 0.6240234375 0.587890625 0.6015625 0.6240234375 0.599609375 0.6611328125 0.609375 0.6904296875 0.6513671875 0.740234375 0.6728515625 0.751953125
3 0.8564453125 0.931640625 0.8857421875 0.923828125 0.91015625 0.9013671875 0.923828125 0.8779296875 0.9287109375 0.8359375 0.919921875 0.8056640625 0.8955078125 0.77734375 0.8525390625 0.751953125 0.8173828125 0.748046875 0.7939453125 0.759765625 0.76953125 0.7919921875 0.759765625 0.8447265625 0.771484375 0.8876953125 0.8076171875 0.9296875 0.8564453125 0.931640625
3 0.6748046875 0.888671875 0.640625 0.9189453125 0.595703125 0.9990234375 0.7548828125 1 0.7587890625 0.970703125 0.755859375 0.9365234375 0.7333984375 0.908203125 0.6748046875 0.888671875
3 0.470703125 0.9462890625 0.4482421875 0.916015625 0.4033203125 0.892578125 0.3642578125 0.890625 0.3447265625 0.900390625 0.31640625 0.9306640625 0.291015625 0.9990234375 0.4775390625 1 0.4794921875 0.9765625 0.470703125 0.9462890625
3 0.9404296875 0.671875 0.9833984375 0.65625 1 0.6416015625 0.9990234375 0.466796875 0.9599609375 0.451171875 0.8818359375 0.443359375 0.8466796875 0.44921875 0.818359375 0.4755859375 0.81640625 0.5244140625 0.82421875 0.5927734375 0.837890625 0.6318359375 0.8544921875 0.6484375 0.8896484375 0.666015625 0.9404296875 0.671875
3 0.8916015625 0.43359375 0.9931640625 0.453125 1 0.4521484375 0.9990234375 0.076171875 0.9384765625 0.103515625 0.9091796875 0.134765625 0.8818359375 0.1484375 0.861328125 0.1689453125 0.841796875 0.1962890625 0.841796875 0.2412109375 0.826171875 0.2724609375 0.830078125 0.3603515625 0.853515625 0.4130859375 0.8916015625 0.43359375
3 0.8212890625 0.203125 0.900390625 0.1123046875 0.908203125 0.0927734375 0.9072265625 0.0703125 0.8974609375 0.05078125 0.8681640625 0.03515625 0.8251953125 0.037109375 0.7900390625 0.0625 0.759765625 0.1044921875 0.751953125 0.1298828125 0.751953125 0.1630859375 0.763671875 0.1962890625 0.7861328125 0.2109375 0.8212890625 0.203125
3 0.7060546875 0.251953125 0.72265625 0.2294921875 0.7255859375 0.197265625 0.72265625 0.1845703125 0.7080078125 0.16796875 0.6904296875 0.162109375 0.6689453125 0.1640625 0.6572265625 0.169921875 0.642578125 0.1904296875 0.640625 0.2373046875 0.6533203125 0.251953125 0.6650390625 0.255859375 0.7060546875 0.251953125
3 0.6669921875 0.46484375 0.650390625 0.4853515625 0.65234375 0.5146484375 0.6689453125 0.529296875 0.6923828125 0.52734375 0.7109375 0.5048828125 0.7119140625 0.48046875 0.6962890625 0.462890625 0.6669921875 0.46484375
3 0.2353515625 0.818359375 0.1962890625 0.80859375 0.171875 0.8251953125 0.169921875 0.8603515625 0.185546875 0.8916015625 0.2021484375 0.908203125 0.2255859375 0.91015625 0.24609375 0.8896484375 0.2490234375 0.84375 0.2353515625 0.818359375
3 0.2001953125 1 0.2060546875 0.953125 0.197265625 0.9267578125 0.1630859375 0.890625 0.1435546875 0.880859375 0.1201171875 0.87890625 0.0908203125 0.888671875 0.072265625 0.9072265625 0.05859375 0.9345703125 0.056640625 0.9716796875 0.0732421875 1 0.2001953125 1
3 0.0009765625 0 0.00390625 0.1220703125 0.0380859375 0.142578125 0.0732421875 0.154296875 0.1123046875 0.15234375 0.1611328125 0.130859375 0.216796875 0.0634765625 0.2158203125 0.013671875 0.2138671875 0 0.0009765625 0
3 0.4052734375 0 0.388671875 0.0341796875 0.388671875 0.0751953125 0.396484375 0.0869140625 0.4130859375 0.095703125 0.4580078125 0.0703125 0.482421875 0.0439453125 0.494140625 0.0146484375 0.4931640625 0 0.4052734375 0
3 0.5244140625 0 0.5234375 0.0068359375 0.5400390625 0.03515625 0.5654296875 0.044921875 0.5966796875 0.0390625 0.6142578125 0.029296875 0.6298828125 0 0.5244140625 0
3 0.2451171875 0 0.240234375 0.0166015625 0.2421875 0.0615234375 0.2587890625 0.078125 0.2978515625 0.08203125 0.32421875 0.0615234375 0.3271484375 0.029296875 0.3095703125 0 0.2451171875 0