3 0.3173828125 0.154296875 0.2587890625 0.134765625 0.25 0.1650390625 0.27734375 0.1943359375 0.27734375 0.2353515625 0.298828125 0.2451171875 0.3251953125 0.244140625 0.341796875 0.2275390625 0.34765625 0.2119140625 0.345703125 0.1884765625 0.3173828125 0.154296875
3 0.5390625 0.2685546875 0.5224609375 0.25390625 0.4853515625 0.259765625 0.474609375 0.2861328125 0.4765625 0.3056640625 0.50390625 0.3310546875 0.5185546875 0.328125 0.54296875 0.2939453125 0.5390625 0.2685546875
3 0.5224609375 0.63671875 0.4912109375 0.63671875 0.4755859375 0.64453125 0.453125 0.6728515625 0.455078125 0.7041015625 0.474609375 0.7314453125 0.5146484375 0.73046875 0.541015625 0.7119140625 0.552734375 0.6884765625 0.552734375 0.6708984375 0.5341796875 0.642578125 0.5224609375 0.63671875
3 0.8037109375 0.31640625 0.77734375 0.3388671875 0.771484375 0.3662109375 0.779296875 0.3935546875 0.7939453125 0.41015625 0.806640625 0.4130859375 0.853515625 0.4072265625 0.869140625 0.3642578125 0.869140625 0.3330078125 0.8642578125 0.328125 0.8388671875 0.31640625 0.8037109375 0.31640625
3 1 0.2744140625 0.9951171875 0.271484375 0.9580078125 0.271484375 0.923828125 0.2998046875 0.916015625 0.3544921875 0.92578125 0.3779296875 0.9453125 0.3955078125 0.9697265625 0.396484375 1 0.3837890625 1 0.2744140625
3 0.9990234375 0.078125 0.9736328125 0.083984375 0.962890625 0.0966796875 0.951171875 0.1396484375 0.955078125 0.1787109375 0.98828125 0.1923828125 1 0.1923828125 0.9990234375 0.078125
3 0.7626953125 0.861328125 0.736328125 0.8896484375 0.72265625 0.9267578125 0.72265625 0.9501953125 0.73046875 0.9775390625 0.75390625 0.9990234375 0.8173828125 1 0.8330078125 0.9921875 0.85546875 0.9677734375 0.865234375 0.9443359375 0.869140625 0.9072265625 0.85546875 0.8740234375 0.8330078125 0.85546875 0.7822265625 0.8515625 0.7626953125 0.861328125
3 1 0.8837890625 0.9951171875 0.880859375 0.9638671875 0.87890625 0.9462890625 0.884765625 0.919921875 0.9189453125 0.916015625 0.9423828125 0.923828125 0.9697265625 0.9345703125 0.984375 0.955078125 0.9951171875 0.9853515625 0.994140625 1 0.9814453125 1 0.8837890625
3 0.3837890625 1 0.384765625 0.9560546875 0.3623046875 0.9296875 0.3251953125 0.92578125 0.287109375 0.9619140625 0.279296875 0.9990234375 0.3837890625 1
3 0.107421875 0.8798828125 0.091796875 0.9228515625 0.09375 0.9736328125 0.1025390625 0.984375 0.1376953125 0.9765625 0.162109375 0.9892578125 0.1982421875 0.986328125 0.201171875 0.9736328125 0.2265625 0.9482421875 0.23828125 0.9189453125 0.236328125 0.8623046875 0.1962890625 0.83203125 0.1806640625 0.830078125 0.1650390625 0.83984375 0.1318359375 0.845703125 0.107421875 0.8798828125
3 0.0732421875 0.59765625 0.0576171875 0.603515625 0.037109375 0.6318359375 0.021484375 0.6767578125 0.048828125 0.7314453125 0.08203125 0.7431640625 0.1162109375 0.734375 0.1298828125 0.712890625 0.14453125 0.7080078125 0.15234375 0.6416015625 0.1181640625 0.60546875 0.0732421875 0.59765625
3 0.203125 0.5029296875 0.1943359375 0.501953125 0.1640625 0.5283203125 0.150390625 0.5634765625 0.16015625 0.5888671875 0.181640625 0.6044921875 0.2080078125 0.599609375 0.22265625 0.5693359375 0.212890625 0.5224609375 0.21875 0.5126953125 0.2041015625 0.48046875 0.1953125 0.4853515625 0.1953125 0.4990234375 0.203125 0.5029296875