3 0.208984375 0.9462890625 0.208984375 0.9248046875 0.21875 0.8974609375 0.21484375 0.8759765625 0.1923828125 0.83984375 0.1494140625 0.810546875 0.1025390625 0.80859375 0.0712890625 0.818359375 0.04296875 0.8427734375 0.02734375 0.8779296875 0.03515625 0.9658203125 0.0458984375 0.978515625 0.0478515625 0.96875 0.052734375 0.9736328125 0.0498046875 0.982421875 0.08984375 0.9990234375 0.1611328125 1 0.19140625 0.9833984375 0.208984375 0.9462890625
3 0.36328125 0.8388671875 0.36328125 0.8134765625 0.3544921875 0.806640625 0.3056640625 0.80078125 0.2705078125 0.806640625 0.2578125 0.8271484375 0.2578125 0.8486328125 0.2763671875 0.873046875 0.29296875 0.8779296875 0.3193359375 0.876953125 0.3505859375 0.861328125 0.36328125 0.8388671875
3 0.919921875 0.8505859375 0.91796875 0.8154296875 0.8916015625 0.77734375 0.8447265625 0.7421875 0.8095703125 0.736328125 0.7587890625 0.7421875 0.71484375 0.7802734375 0.701171875 0.8017578125 0.69140625 0.8291015625 0.693359375 0.8525390625 0.70703125 0.8857421875 0.7392578125 0.921875 0.7783203125 0.94140625 0.8203125 0.9501953125 0.8603515625 0.943359375 0.908203125 0.9072265625 0.919921875 0.8505859375
3 0.9912109375 0.8203125 0.96484375 0.8505859375 0.95703125 0.8759765625 0.962890625 0.9111328125 0.990234375 0.9267578125 1 0.9267578125 0.9970703125 0.8203125 0.9912109375 0.8203125
3 0.9560546875 0.544921875 0.8916015625 0.5703125 0.869140625 0.6064453125 0.8671875 0.7041015625 0.87890625 0.7294921875 0.9150390625 0.765625 0.962890625 0.7900390625 1 0.7744140625 0.9990234375 0.51953125 0.9560546875 0.544921875
3 1 0.4208984375 0.9345703125 0.38671875 0.9169921875 0.39453125 0.880859375 0.4345703125 0.861328125 0.4736328125 0.8671875 0.5263671875 0.8798828125 0.541015625 0.90625 0.5478515625 0.9462890625 0.54296875 1 0.5048828125 1 0.4208984375
3 0.9541015625 0.265625 0.9375 0.2841796875 0.927734375 0.3154296875 0.9296875 0.3447265625 0.94140625 0.3779296875 0.9619140625 0.3984375 0.9921875 0.4130859375 1 0.4130859375 0.9990234375 0.255859375 0.9541015625 0.265625
3 0.9990234375 0.00390625 0.9697265625 0.00390625 0.955078125 0.0185546875 0.943359375 0.0498046875 0.8828125 0.1455078125 0.880859375 0.1826171875 0.88671875 0.2041015625 0.8935546875 0.212890625 0.912109375 0.2158203125 0.9736328125 0.19921875 1 0.1826171875 0.9990234375 0.00390625
3 0.845703125 0.0478515625 0.8466796875 0.00390625 0.7392578125 0.001953125 0.720703125 0.0068359375 0.70703125 0.0380859375 0.70703125 0.0595703125 0.73046875 0.0986328125 0.7412109375 0.109375 0.7578125 0.1142578125 0.8037109375 0.10546875 0.830078125 0.0810546875 0.845703125 0.0478515625
3 0.818359375 0.1416015625 0.8037109375 0.123046875 0.7587890625 0.1328125 0.740234375 0.1455078125 0.736328125 0.1884765625 0.7578125 0.2080078125 0.7822265625 0.205078125 0.806640625 0.1865234375 0.818359375 0.1416015625
3 0.716796875 0.0966796875 0.6865234375 0.056640625 0.6337890625 0.05078125 0.61328125 0.0576171875 0.611328125 0.0712890625 0.6015625 0.0830078125 0.59765625 0.1357421875 0.6015625 0.1552734375 0.62109375 0.1787109375 0.7001953125 0.1640625 0.71875 0.1474609375 0.716796875 0.0966796875
3 0.626953125 0.3603515625 0.6044921875 0.337890625 0.5732421875 0.333984375 0.5498046875 0.33984375 0.51171875 0.3857421875 0.509765625 0.4091796875 0.51953125 0.4287109375 0.55859375 0.4462890625 0.5927734375 0.44140625 0.62890625 0.4033203125 0.626953125 0.3603515625
3 0.412109375 0.2255859375 0.412109375 0.1923828125 0.408203125 0.1767578125 0.3779296875 0.142578125 0.3369140625 0.125 0.3154296875 0.125 0.2919921875 0.1328125 0.265625 0.1630859375 0.255859375 0.1923828125 0.25390625 0.2255859375 0.263671875 0.2587890625 0.2880859375 0.28515625 0.333984375 0.3017578125 0.3662109375 0.294921875 0.40234375 0.2646484375 0.412109375 0.2255859375
3 0.779296875 0.6259765625 0.775390625 0.5908203125 0.7470703125 0.572265625 0.7177734375 0.578125 0.693359375 0.6123046875 0.701171875 0.6455078125 0.728515625 0.6611328125 0.7568359375 0.658203125 0.775390625 0.6396484375 0.779296875 0.6259765625
3 0.40234375 0.7021484375 0.39453125 0.6181640625 0.3759765625 0.6015625 0.3583984375 0.599609375 0.3427734375 0.611328125 0.3271484375 0.61328125 0.3115234375 0.6015625 0.2802734375 0.6015625 0.2158203125 0.623046875 0.19921875 0.6376953125 0.193359375 0.6630859375 0.205078125 0.6826171875 0.228515625 0.7568359375 0.2509765625 0.76953125 0.3203125 0.7783203125 0.3427734375 0.7734375 0.390625 0.7236328125 0.40234375 0.7021484375
3 0.07421875 0.6123046875 0.0703125 0.5849609375 0.0595703125 0.5703125 0.0361328125 0.556640625 0.0009765625 0.548828125 0 0.6552734375 0.0078125 0.6591796875 0.0537109375 0.658203125 0.06640625 0.6474609375 0.07421875 0.6123046875
3 0.1796875 0.5869140625 0.1650390625 0.576171875 0.1240234375 0.576171875 0.111328125 0.5947265625 0.1171875 0.6240234375 0.13671875 0.6357421875 0.1650390625 0.6328125 0.18359375 0.6123046875 0.1796875 0.5869140625
3 0.25390625 0.3603515625 0.2353515625 0.341796875 0.2021484375 0.341796875 0.181640625 0.3603515625 0.185546875 0.4072265625 0.203125 0.4169921875 0.2333984375 0.4140625 0.25390625 0.3974609375 0.25390625 0.3603515625
3 0.205078125 0.1943359375 0.20703125 0.1689453125 0.19140625 0.1220703125 0.1630859375 0.08984375 0.1142578125 0.0859375 0.1044921875 0.091796875 0.0546875 0.1630859375 0.0546875 0.2255859375 0.0751953125 0.244140625 0.1171875 0.2548828125 0.1513671875 0.248046875 0.1845703125 0.2265625 0.205078125 0.1943359375
3 0 0.4052734375 0.0166015625 0.396484375 0.037109375 0.3740234375 0.052734375 0.3232421875 0.05078125 0.2939453125 0.037109375 0.2646484375 0.0068359375 0.240234375 0 0.2412109375 0 0.4052734375
3 0 0.1865234375 0.03125 0.1572265625 0.064453125 0.0908203125 0.05859375 0.0517578125 0.0087890625 0.00390625 0 0.0048828125 0 0.1865234375