3 0.6923828125 0.876953125 0.7099609375 0.869140625 0.736328125 0.8369140625 0.7470703125 0.77734375 0.73828125 0.7431640625 0.7119140625 0.712890625 0.6923828125 0.703125 0.6533203125 0.697265625 0.6220703125 0.712890625 0.595703125 0.7392578125 0.5859375 0.7802734375 0.587890625 0.8115234375 0.59375 0.8271484375 0.6396484375 0.87109375 0.6728515625 0.87890625 0.6923828125 0.876953125
3 0.947265625 0.8408203125 0.9501953125 0.783203125 0.9345703125 0.76171875 0.8974609375 0.74609375 0.8466796875 0.751953125 0.810546875 0.7763671875 0.79296875 0.8095703125 0.791015625 0.8291015625 0.80859375 0.8857421875 0.8330078125 0.919921875 0.8525390625 0.916015625 0.8837890625 0.927734375 0.900390625 0.9150390625 0.947265625 0.8408203125
3 0.7607421875 0.58984375 0.74609375 0.6025390625 0.744140625 0.6376953125 0.7685546875 0.662109375 0.7958984375 0.662109375 0.8203125 0.6396484375 0.8193359375 0.611328125 0.8076171875 0.5859375 0.7822265625 0.583984375 0.7607421875 0.58984375
3 0.9892578125 1 1 0.9990234375 0.9990234375 0.8125 0.96875 0.8408203125 0.939453125 0.8935546875 0.93359375 0.9208984375 0.943359375 0.9560546875 0.9892578125 1
3 0.9794921875 0.755859375 0.9990234375 0.763671875 0.9990234375 0.59375 0.96484375 0.6220703125 0.947265625 0.6650390625 0.947265625 0.7021484375 0.9609375 0.7353515625 0.9794921875 0.755859375
3 0.931640625 0.4208984375 0.9521484375 0.439453125 0.9912109375 0.453125 1 0.4521484375 0.9990234375 0.345703125 0.9482421875 0.341796875 0.93359375 0.3525390625 0.92578125 0.3779296875 0.931640625 0.4208984375
3 0.9814453125 0.458984375 0.9248046875 0.44140625 0.89453125 0.4677734375 0.888671875 0.4931640625 0.90234375 0.5224609375 0.9208984375 0.541015625 0.9560546875 0.544921875 0.9775390625 0.533203125 0.982421875 0.5185546875 1 0.5068359375 0.9990234375 0.470703125 0.9814453125 0.458984375
3 0.1962890625 0.89453125 0.171875 0.9150390625 0.158203125 0.9365234375 0.150390625 0.9990234375 0.2763671875 1 0.29296875 0.9658203125 0.2919921875 0.94140625 0.2734375 0.9072265625 0.2509765625 0.88671875 0.1962890625 0.89453125
3 0.404296875 0.9248046875 0.423828125 0.9091796875 0.4306640625 0.875 0.427734375 0.8525390625 0.4013671875 0.8203125 0.3857421875 0.814453125 0.2978515625 0.837890625 0.27734375 0.8623046875 0.27734375 0.8818359375 0.291015625 0.9228515625 0.3115234375 0.9453125 0.3447265625 0.951171875 0.3779296875 0.951171875 0.3955078125 0.94140625 0.404296875 0.9248046875
3 0.2509765625 0.794921875 0.2138671875 0.796875 0.189453125 0.8154296875 0.17578125 0.8447265625 0.177734375 0.8603515625 0.2001953125 0.880859375 0.2373046875 0.87109375 0.259765625 0.8564453125 0.2646484375 0.822265625 0.263671875 0.8115234375 0.2509765625 0.794921875
3 0.4716796875 0.564453125 0.4423828125 0.5546875 0.4130859375 0.556640625 0.3916015625 0.5703125 0.37109375 0.5966796875 0.373046875 0.6416015625 0.3994140625 0.666015625 0.4423828125 0.666015625 0.48046875 0.6298828125 0.490234375 0.6083984375 0.4892578125 0.591796875 0.4716796875 0.564453125
3 0.2470703125 0.341796875 0.224609375 0.3623046875 0.22265625 0.4072265625 0.2470703125 0.427734375 0.2763671875 0.42578125 0.30078125 0.4013671875 0.3056640625 0.375 0.296875 0.3544921875 0.2802734375 0.341796875 0.2470703125 0.341796875
3 0.7509765625 0.392578125 0.7880859375 0.375 0.80078125 0.3623046875 0.8056640625 0.33984375 0.771484375 0.2451171875 0.7529296875 0.232421875 0.7216796875 0.2265625 0.6572265625 0.228515625 0.611328125 0.2744140625 0.595703125 0.3037109375 0.6015625 0.3779296875 0.6220703125 0.400390625 0.6455078125 0.400390625 0.6650390625 0.390625 0.6865234375 0.400390625 0.7509765625 0.392578125
3 0.6728515625 0.126953125 0.6513671875 0.13671875 0.640625 0.1494140625 0.634765625 0.1865234375 0.6513671875 0.19921875 0.7099609375 0.201171875 0.7294921875 0.1953125 0.7421875 0.1748046875 0.7412109375 0.150390625 0.7197265625 0.126953125 0.6728515625 0.126953125
3 0.8466796875 0 0.8134765625 0.01171875 0.80078125 0.0263671875 0.78125 0.1005859375 0.78515625 0.1240234375 0.80078125 0.1513671875 0.8486328125 0.189453125 0.9189453125 0.1875 0.955078125 0.1591796875 0.9736328125 0.1171875 0.96875 0.0634765625 0.9609375 0.0419921875 0.9150390625 0.005859375 0.8955078125 0 0.8466796875 0
3 0.8330078125 0.37109375 0.818359375 0.3857421875 0.81640625 0.4052734375 0.8369140625 0.42578125 0.8662109375 0.427734375 0.88671875 0.4111328125 0.8876953125 0.39453125 0.8759765625 0.373046875 0.8505859375 0.365234375 0.8330078125 0.37109375
3 0.1416015625 0.251953125 0.1787109375 0.265625 0.2216796875 0.263671875 0.2509765625 0.25390625 0.279296875 0.2275390625 0.298828125 0.1982421875 0.3076171875 0.162109375 0.29296875 0.1162109375 0.2607421875 0.080078125 0.2158203125 0.05859375 0.1767578125 0.05078125 0.1376953125 0.05859375 0.1123046875 0.07421875 0.08984375 0.0966796875 0.087890625 0.1298828125 0.080078125 0.1474609375 0.083984375 0.1923828125 0.091796875 0.2060546875 0.1416015625 0.251953125
3 0.109375 0.2568359375 0.0458984375 0.212890625 0.0302734375 0.2109375 0.0244140625 0.21875 0 0.2255859375 0.0009765625 0.48046875 0.0458984375 0.455078125 0.0849609375 0.443359375 0.11328125 0.4248046875 0.12890625 0.3955078125 0.1318359375 0.298828125 0.109375 0.2568359375
3 0 0.5771484375 0.0634765625 0.61328125 0.0771484375 0.609375 0.1328125 0.5439453125 0.1376953125 0.50390625 0.1328125 0.4775390625 0.1142578125 0.458984375 0.0771484375 0.455078125 0.0458984375 0.46484375 0 0.4990234375 0 0.5771484375
3 0.0009765625 0.58984375 0.0009765625 0.744140625 0.046875 0.7314453125 0.064453125 0.7060546875 0.0693359375 0.6640625 0.060546875 0.6318359375 0.05078125 0.6181640625 0.0205078125 0.59375 0.0009765625 0.58984375
3 0.0322265625 1 0.044921875 0.9833984375 0.0546875 0.9560546875 0.078125 0.9248046875 0.1171875 0.8525390625 0.1181640625 0.828125 0.109375 0.7939453125 0.0908203125 0.783203125 0.0634765625 0.787109375 0 0.8193359375 0.0009765625 1 0.0322265625 1