3 0.361328125 0.7314453125 0.361328125 0.7666015625 0.373046875 0.7880859375 0.4150390625 0.822265625 0.4365234375 0.83203125 0.4775390625 0.830078125 0.505859375 0.8037109375 0.51171875 0.7490234375 0.4736328125 0.701171875 0.44140625 0.6923828125 0.4013671875 0.697265625 0.3720703125 0.716796875 0.361328125 0.7314453125
3 0.69921875 0.9169921875 0.69921875 0.9384765625 0.70703125 0.9716796875 0.7177734375 0.984375 0.7451171875 0.99609375 0.8154296875 0.998046875 0.8291015625 0.994140625 0.8515625 0.9716796875 0.8671875 0.9423828125 0.869140625 0.9111328125 0.861328125 0.8916015625 0.8291015625 0.859375 0.810546875 0.8544921875 0.7568359375 0.85546875 0.71484375 0.8857421875 0.69921875 0.9169921875
3 0.255859375 0.5341796875 0.23828125 0.5712890625 0.23828125 0.6181640625 0.25 0.6435546875 0.2685546875 0.666015625 0.3095703125 0.685546875 0.3505859375 0.68359375 0.3779296875 0.671875 0.40234375 0.6494140625 0.4130859375 0.630859375 0.4208984375 0.64453125 0.4453125 0.6337890625 0.435546875 0.6279296875 0.4365234375 0.60546875 0.427734375 0.6103515625 0.4287109375 0.6171875 0.41796875 0.6162109375 0.42578125 0.6123046875 0.42578125 0.5791015625 0.396484375 0.5263671875 0.3798828125 0.513671875 0.34765625 0.5048828125 0.3095703125 0.50390625 0.2744140625 0.515625 0.255859375 0.5341796875
3 0.05078125 0.7138671875 0.076171875 0.6708984375 0.083984375 0.6376953125 0.080078125 0.6005859375 0.060546875 0.5458984375 0.0390625 0.5126953125 0.0078125 0.4853515625 0 0.4853515625 0.0009765625 0.75 0.05078125 0.7138671875
3 0.0009765625 0.900390625 0.0341796875 0.8984375 0.0791015625 0.873046875 0.09375 0.8564453125 0.103515625 0.8330078125 0.1015625 0.8173828125 0.0810546875 0.791015625 0.064453125 0.7841796875 0.0263671875 0.78515625 0 0.7998046875 0.0009765625 0.900390625
3 0.1953125 0.8564453125 0.1875 0.9248046875 0.20703125 0.9853515625 0.2275390625 0.99609375 0.2568359375 0.998046875 0.4267578125 0.99609375 0.44921875 0.9658203125 0.453125 0.9189453125 0.42578125 0.8623046875 0.3974609375 0.83203125 0.3603515625 0.810546875 0.306640625 0.8037109375 0.2490234375 0.818359375 0.2177734375 0.833984375 0.1953125 0.8564453125
3 0.130859375 0.0712890625 0.142578125 0.1376953125 0.16015625 0.1826171875 0.1767578125 0.201171875 0.2158203125 0.224609375 0.2548828125 0.23828125 0.2958984375 0.23828125 0.3330078125 0.23046875 0.3740234375 0.205078125 0.400390625 0.1748046875 0.435546875 0.1083984375 0.439453125 0.0537109375 0.427734375 0.0009765625 0.1435546875 0 0.130859375 0.0478515625 0.130859375 0.0712890625
3 0.0556640625 0.28125 0.0927734375 0.255859375 0.11328125 0.2216796875 0.125 0.1748046875 0.123046875 0.1357421875 0.10546875 0.0751953125 0.0693359375 0.029296875 0.03125 0.0126953125 0 0.0166015625 0.0009765625 0.291015625 0.0556640625 0.28125
3 0.607421875 0.0556640625 0.6240234375 0.076171875 0.6455078125 0.08203125 0.6591796875 0.076171875 0.693359375 0.0439453125 0.693359375 0.0224609375 0.671875 0.0009765625 0.6376953125 0 0.615234375 0.0185546875 0.607421875 0.0556640625
3 0.662109375 0.4443359375 0.66796875 0.4736328125 0.685546875 0.4990234375 0.7041015625 0.51171875 0.7265625 0.5009765625 0.7421875 0.4638671875 0.736328125 0.4326171875 0.7109375 0.4130859375 0.6904296875 0.412109375 0.6748046875 0.419921875 0.662109375 0.4443359375
3 0.658203125 0.1044921875 0.65625 0.1376953125 0.669921875 0.1845703125 0.693359375 0.2216796875 0.7587890625 0.25 0.7998046875 0.228515625 0.826171875 0.2041015625 0.841796875 0.1826171875 0.84375 0.1494140625 0.83203125 0.1181640625 0.814453125 0.0947265625 0.7763671875 0.060546875 0.75390625 0.0498046875 0.7138671875 0.05078125 0.6826171875 0.0703125 0.658203125 0.1044921875
3 0.90234375 0.5966796875 0.9189453125 0.619140625 0.9423828125 0.623046875 0.9619140625 0.62109375 0.96875 0.6142578125 0.978515625 0.5654296875 0.974609375 0.5517578125 0.962890625 0.5439453125 0.9287109375 0.544921875 0.904296875 0.5615234375 0.90234375 0.5966796875
3 0.5078125 0.4873046875 0.5078125 0.5341796875 0.5458984375 0.572265625 0.5869140625 0.576171875 0.6083984375 0.5703125 0.638671875 0.5400390625 0.640625 0.4990234375 0.630859375 0.4736328125 0.6181640625 0.46484375 0.5859375 0.4599609375 0.5712890625 0.458984375 0.5185546875 0.474609375 0.5078125 0.4873046875