3 0.9169921875 0.6640625 0.923828125 0.6962890625 0.9462890625 0.720703125 0.9697265625 0.73046875 1 0.7255859375 0.9990234375 0.6171875 0.9677734375 0.60546875 0.9404296875 0.609375 0.919921875 0.6357421875 0.9169921875 0.6640625
3 0.7568359375 0 0.7470703125 0.005859375 0.728515625 0.0263671875 0.7236328125 0.076171875 0.740234375 0.1181640625 0.7705078125 0.14453125 0.7939453125 0.15234375 0.8310546875 0.146484375 0.8505859375 0.1328125 0.869140625 0.0947265625 0.859375 0.0400390625 0.8310546875 0.0078125 0.8134765625 0 0.7568359375 0
3 0.9169921875 0.0703125 0.927734375 0.0986328125 0.9501953125 0.119140625 0.9970703125 0.119140625 1 0.0205078125 0.9853515625 0.0078125 0.9462890625 0.009765625 0.921875 0.0361328125 0.9169921875 0.0703125
3 0.5009765625 0.365234375 0.5078125 0.3642578125 0.5048828125 0.359375 0.5009765625 0.365234375
3 0.4521484375 0.322265625 0.4736328125 0.35546875 0.4892578125 0.36328125 0.5205078125 0.365234375 0.546875 0.3447265625 0.552734375 0.3115234375 0.544921875 0.2939453125 0.5224609375 0.2734375 0.4755859375 0.26953125 0.455078125 0.2978515625 0.4521484375 0.322265625
3 0.4755859375 0.716796875 0.4873046875 0.7421875 0.5205078125 0.748046875 0.541015625 0.7294921875 0.54296875 0.7099609375 0.53515625 0.6904296875 0.5185546875 0.673828125 0.5029296875 0.669921875 0.478515625 0.6923828125 0.4755859375 0.716796875
3 0.2509765625 0.845703125 0.2626953125 0.865234375 0.32421875 0.8408203125 0.34765625 0.8056640625 0.34765625 0.7861328125 0.3291015625 0.759765625 0.2900390625 0.755859375 0.275390625 0.7626953125 0.27734375 0.8056640625 0.25 0.8349609375 0.2509765625 0.845703125
3 0.0224609375 0.3359375 0.0390625 0.3720703125 0.0595703125 0.3984375 0.0791015625 0.404296875 0.1201171875 0.396484375 0.138671875 0.3798828125 0.146484375 0.3603515625 0.146484375 0.2939453125 0.1279296875 0.287109375 0.1123046875 0.263671875 0.0693359375 0.259765625 0.0517578125 0.267578125 0.037109375 0.2880859375 0.021484375 0.3251953125 0.0224609375 0.3359375
3 0.0908203125 0.080078125 0.10546875 0.1181640625 0.119140625 0.1318359375 0.125 0.1513671875 0.1357421875 0.158203125 0.1669921875 0.162109375 0.1787109375 0.171875 0.1982421875 0.169921875 0.23828125 0.1357421875 0.23828125 0.0791015625 0.228515625 0.0556640625 0.1962890625 0.015625 0.1552734375 0.013671875 0.1357421875 0.025390625 0.1025390625 0.017578125 0.091796875 0.0263671875 0.0908203125 0.080078125
3 0.2783203125 0 0.2783203125 0.0078125 0.287109375 0.0400390625 0.3271484375 0.076171875 0.3603515625 0.07421875 0.384765625 0.0498046875 0.3857421875 0 0.2783203125 0
3 0.7705078125 0.64453125 0.775390625 0.6611328125 0.7890625 0.6767578125 0.8076171875 0.685546875 0.8369140625 0.685546875 0.869140625 0.6669921875 0.8671875 0.6337890625 0.8486328125 0.58984375 0.7958984375 0.591796875 0.77734375 0.6142578125 0.7705078125 0.64453125
3 0.9521484375 0.857421875 0.953125 0.8818359375 0.966796875 0.9091796875 0.9794921875 0.919921875 0.9990234375 0.921875 0.9990234375 0.80859375 0.955078125 0.8232421875 0.9521484375 0.857421875