3 0.439453125 0.5595703125 0.4140625 0.5048828125 0.3642578125 0.453125 0.3232421875 0.427734375 0.2763671875 0.41015625 0.2109375 0.4091796875 0.1494140625 0.435546875 0.12890625 0.4599609375 0.111328125 0.5126953125 0.115234375 0.5673828125 0.123046875 0.5927734375 0.1533203125 0.62890625 0.1923828125 0.6484375 0.2724609375 0.7109375 0.3173828125 0.71875 0.3623046875 0.7109375 0.3955078125 0.697265625 0.4296875 0.6591796875 0.44140625 0.6201171875 0.439453125 0.5595703125
3 0.2177734375 0.69921875 0.1572265625 0.6484375 0.1337890625 0.63671875 0.12109375 0.6376953125 0.1044921875 0.640625 0.068359375 0.6787109375 0.060546875 0.7666015625 0.0703125 0.8056640625 0.091796875 0.8408203125 0.1220703125 0.859375 0.1806640625 0.8671875 0.2158203125 0.865234375 0.2451171875 0.845703125 0.259765625 0.8271484375 0.26953125 0.7900390625 0.265625 0.7353515625 0.2490234375 0.71484375 0.2177734375 0.69921875
3 0.3935546875 0.732421875 0.35546875 0.7333984375 0.3193359375 0.740234375 0.287109375 0.7646484375 0.24609375 0.8701171875 0.24609375 0.9013671875 0.255859375 0.9208984375 0.2841796875 0.9453125 0.3330078125 0.962890625 0.3818359375 0.955078125 0.4267578125 0.9296875 0.44921875 0.8974609375 0.458984375 0.8466796875 0.455078125 0.7939453125 0.427734375 0.7509765625 0.3935546875 0.732421875
3 0.521484375 0.8349609375 0.5126953125 0.837890625 0.494140625 0.8623046875 0.49609375 0.9228515625 0.50390625 0.9404296875 0.5498046875 0.982421875 0.5849609375 0.982421875 0.6103515625 0.970703125 0.626953125 0.9482421875 0.634765625 0.9228515625 0.6328125 0.8994140625 0.6171875 0.8662109375 0.5869140625 0.83984375 0.5673828125 0.833984375 0.521484375 0.8349609375
3 0.513671875 0.6005859375 0.5078125 0.6357421875 0.5205078125 0.65625 0.5400390625 0.666015625 0.5791015625 0.666015625 0.59765625 0.6513671875 0.609375 0.6318359375 0.609375 0.6044921875 0.599609375 0.5869140625 0.5869140625 0.578125 0.556640625 0.5791015625 0.5244140625 0.58984375 0.513671875 0.6005859375
3 0.71484375 0.0322265625 0.6943359375 0.013671875 0.66015625 0.0048828125 0.6318359375 0.01171875 0.6005859375 0.029296875 0.58203125 0.0498046875 0.5703125 0.0751953125 0.572265625 0.1142578125 0.591796875 0.1455078125 0.6220703125 0.16796875 0.6552734375 0.17578125 0.6904296875 0.16796875 0.7119140625 0.154296875 0.7265625 0.1357421875 0.736328125 0.1083984375 0.734375 0.0693359375 0.71484375 0.0322265625
3 0.4521484375 0.12109375 0.4931640625 0.119140625 0.5185546875 0.107421875 0.5390625 0.0830078125 0.552734375 0.0244140625 0.5380859375 0 0.388671875 0.0009765625 0.388671875 0.0654296875 0.396484375 0.0849609375 0.4189453125 0.111328125 0.4521484375 0.12109375
3 0.2548828125 0.1328125 0.2861328125 0.1328125 0.3486328125 0.11328125 0.365234375 0.0927734375 0.375 0.0615234375 0.3720703125 0 0.193359375 0.0009765625 0.181640625 0.0712890625 0.193359375 0.0927734375 0.2255859375 0.119140625 0.2548828125 0.1328125
3 0.130859375 0.2294921875 0.1767578125 0.275390625 0.2001953125 0.27734375 0.251953125 0.2470703125 0.26171875 0.2060546875 0.25390625 0.1806640625 0.2333984375 0.16015625 0.2099609375 0.1484375 0.1875 0.1474609375 0.1572265625 0.158203125 0.125 0.1943359375 0.130859375 0.2294921875
3 0.0830078125 0.048828125 0.1181640625 0.048828125 0.1396484375 0.041015625 0.171875 0.0009765625 0.01953125 0.0009765625 0.0517578125 0.037109375 0.0830078125 0.048828125
3 0.837890625 0.8701171875 0.82421875 0.9033203125 0.82421875 0.9345703125 0.833984375 0.9716796875 0.8408203125 0.978515625 0.8720703125 0.986328125 0.8798828125 0.99609375 0.9287109375 0.994140625 0.9453125 0.9599609375 0.9453125 0.8994140625 0.9150390625 0.8671875 0.8857421875 0.85546875 0.86328125 0.8564453125 0.837890625 0.8701171875
3 0.919921875 0.5634765625 0.9033203125 0.548828125 0.875 0.5498046875 0.857421875 0.5712890625 0.859375 0.5986328125 0.8740234375 0.615234375 0.9091796875 0.615234375 0.923828125 0.5966796875 0.919921875 0.5634765625
3 0.908203125 0.1904296875 0.8994140625 0.181640625 0.873046875 0.1748046875 0.849609375 0.1884765625 0.849609375 0.2236328125 0.8720703125 0.240234375 0.8974609375 0.236328125 0.9140625 0.2197265625 0.908203125 0.1904296875
3 0.98046875 0.0498046875 0.9599609375 0.021484375 0.93359375 0.0185546875 0.91015625 0.0302734375 0.90625 0.0634765625 0.9208984375 0.087890625 0.9560546875 0.09375 0.9765625 0.0771484375 0.98046875 0.0498046875
3 0.755859375 0.0009765625 0.76171875 0.0205078125 0.7783203125 0.037109375 0.8095703125 0.052734375 0.837890625 0.0263671875 0.84375 0.0126953125 0.8427734375 0 0.755859375 0.0009765625