3 0.388671875 0.0009765625 0.40234375 0.0302734375 0.4482421875 0.07421875 0.4697265625 0.087890625 0.5263671875 0.10546875 0.5732421875 0.103515625 0.6240234375 0.08984375 0.67578125 0.0439453125 0.6953125 0.0048828125 0.6943359375 0 0.388671875 0.0009765625
3 0.2548828125 0.265625 0.28515625 0.2412109375 0.314453125 0.1904296875 0.31640625 0.1494140625 0.3046875 0.1103515625 0.2802734375 0.080078125 0.2470703125 0.06640625 0.201171875 0.0634765625 0.1806640625 0.06640625 0.1435546875 0.08984375 0.119140625 0.1201171875 0.109375 0.1455078125 0.103515625 0.1982421875 0.119140625 0.2275390625 0.1494140625 0.259765625 0.1787109375 0.275390625 0.2138671875 0.27734375 0.2548828125 0.265625
3 0.59375 0.3408203125 0.5732421875 0.322265625 0.5498046875 0.314453125 0.529296875 0.3154296875 0.494140625 0.3427734375 0.4921875 0.3662109375 0.498046875 0.3837890625 0.5078125 0.4013671875 0.5361328125 0.423828125 0.5576171875 0.427734375 0.5791015625 0.421875 0.60546875 0.3974609375 0.603515625 0.3603515625 0.59375 0.3408203125
3 0.951171875 0.2080078125 0.951171875 0.1845703125 0.9248046875 0.134765625 0.8916015625 0.111328125 0.8671875 0.1083984375 0.8466796875 0.1171875 0.82421875 0.1376953125 0.810546875 0.1728515625 0.810546875 0.1962890625 0.8330078125 0.240234375 0.8681640625 0.2578125 0.8896484375 0.2578125 0.9091796875 0.251953125 0.94140625 0.2255859375 0.951171875 0.2080078125
3 0.7421875 0.1826171875 0.736328125 0.1982421875 0.736328125 0.2294921875 0.7548828125 0.25 0.7822265625 0.251953125 0.802734375 0.2294921875 0.798828125 0.1904296875 0.7822265625 0.173828125 0.75390625 0.1728515625 0.7421875 0.1826171875
3 0.4765625 0.2138671875 0.4912109375 0.228515625 0.5107421875 0.228515625 0.52734375 0.2138671875 0.529296875 0.1923828125 0.5166015625 0.173828125 0.49609375 0.1728515625 0.478515625 0.1865234375 0.4765625 0.2138671875
3 0.1474609375 0.392578125 0.119140625 0.3916015625 0.1044921875 0.3984375 0.07421875 0.4306640625 0.07421875 0.4638671875 0.0908203125 0.478515625 0.1142578125 0.486328125 0.1611328125 0.48046875 0.16796875 0.4716796875 0.169921875 0.4462890625 0.166015625 0.4130859375 0.1474609375 0.392578125
3 0.21875 0.6904296875 0.2265625 0.6728515625 0.220703125 0.6435546875 0.19921875 0.6259765625 0.216796875 0.6083984375 0.216796875 0.5791015625 0.208984375 0.5576171875 0.1923828125 0.541015625 0.162109375 0.5380859375 0.1396484375 0.546875 0.125 0.5712890625 0.125 0.6005859375 0.146484375 0.6259765625 0.123046875 0.6533203125 0.123046875 0.6767578125 0.1416015625 0.701171875 0.1669921875 0.7109375 0.1904296875 0.7109375 0.21875 0.6904296875
3 0.3037109375 0.73828125 0.26953125 0.7373046875 0.2490234375 0.7421875 0.23046875 0.7744140625 0.23828125 0.8271484375 0.2548828125 0.837890625 0.2900390625 0.837890625 0.3056640625 0.83203125 0.31640625 0.8193359375 0.32421875 0.7998046875 0.32421875 0.7607421875 0.3037109375 0.73828125
3 0.9169921875 0.822265625 0.94140625 0.8037109375 0.953125 0.7763671875 0.962890625 0.7119140625 0.953125 0.6513671875 0.9375 0.6259765625 0.92578125 0.6201171875 0.931640625 0.6064453125 0.9228515625 0.59765625 0.8955078125 0.583984375 0.875 0.5830078125 0.8525390625 0.591796875 0.8310546875 0.615234375 0.8251953125 0.611328125 0.8095703125 0.62109375 0.76953125 0.6689453125 0.78125 0.7177734375 0.77734375 0.7490234375 0.78515625 0.8017578125 0.8291015625 0.830078125 0.9169921875 0.822265625
3 0.951171875 0.3681640625 0.951171875 0.3876953125 0.9609375 0.4267578125 0.9755859375 0.4453125 0.9990234375 0.458984375 1 0.3154296875 0.994140625 0.3154296875 0.962890625 0.3388671875 0.951171875 0.3681640625
3 1 0.0498046875 0.9775390625 0.0390625 0.962890625 0.0400390625 0.93359375 0.0595703125 0.93359375 0.0966796875 0.9560546875 0.134765625 0.9755859375 0.146484375 0.9892578125 0.146484375 1 0.1416015625 1 0.0498046875
3 1 0.8818359375 0.970703125 0.8818359375 0.9365234375 0.892578125 0.91015625 0.9130859375 0.89453125 0.9384765625 0.88671875 0.9658203125 0.8828125 0.9931640625 0.8876953125 1 1 0.9990234375 1 0.8818359375