3 0.08984375 0.3759765625 0.0439453125 0.32421875 0.0048828125 0.3046875 0 0.3056640625 0.0009765625 0.611328125 0.0302734375 0.59765625 0.07421875 0.5517578125 0.087890625 0.5302734375 0.10546875 0.4736328125 0.103515625 0.4267578125 0.08984375 0.3759765625
3 0.06640625 0.7529296875 0.0634765625 0.798828125 0.06640625 0.8193359375 0.08984375 0.8564453125 0.1201171875 0.880859375 0.1455078125 0.890625 0.1982421875 0.896484375 0.2275390625 0.880859375 0.259765625 0.8505859375 0.275390625 0.8212890625 0.27734375 0.7861328125 0.265625 0.7451171875 0.2412109375 0.71484375 0.1904296875 0.685546875 0.1494140625 0.68359375 0.1103515625 0.6953125 0.080078125 0.7197265625 0.06640625 0.7529296875
3 0.3837890625 0.501953125 0.4013671875 0.4921875 0.423828125 0.4638671875 0.427734375 0.4423828125 0.421875 0.4208984375 0.3974609375 0.39453125 0.3603515625 0.396484375 0.3408203125 0.40625 0.322265625 0.4267578125 0.314453125 0.4501953125 0.3154296875 0.470703125 0.3427734375 0.505859375 0.3662109375 0.5078125 0.3837890625 0.501953125
3 0.1376953125 0.17578125 0.1728515625 0.189453125 0.1962890625 0.189453125 0.240234375 0.1669921875 0.2578125 0.1318359375 0.2578125 0.1103515625 0.251953125 0.0908203125 0.2255859375 0.05859375 0.2080078125 0.048828125 0.1845703125 0.048828125 0.134765625 0.0751953125 0.111328125 0.1083984375 0.1083984375 0.1328125 0.1171875 0.1533203125 0.1376953125 0.17578125
3 0.1904296875 0.201171875 0.173828125 0.2177734375 0.1728515625 0.24609375 0.1826171875 0.2578125 0.1982421875 0.263671875 0.2294921875 0.263671875 0.25 0.2451171875 0.251953125 0.2177734375 0.2294921875 0.197265625 0.1904296875 0.201171875
3 0.1728515625 0.50390625 0.1865234375 0.521484375 0.2138671875 0.5234375 0.228515625 0.5087890625 0.228515625 0.4892578125 0.2138671875 0.47265625 0.1923828125 0.470703125 0.173828125 0.4833984375 0.1728515625 0.50390625
3 0.486328125 0.8857421875 0.48046875 0.8388671875 0.4716796875 0.83203125 0.4462890625 0.830078125 0.4130859375 0.833984375 0.392578125 0.8525390625 0.3916015625 0.880859375 0.3984375 0.8955078125 0.4306640625 0.92578125 0.4638671875 0.92578125 0.478515625 0.9091796875 0.486328125 0.8857421875
3 0.5576171875 0.791015625 0.541015625 0.8076171875 0.5380859375 0.837890625 0.546875 0.8603515625 0.5712890625 0.875 0.6005859375 0.875 0.6259765625 0.853515625 0.6533203125 0.876953125 0.6767578125 0.876953125 0.701171875 0.8583984375 0.7109375 0.8330078125 0.7109375 0.8095703125 0.6904296875 0.78125 0.6728515625 0.7734375 0.6435546875 0.779296875 0.6259765625 0.80078125 0.6083984375 0.783203125 0.5791015625 0.783203125 0.5576171875 0.791015625
3 0.837890625 0.7099609375 0.83203125 0.6943359375 0.8193359375 0.68359375 0.7998046875 0.67578125 0.7607421875 0.67578125 0.73828125 0.6962890625 0.7373046875 0.73046875 0.7421875 0.7509765625 0.7744140625 0.76953125 0.8271484375 0.76171875 0.837890625 0.7451171875 0.837890625 0.7099609375
3 0.6201171875 0.07421875 0.6064453125 0.068359375 0.59765625 0.0771484375 0.583984375 0.1044921875 0.5830078125 0.125 0.591796875 0.1474609375 0.615234375 0.1689453125 0.611328125 0.1748046875 0.62109375 0.1904296875 0.6689453125 0.23046875 0.7177734375 0.21875 0.7490234375 0.22265625 0.8017578125 0.21484375 0.830078125 0.1708984375 0.822265625 0.0830078125 0.8037109375 0.05859375 0.7763671875 0.046875 0.7119140625 0.037109375 0.6513671875 0.046875 0.6259765625 0.0625 0.6201171875 0.07421875
3 0.3154296875 0.005859375 0.3388671875 0.037109375 0.3681640625 0.048828125 0.3876953125 0.048828125 0.4267578125 0.0390625 0.4453125 0.0244140625 0.458984375 0.0009765625 0.3154296875 0 0.3154296875 0.005859375
3 0.0498046875 0 0.0390625 0.0224609375 0.0400390625 0.037109375 0.0595703125 0.06640625 0.0966796875 0.06640625 0.134765625 0.0439453125 0.146484375 0.0244140625 0.146484375 0.0107421875 0.1416015625 0 0.0498046875 0
3 0.8818359375 0 0.8818359375 0.029296875 0.892578125 0.0634765625 0.9130859375 0.08984375 0.9384765625 0.10546875 0.9658203125 0.11328125 0.9931640625 0.1171875 1 0.1123046875 0.9990234375 0 0.8818359375 0