3 0.6806640625 0.607421875 0.634765625 0.6318359375 0.623046875 0.6533203125 0.623046875 0.6826171875 0.625 0.6962890625 0.6474609375 0.73046875 0.6806640625 0.748046875 0.697265625 0.7470703125 0.7275390625 0.7421875 0.751953125 0.7255859375 0.765625 0.7001953125 0.765625 0.6630859375 0.76171875 0.6474609375 0.7333984375 0.619140625 0.7099609375 0.609375 0.6806640625 0.607421875
3 0.5048828125 0.474609375 0.4677734375 0.47265625 0.43359375 0.4892578125 0.41015625 0.5595703125 0.4248046875 0.583984375 0.4404296875 0.5859375 0.4638671875 0.603515625 0.48828125 0.6103515625 0.5224609375 0.59375 0.5576171875 0.56640625 0.572265625 0.5478515625 0.57421875 0.5263671875 0.56640625 0.5068359375 0.5498046875 0.4921875 0.5380859375 0.494140625 0.5048828125 0.474609375
3 0.5458984375 0.271484375 0.529296875 0.2939453125 0.529296875 0.3466796875 0.5634765625 0.3984375 0.619140625 0.4111328125 0.6474609375 0.400390625 0.67578125 0.3740234375 0.68359375 0.3486328125 0.6796875 0.3134765625 0.6611328125 0.2890625 0.6279296875 0.263671875 0.5732421875 0.255859375 0.5458984375 0.271484375
3 0.1787109375 0.576171875 0.166015625 0.5869140625 0.16015625 0.6181640625 0.1484375 0.6376953125 0.130859375 0.6513671875 0.12890625 0.6669921875 0.1357421875 0.673828125 0.1650390625 0.671875 0.2099609375 0.689453125 0.23046875 0.6884765625 0.2509765625 0.68359375 0.275390625 0.6669921875 0.294921875 0.6337890625 0.294921875 0.6220703125 0.287109375 0.6025390625 0.2587890625 0.576171875 0.2177734375 0.564453125 0.1787109375 0.576171875
3 0.3388671875 0.642578125 0.3173828125 0.6484375 0.291015625 0.6728515625 0.27734375 0.6982421875 0.28515625 0.7666015625 0.2919921875 0.783203125 0.314453125 0.7861328125 0.3740234375 0.78515625 0.3955078125 0.779296875 0.42578125 0.7509765625 0.431640625 0.7373046875 0.4296875 0.7060546875 0.412109375 0.6708984375 0.3955078125 0.65234375 0.3388671875 0.642578125
3 0.01171875 0.9619140625 0.0244140625 1 0.14453125 0.9990234375 0.158203125 0.9794921875 0.15234375 0.9482421875 0.140625 0.9287109375 0.1123046875 0.908203125 0.0810546875 0.896484375 0.0498046875 0.896484375 0.017578125 0.9248046875 0.01171875 0.9619140625
3 0.826171875 0.6298828125 0.841796875 0.6630859375 0.8603515625 0.67578125 0.873046875 0.6748046875 0.9208984375 0.650390625 0.9296875 0.6318359375 0.927734375 0.5849609375 0.9052734375 0.55859375 0.8681640625 0.560546875 0.8447265625 0.57421875 0.826171875 0.6123046875 0.826171875 0.6298828125
3 0.2353515625 0.265625 0.263671875 0.2666015625 0.28515625 0.2431640625 0.291015625 0.1904296875 0.2763671875 0.16796875 0.2373046875 0.158203125 0.203125 0.1826171875 0.201171875 0.2314453125 0.212890625 0.2490234375 0.2353515625 0.265625
3 0.0625 0.2666015625 0.08984375 0.2490234375 0.08984375 0.2158203125 0.0673828125 0.197265625 0.0341796875 0.19921875 0.013671875 0.2177734375 0.005859375 0.2529296875 0.0341796875 0.267578125 0.0625 0.2666015625
3 0.1552734375 0.533203125 0.193359375 0.5361328125 0.2109375 0.5224609375 0.212890625 0.4970703125 0.20703125 0.4814453125 0.1806640625 0.46484375 0.1494140625 0.466796875 0.1328125 0.4912109375 0.140625 0.5166015625 0.1552734375 0.533203125
3 0.0517578125 0.1953125 0.0244140625 0.205078125 0.009765625 0.2255859375 0.00390625 0.2431640625 0.0078125 0.2626953125 0.001953125 0.2705078125 0.001953125 0.3232421875 0.0263671875 0.341796875 0.056640625 0.3427734375 0.076171875 0.3271484375 0.08984375 0.2998046875 0.0859375 0.2841796875 0.0625 0.2705078125 0.08984375 0.2490234375 0.091796875 0.2216796875 0.0810546875 0.205078125 0.0517578125 0.1953125
3 0.04296875 0.7001953125 0.037109375 0.6767578125 0.0048828125 0.638671875 0 0.7353515625 0.0078125 0.7431640625 0.033203125 0.7275390625 0.04296875 0.7001953125