3 0.5419921875 0.1015625 0.5048828125 0.08203125 0.4814453125 0.08203125 0.4521484375 0.095703125 0.41796875 0.1318359375 0.40625 0.1708984375 0.4072265625 0.197265625 0.4140625 0.2216796875 0.4384765625 0.248046875 0.4794921875 0.271484375 0.5107421875 0.2734375 0.5478515625 0.2578125 0.5859375 0.2177734375 0.595703125 0.1923828125 0.595703125 0.1572265625 0.578125 0.1298828125 0.5419921875 0.1015625
3 0.5224609375 0.0625 0.5478515625 0.091796875 0.5751953125 0.10546875 0.5927734375 0.10546875 0.63671875 0.0693359375 0.63671875 0.0107421875 0.6279296875 0.001953125 0.5576171875 0.00390625 0.529296875 0.0244140625 0.521484375 0.0439453125 0.5224609375 0.0625
3 0.7587890625 0.025390625 0.7333984375 0.0234375 0.7041015625 0.033203125 0.666015625 0.0732421875 0.65625 0.1025390625 0.6572265625 0.12109375 0.666015625 0.1396484375 0.6962890625 0.16015625 0.7431640625 0.16015625 0.7626953125 0.15234375 0.78125 0.1357421875 0.796875 0.1025390625 0.796875 0.0693359375 0.787109375 0.0458984375 0.7744140625 0.03125 0.7587890625 0.025390625
3 0.416015625 0.0048828125 0.2939453125 0.001953125 0.2939453125 0.01171875 0.3212890625 0.041015625 0.3583984375 0.046875 0.4052734375 0.0234375 0.416015625 0.0048828125
3 0.109375 0.0888671875 0.109375 0.0419921875 0.0712890625 0.00390625 0 0.0029296875 0.0009765625 0.1328125 0.0751953125 0.123046875 0.0869140625 0.1171875 0.109375 0.0888671875
3 0 0.1474609375 0.0009765625 0.423828125 0.0400390625 0.419921875 0.0751953125 0.40625 0.109375 0.3779296875 0.13671875 0.3349609375 0.138671875 0.2919921875 0.119140625 0.2001953125 0.099609375 0.1884765625 0.09765625 0.1748046875 0.0732421875 0.146484375 0 0.1474609375
3 0.1474609375 0.431640625 0.1240234375 0.4375 0.1015625 0.4541015625 0.0859375 0.4794921875 0.0830078125 0.53125 0.087890625 0.5458984375 0.1162109375 0.56640625 0.1435546875 0.57421875 0.1728515625 0.572265625 0.1923828125 0.564453125 0.21484375 0.5439453125 0.216796875 0.4794921875 0.197265625 0.4521484375 0.1728515625 0.435546875 0.1474609375 0.431640625
3 0.283203125 0.1904296875 0.2734375 0.1708984375 0.2548828125 0.154296875 0.2216796875 0.142578125 0.1611328125 0.1484375 0.1328125 0.1943359375 0.1318359375 0.208984375 0.146484375 0.2353515625 0.166015625 0.2470703125 0.162109375 0.2705078125 0.1845703125 0.294921875 0.2099609375 0.30859375 0.2275390625 0.302734375 0.251953125 0.2822265625 0.267578125 0.2392578125 0.28515625 0.2177734375 0.283203125 0.1904296875
3 0.31640625 0.2998046875 0.3173828125 0.318359375 0.32421875 0.3466796875 0.3408203125 0.359375 0.4111328125 0.376953125 0.4296875 0.3623046875 0.462890625 0.3115234375 0.453125 0.2900390625 0.4267578125 0.263671875 0.3994140625 0.25 0.3369140625 0.265625 0.31640625 0.2998046875
3 0.0400390625 0.548828125 0.0546875 0.5361328125 0.0703125 0.5048828125 0.0654296875 0.462890625 0.0302734375 0.44921875 0 0.4521484375 0.0009765625 0.53515625 0.0263671875 0.548828125 0.0400390625 0.548828125
3 0.7099609375 0.712890625 0.67578125 0.7470703125 0.6689453125 0.78515625 0.673828125 0.8056640625 0.6923828125 0.833984375 0.7548828125 0.841796875 0.798828125 0.8115234375 0.806640625 0.7822265625 0.8046875 0.7509765625 0.791015625 0.7275390625 0.7705078125 0.71484375 0.7294921875 0.708984375 0.7099609375 0.712890625
3 0.92578125 0.6220703125 0.9462890625 0.64453125 0.9755859375 0.662109375 1 0.6650390625 0.9990234375 0.501953125 0.9775390625 0.505859375 0.94140625 0.5302734375 0.921875 0.5595703125 0.9189453125 0.591796875 0.92578125 0.6220703125
3 1 0.7744140625 0.9775390625 0.74609375 0.9287109375 0.75390625 0.9150390625 0.76171875 0.904296875 0.7783203125 0.9033203125 0.810546875 0.91015625 0.8271484375 0.9345703125 0.8515625 0.9501953125 0.859375 0.9755859375 0.859375 1 0.8427734375 1 0.7744140625
3 0.9306640625 0.958984375 0.8642578125 0.955078125 0.8095703125 0.966796875 0.79296875 0.9794921875 0.7841796875 1 0.982421875 0.9970703125 0.9619140625 0.974609375 0.9306640625 0.958984375
3 0.79296875 0.8837890625 0.7861328125 0.923828125 0.8017578125 0.94921875 0.8525390625 0.953125 0.8994140625 0.943359375 0.912109375 0.9267578125 0.9140625 0.9130859375 0.91015625 0.8974609375 0.8740234375 0.86328125 0.8251953125 0.859375 0.8095703125 0.865234375 0.79296875 0.8837890625
3 0.4501953125 1 0.59375 0.9990234375 0.5361328125 0.96484375 0.5009765625 0.9609375 0.4677734375 0.9765625 0.4501953125 1