3 0.6513671875 0.05078125 0.65625 0.0771484375 0.6689453125 0.08984375 0.7001953125 0.10546875 0.7373046875 0.103515625 0.755859375 0.0908203125 0.78515625 0.0478515625 0.78515625 0.0009765625 0.6552734375 0 0.650390625 0.0087890625 0.6513671875 0.05078125
3 0.5283203125 0 0.50390625 0.0263671875 0.498046875 0.0439453125 0.4990234375 0.080078125 0.5078125 0.1103515625 0.5361328125 0.1328125 0.5810546875 0.13671875 0.6162109375 0.123046875 0.6328125 0.0986328125 0.6328125 0.0595703125 0.619140625 0.0126953125 0.6083984375 0 0.5283203125 0
3 0.4111328125 0.0703125 0.3916015625 0.060546875 0.3447265625 0.05859375 0.3115234375 0.07421875 0.291015625 0.0986328125 0.28515625 0.1162109375 0.2861328125 0.1484375 0.294921875 0.1689453125 0.3173828125 0.193359375 0.3525390625 0.2109375 0.3701171875 0.2109375 0.3994140625 0.197265625 0.42578125 0.1728515625 0.439453125 0.1435546875 0.44140625 0.1162109375 0.4296875 0.0888671875 0.4111328125 0.0703125
3 0.458984375 0.2099609375 0.4716796875 0.224609375 0.4990234375 0.23046875 0.525390625 0.2119140625 0.537109375 0.1787109375 0.5146484375 0.150390625 0.4892578125 0.14453125 0.45703125 0.1708984375 0.4560546875 0.1953125 0.458984375 0.2099609375
3 0.095703125 0.1748046875 0.095703125 0.1357421875 0.087890625 0.1181640625 0.0615234375 0.09375 0.0205078125 0.080078125 0 0.0810546875 0.0009765625 0.2890625 0.064453125 0.2314453125 0.095703125 0.1748046875
3 0.0380859375 0.322265625 0.0029296875 0.337890625 0.0009765625 0.46875 0.0634765625 0.470703125 0.0888671875 0.46484375 0.1220703125 0.4453125 0.140625 0.4248046875 0.15234375 0.3935546875 0.1484375 0.3603515625 0.140625 0.3466796875 0.1201171875 0.33203125 0.0771484375 0.318359375 0.0380859375 0.322265625
3 0.6748046875 0.779296875 0.6376953125 0.794921875 0.615234375 0.8134765625 0.6015625 0.8369140625 0.5986328125 0.861328125 0.6435546875 0.91015625 0.6865234375 0.91796875 0.7021484375 0.912109375 0.716796875 0.8876953125 0.734375 0.8740234375 0.748046875 0.8330078125 0.734375 0.8232421875 0.7177734375 0.794921875 0.6865234375 0.779296875 0.6748046875 0.779296875
3 0.53515625 0.9091796875 0.5322265625 0.939453125 0.53515625 0.9501953125 0.5634765625 0.97265625 0.6044921875 0.970703125 0.630859375 0.9501953125 0.625 0.9228515625 0.603515625 0.8916015625 0.5791015625 0.87890625 0.5537109375 0.8828125 0.544921875 0.8916015625 0.53515625 0.9091796875
3 0.9716796875 0.544921875 0.9609375 0.5556640625 0.9580078125 0.572265625 0.9677734375 0.58984375 0.9990234375 0.595703125 1 0.5419921875 0.9716796875 0.544921875
3 0.6533203125 0.17578125 0.666015625 0.1669921875 0.66796875 0.1513671875 0.6572265625 0.138671875 0.6416015625 0.13671875 0.62890625 0.1455078125 0.6279296875 0.16015625 0.6376953125 0.173828125 0.6533203125 0.17578125
3 0.5537109375 0.248046875 0.56640625 0.2392578125 0.568359375 0.2236328125 0.5576171875 0.212890625 0.5458984375 0.212890625 0.529296875 0.2236328125 0.5283203125 0.23828125 0.5361328125 0.248046875 0.5537109375 0.248046875
3 0.3857421875 0.419921875 0.400390625 0.4091796875 0.400390625 0.3974609375 0.3876953125 0.384765625 0.3720703125 0.3828125 0.361328125 0.3935546875 0.3623046875 0.4140625 0.3681640625 0.419921875 0.3857421875 0.419921875