3 0.2939453125 0.19140625 0.2548828125 0.203125 0.23828125 0.2177734375 0.20703125 0.2666015625 0.201171875 0.2939453125 0.20703125 0.3466796875 0.2587890625 0.40234375 0.2900390625 0.423828125 0.3193359375 0.435546875 0.359375 0.4365234375 0.4208984375 0.40625 0.4453125 0.3837890625 0.455078125 0.3525390625 0.44921875 0.2685546875 0.4248046875 0.234375 0.3779296875 0.203125 0.3271484375 0.19140625 0.2939453125 0.19140625
3 0.306640625 0.1220703125 0.3173828125 0.1328125 0.3564453125 0.1484375 0.4033203125 0.16015625 0.431640625 0.1591796875 0.4775390625 0.1328125 0.501953125 0.0888671875 0.505859375 0.0419921875 0.48828125 0.0009765625 0.2919921875 0 0.279296875 0.0556640625 0.287109375 0.0908203125 0.306640625 0.1220703125
3 0.5986328125 0.109375 0.6435546875 0.138671875 0.701171875 0.1474609375 0.7236328125 0.146484375 0.7607421875 0.130859375 0.8173828125 0.087890625 0.8515625 0.0419921875 0.859375 0.0009765625 0.5390625 0.0009765625 0.55859375 0.0576171875 0.5986328125 0.109375
3 1 0.2412109375 0.9912109375 0.23828125 0.9580078125 0.2421875 0.9326171875 0.255859375 0.908203125 0.2939453125 0.9140625 0.3486328125 0.9560546875 0.380859375 0.98828125 0.3818359375 1 0.3798828125 1 0.2412109375
3 1 0.4443359375 0.9951171875 0.443359375 0.970703125 0.4638671875 0.95703125 0.4892578125 0.953125 0.5458984375 0.966796875 0.6044921875 1 0.6455078125 1 0.4443359375
3 0.876953125 0.1982421875 0.892578125 0.1826171875 0.892578125 0.1591796875 0.8818359375 0.140625 0.8642578125 0.138671875 0.83984375 0.1572265625 0.83984375 0.1884765625 0.8564453125 0.19921875 0.876953125 0.1982421875
3 0.419921875 0.5107421875 0.443359375 0.4931640625 0.4453125 0.4716796875 0.4326171875 0.453125 0.4052734375 0.451171875 0.384765625 0.4638671875 0.3828125 0.4873046875 0.3994140625 0.505859375 0.419921875 0.5107421875
3 0.2724609375 0.4765625 0.2255859375 0.48828125 0.1953125 0.5107421875 0.18359375 0.5615234375 0.185546875 0.6123046875 0.193359375 0.6376953125 0.2177734375 0.6640625 0.2490234375 0.67578125 0.291015625 0.6767578125 0.3232421875 0.66796875 0.357421875 0.6396484375 0.375 0.6123046875 0.37890625 0.5751953125 0.3671875 0.5400390625 0.3330078125 0.49609375 0.3056640625 0.478515625 0.2724609375 0.4765625
3 0.0927734375 0.4296875 0.0751953125 0.421875 0.0009765625 0.4140625 0 0.6708984375 0.03125 0.6708984375 0.0498046875 0.66796875 0.0732421875 0.64453125 0.1064453125 0.6328125 0.125 0.6181640625 0.146484375 0.5771484375 0.150390625 0.5478515625 0.142578125 0.5029296875 0.0927734375 0.4296875
3 0.2822265625 0.88671875 0.25390625 0.9033203125 0.234375 0.9404296875 0.2333984375 1 0.42578125 0.9990234375 0.43359375 0.9541015625 0.427734375 0.9052734375 0.40234375 0.8681640625 0.3857421875 0.857421875 0.3466796875 0.853515625 0.3056640625 0.86328125 0.2900390625 0.873046875 0.2822265625 0.88671875
3 0.5556640625 0.873046875 0.533203125 0.8955078125 0.5234375 0.9326171875 0.5322265625 1 0.69921875 0.9990234375 0.71484375 0.9619140625 0.708984375 0.9072265625 0.6708984375 0.861328125 0.6142578125 0.8359375 0.6025390625 0.8359375 0.59375 0.8408203125 0.5888671875 0.85546875 0.5556640625 0.873046875
3 0 0.6708984375 0.037109375 0.6708984375 0.0478515625 0.669921875 0.0732421875 0.64453125 0.1162109375 0.625 0.126953125 0.6142578125 0.1484375 0.5673828125 0.14453125 0.5087890625 0.109375 0.4482421875 0.08203125 0.4228515625 0.080078125 0.3720703125 0.0654296875 0.359375 0.0498046875 0.359375 0.0126953125 0.376953125 0.00390625 0.3857421875 0 0.4091796875 0 0.6708984375