3 0.912109375 0.9736328125 0.9560546875 0.94921875 0.990234375 0.9033203125 0.994140625 0.8681640625 0.98828125 0.7490234375 0.95703125 0.7041015625 0.9111328125 0.669921875 0.8564453125 0.6640625 0.8017578125 0.673828125 0.76953125 0.6982421875 0.75390625 0.7548828125 0.7578125 0.8056640625 0.78125 0.8837890625 0.810546875 0.9384765625 0.8291015625 0.955078125 0.8759765625 0.974609375 0.912109375 0.9736328125
3 0.75 0.9990234375 0.76953125 0.9619140625 0.779296875 0.9130859375 0.7578125 0.8212890625 0.7421875 0.7861328125 0.7060546875 0.7421875 0.6474609375 0.7109375 0.6064453125 0.716796875 0.5693359375 0.734375 0.529296875 0.7822265625 0.5 0.8583984375 0.501953125 0.9482421875 0.521484375 0.9990234375 0.75 0.9990234375
3 0.556640625 0.7021484375 0.58203125 0.6630859375 0.58203125 0.6357421875 0.5576171875 0.609375 0.5166015625 0.609375 0.505859375 0.6220703125 0.50390625 0.6591796875 0.5302734375 0.69921875 0.556640625 0.7021484375
3 0.376953125 0.2451171875 0.4013671875 0.23828125 0.4375 0.2080078125 0.44921875 0.1826171875 0.44921875 0.1083984375 0.435546875 0.0810546875 0.3994140625 0.048828125 0.3310546875 0.037109375 0.2919921875 0.05078125 0.265625 0.0869140625 0.259765625 0.1005859375 0.26171875 0.1533203125 0.27734375 0.1943359375 0.2919921875 0.21484375 0.3505859375 0.24609375 0.376953125 0.2451171875
3 0.10546875 0.4013671875 0.138671875 0.3759765625 0.146484375 0.3525390625 0.162109375 0.3408203125 0.166015625 0.3115234375 0.158203125 0.2919921875 0.1416015625 0.2890625 0.1220703125 0.2578125 0.1025390625 0.24609375 0.0810546875 0.2421875 0.0400390625 0.255859375 0.029296875 0.2685546875 0.009765625 0.3212890625 0.0078125 0.3447265625 0.0234375 0.3720703125 0.0537109375 0.3984375 0.10546875 0.4013671875
3 0 0.9736328125 0.033203125 0.9794921875 0.0556640625 0.96875 0.0771484375 0.966796875 0.1064453125 0.9453125 0.115234375 0.9326171875 0.1171875 0.9111328125 0.130859375 0.8955078125 0.130859375 0.8837890625 0.111328125 0.8291015625 0.0869140625 0.802734375 0.0419921875 0.7890625 0.0087890625 0.7890625 0 0.7939453125 0 0.9736328125
3 0.818359375 0.6416015625 0.8642578125 0.63671875 0.88671875 0.6083984375 0.88671875 0.5712890625 0.8623046875 0.5390625 0.8408203125 0.529296875 0.8115234375 0.52734375 0.7958984375 0.53515625 0.76953125 0.5576171875 0.76171875 0.5771484375 0.765625 0.6162109375 0.7958984375 0.640625 0.818359375 0.6416015625
3 0.931640625 0.3857421875 0.9560546875 0.365234375 0.9697265625 0.36328125 0.982421875 0.3486328125 0.9921875 0.3134765625 0.990234375 0.2763671875 0.9765625 0.2412109375 0.9482421875 0.205078125 0.8974609375 0.19921875 0.8603515625 0.216796875 0.83984375 0.2373046875 0.833984375 0.2548828125 0.83203125 0.3115234375 0.8505859375 0.34765625 0.8720703125 0.35546875 0.9150390625 0.38671875 0.931640625 0.3857421875
3 0.81640625 0.1455078125 0.8408203125 0.125 0.8642578125 0.1171875 0.8740234375 0.10546875 0.90234375 0.0908203125 0.921875 0.0478515625 0.9111328125 0 0.62109375 0.0009765625 0.626953125 0.0498046875 0.646484375 0.0908203125 0.6630859375 0.107421875 0.7236328125 0.14453125 0.81640625 0.1455078125
3 1 0.6474609375 0.9990234375 0.560546875 0.966796875 0.5869140625 0.9609375 0.6201171875 0.9775390625 0.642578125 1 0.6474609375
3 0.732421875 0.7138671875 0.748046875 0.7001953125 0.74609375 0.6787109375 0.7236328125 0.66796875 0.7021484375 0.669921875 0.6953125 0.6787109375 0.697265625 0.7021484375 0.7138671875 0.71484375 0.732421875 0.7138671875