3 0.1845703125 0.76171875 0.2080078125 0.76171875 0.2294921875 0.75 0.2724609375 0.720703125 0.2890625 0.6982421875 0.275390625 0.6494140625 0.2548828125 0.626953125 0.2412109375 0.62109375 0.2041015625 0.62109375 0.1787109375 0.63671875 0.1630859375 0.658203125 0.166015625 0.7392578125 0.171875 0.7529296875 0.1845703125 0.76171875
3 0.2646484375 0.9609375 0.3232421875 0.97265625 0.3837890625 0.962890625 0.4541015625 0.9296875 0.49609375 0.8955078125 0.509765625 0.8662109375 0.5078125 0.8330078125 0.486328125 0.7587890625 0.4716796875 0.7421875 0.4228515625 0.712890625 0.3408203125 0.708984375 0.3095703125 0.712890625 0.2763671875 0.728515625 0.2509765625 0.7421875 0.197265625 0.7880859375 0.1884765625 0.830078125 0.19140625 0.8740234375 0.2109375 0.9150390625 0.2646484375 0.9609375
3 0.2080078125 0.998046875 0.21484375 0.9951171875 0.220703125 0.9794921875 0.216796875 0.9462890625 0.189453125 0.9072265625 0.1630859375 0.88671875 0.1396484375 0.88671875 0.0986328125 0.90625 0.080078125 0.9306640625 0.0751953125 0.947265625 0.078125 0.9814453125 0.0986328125 0.998046875 0.2080078125 0.998046875
3 0.1318359375 0.857421875 0.1640625 0.8017578125 0.1640625 0.7802734375 0.15625 0.7080078125 0.142578125 0.6689453125 0.146484375 0.6494140625 0.1142578125 0.626953125 0.0654296875 0.607421875 0.0009765625 0.607421875 0.0029296875 0.921875 0.0732421875 0.896484375 0.1318359375 0.857421875
3 0.4052734375 0.689453125 0.41796875 0.6787109375 0.41796875 0.6162109375 0.3759765625 0.58203125 0.3369140625 0.58203125 0.3017578125 0.595703125 0.29296875 0.6044921875 0.2861328125 0.626953125 0.296875 0.6767578125 0.3193359375 0.6953125 0.4052734375 0.689453125
3 0.4013671875 0.55078125 0.4853515625 0.50390625 0.490234375 0.4775390625 0.4677734375 0.44921875 0.4208984375 0.439453125 0.3935546875 0.44921875 0.3583984375 0.4765625 0.3544921875 0.486328125 0.35546875 0.5302734375 0.3740234375 0.544921875 0.4013671875 0.55078125
3 0.5517578125 0.517578125 0.58203125 0.5068359375 0.58203125 0.4697265625 0.5517578125 0.44140625 0.5087890625 0.44921875 0.4990234375 0.47265625 0.505859375 0.5029296875 0.5205078125 0.51171875 0.5517578125 0.517578125
3 0.6103515625 0.716796875 0.6318359375 0.72265625 0.6591796875 0.720703125 0.6748046875 0.71484375 0.6953125 0.6904296875 0.705078125 0.6279296875 0.6953125 0.5927734375 0.6806640625 0.58203125 0.6357421875 0.578125 0.6025390625 0.599609375 0.5732421875 0.638671875 0.576171875 0.6748046875 0.591796875 0.7001953125 0.6103515625 0.716796875
3 0.8759765625 0.998046875 0.8828125 0.9912109375 0.888671875 0.9619140625 0.890625 0.9111328125 0.861328125 0.8603515625 0.8330078125 0.8359375 0.7998046875 0.818359375 0.7431640625 0.8046875 0.6787109375 0.806640625 0.6142578125 0.83203125 0.572265625 0.8681640625 0.5390625 0.9169921875 0.5224609375 0.970703125 0.521484375 0.9951171875 0.5283203125 0.998046875 0.8759765625 0.998046875
3 0.76171875 0.7080078125 0.8232421875 0.751953125 0.8369140625 0.7578125 0.8701171875 0.755859375 0.8837890625 0.751953125 0.8857421875 0.74609375 0.90234375 0.7568359375 0.9013671875 0.76171875 0.9248046875 0.76171875 0.978515625 0.7373046875 0.984375 0.6962890625 0.9765625 0.6435546875 0.98046875 0.5751953125 0.974609375 0.5576171875 0.9345703125 0.521484375 0.8681640625 0.509765625 0.8134765625 0.525390625 0.765625 0.5654296875 0.771484375 0.5712890625 0.76953125 0.5810546875 0.7392578125 0.62890625 0.73828125 0.6533203125 0.748046875 0.6865234375 0.76171875 0.7080078125
3 0.7666015625 0.35546875 0.8095703125 0.3515625 0.837890625 0.3134765625 0.833984375 0.2666015625 0.8251953125 0.251953125 0.7880859375 0.232421875 0.7294921875 0.234375 0.693359375 0.2685546875 0.6904296875 0.3125 0.69140625 0.3232421875 0.7216796875 0.345703125 0.7666015625 0.35546875
3 0.9169921875 0.341796875 0.9287109375 0.34765625 0.9677734375 0.34765625 0.99609375 0.3349609375 0.998046875 0.2021484375 0.9931640625 0.193359375 0.9482421875 0.1875 0.9228515625 0.1953125 0.884765625 0.2294921875 0.8779296875 0.255859375 0.87890625 0.2861328125 0.88671875 0.3056640625 0.9169921875 0.341796875
3 0.3115234375 0 0.318359375 0.0205078125 0.3349609375 0.0390625 0.3701171875 0.060546875 0.3876953125 0.064453125 0.4580078125 0.05859375 0.5009765625 0.04296875 0.521484375 0.0263671875 0.529296875 0.0087890625 0.5283203125 0 0.3115234375 0
3 0.2705078125 0.169921875 0.2900390625 0.17578125 0.3330078125 0.166015625 0.357421875 0.1396484375 0.3515625 0.0966796875 0.2919921875 0.02734375 0.265625 0.0478515625 0.259765625 0.0810546875 0.2451171875 0.115234375 0.244140625 0.1376953125 0.25 0.1474609375 0.2705078125 0.169921875
3 0.1025390625 0 0.0888671875 0.03125 0.095703125 0.0927734375 0.111328125 0.1259765625 0.1572265625 0.140625 0.1689453125 0.126953125 0.2099609375 0.119140625 0.224609375 0.1064453125 0.259765625 0.0263671875 0.2451171875 0 0.1025390625 0
3 0.998046875 0.9404296875 0.9580078125 0.939453125 0.9248046875 0.955078125 0.8994140625 0.990234375 0.9013671875 0.998046875 0.9951171875 0.998046875 0.998046875 0.9404296875