3 0.11328125 0.1767578125 0.119140625 0.1259765625 0.111328125 0.1025390625 0.078125 0.0537109375 0.0380859375 0.017578125 0.0009765625 0.005859375 0.0029296875 0.310546875 0.0244140625 0.298828125 0.046875 0.2763671875 0.091796875 0.2197265625 0.11328125 0.1767578125
3 0.32421875 0.4013671875 0.3076171875 0.38671875 0.2880859375 0.380859375 0.2724609375 0.380859375 0.2431640625 0.39453125 0.2138671875 0.439453125 0.216796875 0.4931640625 0.2451171875 0.5234375 0.2744140625 0.533203125 0.2998046875 0.533203125 0.318359375 0.5205078125 0.33203125 0.5009765625 0.345703125 0.4599609375 0.34375 0.4365234375 0.32421875 0.4013671875
3 0.501953125 0.3662109375 0.4697265625 0.33203125 0.4443359375 0.322265625 0.4150390625 0.322265625 0.3818359375 0.333984375 0.3544921875 0.380859375 0.35546875 0.4345703125 0.3798828125 0.458984375 0.4072265625 0.47265625 0.4677734375 0.470703125 0.4921875 0.4482421875 0.505859375 0.4169921875 0.501953125 0.3662109375
3 0.61328125 0.2744140625 0.59765625 0.2509765625 0.5771484375 0.236328125 0.5224609375 0.23828125 0.494140625 0.2607421875 0.4853515625 0.27734375 0.48828125 0.3212890625 0.5009765625 0.3359375 0.5341796875 0.35546875 0.5771484375 0.3515625 0.603515625 0.3310546875 0.611328125 0.3173828125 0.61328125 0.2744140625
3 0.818359375 0.1767578125 0.810546875 0.1513671875 0.7861328125 0.126953125 0.7275390625 0.12109375 0.69140625 0.1455078125 0.6728515625 0.18359375 0.67578125 0.2138671875 0.6982421875 0.251953125 0.7197265625 0.263671875 0.7646484375 0.263671875 0.798828125 0.2353515625 0.81640625 0.1962890625 0.818359375 0.1767578125
3 0.873046875 0.7001953125 0.8525390625 0.66796875 0.8330078125 0.66015625 0.7998046875 0.658203125 0.767578125 0.6806640625 0.7529296875 0.724609375 0.75390625 0.7587890625 0.7626953125 0.767578125 0.7919921875 0.783203125 0.8212890625 0.783203125 0.8466796875 0.767578125 0.869140625 0.7392578125 0.873046875 0.7001953125
3 0.998046875 0.7373046875 0.9931640625 0.72265625 0.9521484375 0.720703125 0.9091796875 0.7421875 0.892578125 0.7607421875 0.8662109375 0.814453125 0.880859375 0.8525390625 0.8916015625 0.86328125 0.9755859375 0.9140625 0.99609375 0.9072265625 0.998046875 0.7373046875
3 0.8330078125 0.849609375 0.7958984375 0.849609375 0.7548828125 0.86328125 0.7109375 0.8994140625 0.6953125 0.9267578125 0.6943359375 0.939453125 0.7021484375 1 0.994140625 0.9990234375 0.9921875 0.9619140625 0.9677734375 0.9296875 0.8505859375 0.85546875 0.8330078125 0.849609375
3 0.6181640625 0.94140625 0.5732421875 0.9140625 0.5185546875 0.9140625 0.4853515625 0.921875 0.4404296875 0.953125 0.4072265625 0.99609375 0.669921875 0.9990234375 0.6181640625 0.94140625
3 0.3779296875 1 0.421875 0.9384765625 0.4140625 0.8779296875 0.421875 0.8525390625 0.3544921875 0.818359375 0.3251953125 0.8203125 0.2880859375 0.8359375 0.2490234375 0.841796875 0.169921875 0.9208984375 0.1611328125 0.955078125 0.1630859375 1 0.3779296875 1
3 0.7421875 0.8076171875 0.7421875 0.7880859375 0.732421875 0.7646484375 0.7021484375 0.748046875 0.6728515625 0.75 0.6435546875 0.78515625 0.646484375 0.8232421875 0.6591796875 0.83984375 0.6767578125 0.84765625 0.7119140625 0.841796875 0.736328125 0.8212890625 0.7421875 0.8076171875
3 0.1044921875 0.060546875 0.1455078125 0.078125 0.2119140625 0.072265625 0.2666015625 0.03515625 0.291015625 0.0029296875 0.0595703125 0 0.06640625 0.0205078125 0.1044921875 0.060546875
3 0.115234375 0.1728515625 0.119140625 0.1220703125 0.095703125 0.0751953125 0.0576171875 0.033203125 0.0205078125 0.0078125 0.0009765625 0.005859375 0 0.3095703125 0.0048828125 0.310546875 0.037109375 0.2880859375 0.08984375 0.2236328125 0.115234375 0.1728515625
3 0.9716796875 0.30859375 0.9951171875 0.314453125 0.998046875 0.2021484375 0.9931640625 0.19921875 0.9697265625 0.2109375 0.9306640625 0.26171875 0.931640625 0.2763671875 0.9462890625 0.291015625 0.9716796875 0.30859375