3 0.49609375 0.6630859375 0.5068359375 0.673828125 0.5380859375 0.6875 0.5615234375 0.689453125 0.5791015625 0.68359375 0.5927734375 0.669921875 0.59375 0.6318359375 0.5712890625 0.603515625 0.5283203125 0.58984375 0.5146484375 0.591796875 0.501953125 0.6025390625 0.4921875 0.6416015625 0.49609375 0.6630859375
3 0.4453125 0.4404296875 0.44140625 0.4619140625 0.45703125 0.4951171875 0.4912109375 0.5234375 0.5283203125 0.53125 0.5712890625 0.53125 0.56640625 0.4580078125 0.55859375 0.4443359375 0.5302734375 0.42578125 0.4990234375 0.41796875 0.4755859375 0.400390625 0.4482421875 0.40234375 0.4453125 0.4091796875 0.455078125 0.4267578125 0.4453125 0.4404296875
3 0.427734375 0.3251953125 0.431640625 0.3642578125 0.4482421875 0.37890625 0.4755859375 0.390625 0.5107421875 0.390625 0.5478515625 0.373046875 0.541015625 0.3388671875 0.5107421875 0.30859375 0.4873046875 0.296875 0.4658203125 0.29296875 0.4482421875 0.298828125 0.427734375 0.3251953125
3 0.2724609375 0.294921875 0.2880859375 0.306640625 0.3115234375 0.3125 0.3369140625 0.3125 0.3486328125 0.3046875 0.3564453125 0.275390625 0.35546875 0.2646484375 0.3369140625 0.23828125 0.3056640625 0.228515625 0.2802734375 0.232421875 0.259765625 0.2607421875 0.26171875 0.2822265625 0.2724609375 0.294921875
3 0.5283203125 0.001953125 0.517578125 0.0185546875 0.517578125 0.0517578125 0.5380859375 0.07421875 0.5771484375 0.076171875 0.5947265625 0.037109375 0.5654296875 0.001953125 0.5283203125 0.001953125
3 0.6416015625 0.083984375 0.6552734375 0.0859375 0.6748046875 0.099609375 0.6884765625 0.099609375 0.7197265625 0.087890625 0.7275390625 0.072265625 0.724609375 0.0537109375 0.6943359375 0.025390625 0.6689453125 0.01953125 0.640625 0.0244140625 0.6318359375 0.08984375 0.6416015625 0.083984375
3 0.65234375 0.3251953125 0.6669921875 0.345703125 0.6826171875 0.35546875 0.7099609375 0.357421875 0.724609375 0.3447265625 0.7314453125 0.32421875 0.728515625 0.3017578125 0.7041015625 0.279296875 0.6689453125 0.2734375 0.650390625 0.2880859375 0.65234375 0.3251953125
3 0.9306640625 0.224609375 0.908203125 0.2607421875 0.916015625 0.2802734375 0.9462890625 0.3046875 0.9794921875 0.30078125 0.9990234375 0.283203125 0.99609375 0.2373046875 0.9619140625 0.224609375 0.9306640625 0.224609375
3 1 0.4990234375 0.9931640625 0.498046875 0.95703125 0.5263671875 0.951171875 0.5634765625 0.9755859375 0.58984375 0.9990234375 0.6015625 1 0.4990234375
3 0.880859375 0.7646484375 0.884765625 0.7998046875 0.9208984375 0.830078125 0.9658203125 0.828125 0.974609375 0.8173828125 0.9775390625 0.79296875 0.978515625 0.7763671875 0.9501953125 0.74609375 0.9345703125 0.740234375 0.9033203125 0.7421875 0.888671875 0.7509765625 0.880859375 0.7646484375
3 0.505859375 0.7001953125 0.5078125 0.7275390625 0.5322265625 0.74609375 0.5751953125 0.75390625 0.58203125 0.7490234375 0.5849609375 0.734375 0.5859375 0.7158203125 0.5576171875 0.6953125 0.5146484375 0.69140625 0.505859375 0.7001953125
3 0.1943359375 0.484375 0.169921875 0.5009765625 0.169921875 0.5458984375 0.2001953125 0.57421875 0.2353515625 0.572265625 0.2548828125 0.55078125 0.255859375 0.5322265625 0.25 0.5205078125 0.2197265625 0.486328125 0.1943359375 0.484375
3 0.255859375 0.4658203125 0.255859375 0.4912109375 0.2822265625 0.5234375 0.3232421875 0.53125 0.34375 0.5185546875 0.3505859375 0.501953125 0.3359375 0.4638671875 0.3095703125 0.4453125 0.2880859375 0.4453125 0.255859375 0.4658203125
3 0.234375 0.7373046875 0.2578125 0.7568359375 0.2646484375 0.78125 0.2744140625 0.78125 0.2880859375 0.76171875 0.3310546875 0.7265625 0.3203125 0.7001953125 0.2998046875 0.6796875 0.2587890625 0.673828125 0.2265625 0.6884765625 0.234375 0.7373046875
3 0.4443359375 0.849609375 0.4716796875 0.849609375 0.486328125 0.8388671875 0.4921875 0.8134765625 0.5146484375 0.806640625 0.5244140625 0.791015625 0.5234375 0.7705078125 0.5009765625 0.7421875 0.4755859375 0.736328125 0.4462890625 0.7421875 0.439453125 0.7548828125 0.453125 0.7841796875 0.4287109375 0.7890625 0.41015625 0.8056640625 0.41015625 0.8193359375 0.4208984375 0.8359375 0.4443359375 0.849609375
3 0.32421875 0.8662109375 0.326171875 0.8876953125 0.337890625 0.9072265625 0.3759765625 0.93359375 0.4150390625 0.93359375 0.4384765625 0.904296875 0.435546875 0.8740234375 0.3955078125 0.83984375 0.3486328125 0.83984375 0.32421875 0.8662109375
3 0.08203125 0.7392578125 0.09765625 0.7666015625 0.1298828125 0.787109375 0.1748046875 0.783203125 0.19140625 0.7705078125 0.1962890625 0.744140625 0.197265625 0.7294921875 0.1728515625 0.701171875 0.1298828125 0.68359375 0.1083984375 0.68359375 0.08203125 0.7158203125 0.08203125 0.7392578125
3 0.0322265625 0.90625 0.0048828125 0.90234375 0.001953125 0.9697265625 0.0185546875 0.9765625 0.0361328125 0.974609375 0.0556640625 0.958984375 0.048828125 0.9208984375 0.0322265625 0.90625