3 0.52734375 0.0478515625 0.53515625 0.0869140625 0.55078125 0.1162109375 0.5771484375 0.140625 0.6064453125 0.15234375 0.62109375 0.1513671875 0.6494140625 0.142578125 0.666015625 0.1240234375 0.677734375 0.0947265625 0.6796875 0.0498046875 0.66015625 0.0009765625 0.5341796875 0 0.52734375 0.0185546875 0.52734375 0.0478515625
3 0.8193359375 0.09375 0.8671875 0.0927734375 0.8798828125 0.087890625 0.90625 0.0595703125 0.91796875 0.0302734375 0.9169921875 0 0.7109375 0.0009765625 0.7705078125 0.064453125 0.8056640625 0.087890625 0.8193359375 0.09375
3 0.8046875 0.3193359375 0.7890625 0.3505859375 0.7890625 0.3720703125 0.80078125 0.3974609375 0.8271484375 0.42578125 0.8623046875 0.44140625 0.884765625 0.4404296875 0.927734375 0.4150390625 0.94140625 0.3857421875 0.943359375 0.3466796875 0.9150390625 0.298828125 0.8876953125 0.28515625 0.8525390625 0.28515625 0.8271484375 0.296875 0.8046875 0.3193359375
3 0.7939453125 0.529296875 0.8095703125 0.537109375 0.82421875 0.5361328125 0.8515625 0.5126953125 0.85546875 0.4873046875 0.845703125 0.4697265625 0.8291015625 0.45703125 0.7939453125 0.45703125 0.771484375 0.4775390625 0.771484375 0.5029296875 0.7939453125 0.529296875
3 1 0.5283203125 0.9794921875 0.5078125 0.9580078125 0.498046875 0.8994140625 0.501953125 0.8671875 0.5341796875 0.865234375 0.5908203125 0.875 0.6123046875 0.8916015625 0.62890625 0.94140625 0.6318359375 0.9794921875 0.623046875 1 0.6083984375 1 0.5283203125
3 0.849609375 0.6669921875 0.859375 0.6591796875 0.86328125 0.6396484375 0.8544921875 0.62890625 0.8427734375 0.626953125 0.826171875 0.6376953125 0.82421875 0.6533203125 0.8330078125 0.666015625 0.849609375 0.6669921875
3 1 0.6552734375 0.9912109375 0.650390625 0.9521484375 0.650390625 0.9189453125 0.658203125 0.89453125 0.7001953125 0.89453125 0.7294921875 0.90234375 0.7470703125 0.9521484375 0.78515625 0.990234375 0.7861328125 1 0.7841796875 1 0.6552734375
3 0.4443359375 0.9609375 0.4228515625 0.958984375 0.408203125 0.9697265625 0.4052734375 1 0.458984375 0.9990234375 0.458984375 0.9775390625 0.4443359375 0.9609375
3 0.029296875 0.6064453125 0.0458984375 0.630859375 0.05859375 0.6318359375 0.0791015625 0.625 0.119140625 0.5888671875 0.119140625 0.5576171875 0.1103515625 0.544921875 0.0927734375 0.53515625 0.0537109375 0.533203125 0.02734375 0.5634765625 0.029296875 0.6064453125
3 0.615234375 0.3876953125 0.6171875 0.3701171875 0.6083984375 0.361328125 0.5849609375 0.361328125 0.580078125 0.3857421875 0.5888671875 0.400390625 0.599609375 0.4013671875 0.615234375 0.3876953125
3 0.08203125 0.6650390625 0.08203125 0.6904296875 0.087890625 0.7021484375 0.1142578125 0.71875 0.1259765625 0.734375 0.1416015625 0.736328125 0.1552734375 0.748046875 0.16796875 0.7470703125 0.205078125 0.7177734375 0.220703125 0.6865234375 0.220703125 0.6728515625 0.1904296875 0.6171875 0.1650390625 0.6015625 0.1396484375 0.599609375 0.08984375 0.6416015625 0.08203125 0.6650390625