3 0.5712890625 0.548828125 0.5146484375 0.578125 0.49609375 0.6005859375 0.494140625 0.6318359375 0.498046875 0.6611328125 0.5205078125 0.6875 0.5751953125 0.70703125 0.6171875 0.7080078125 0.6455078125 0.6953125 0.666015625 0.6767578125 0.673828125 0.6572265625 0.673828125 0.6279296875 0.64453125 0.5556640625 0.6298828125 0.541015625 0.6103515625 0.537109375 0.5712890625 0.548828125
3 0.484375 0.7529296875 0.474609375 0.7998046875 0.478515625 0.8330078125 0.5146484375 0.873046875 0.611328125 0.8916015625 0.6455078125 0.87890625 0.68359375 0.8271484375 0.689453125 0.8095703125 0.689453125 0.7529296875 0.6552734375 0.71484375 0.5205078125 0.70703125 0.505859375 0.7177734375 0.484375 0.7529296875
3 0.5224609375 0.896484375 0.505859375 0.9150390625 0.501953125 0.9287109375 0.509765625 0.9716796875 0.5283203125 0.990234375 0.5517578125 1 0.6015625 0.9990234375 0.6162109375 0.9921875 0.634765625 0.9677734375 0.63671875 0.9462890625 0.626953125 0.9208984375 0.6123046875 0.908203125 0.5712890625 0.890625 0.5517578125 0.888671875 0.5224609375 0.896484375
3 0.16015625 0.9951171875 0.1611328125 1 0.365234375 0.9990234375 0.365234375 0.9697265625 0.35546875 0.9462890625 0.3291015625 0.921875 0.2978515625 0.908203125 0.2451171875 0.91015625 0.2041015625 0.927734375 0.173828125 0.9599609375 0.16015625 0.9951171875
3 0.75 0.8115234375 0.734375 0.8583984375 0.732421875 0.8955078125 0.748046875 0.9404296875 0.7822265625 0.9765625 0.8232421875 1 0.9453125 0.9990234375 0.990234375 0.8564453125 0.9921875 0.8212890625 0.98046875 0.7919921875 0.9521484375 0.763671875 0.9033203125 0.74609375 0.8388671875 0.744140625 0.7919921875 0.763671875 0.75 0.8115234375
3 0.8466796875 0.57421875 0.8203125 0.6025390625 0.810546875 0.6318359375 0.810546875 0.6630859375 0.8369140625 0.697265625 0.8583984375 0.708984375 0.908203125 0.7080078125 0.9267578125 0.703125 0.9609375 0.6767578125 0.970703125 0.6591796875 0.970703125 0.6181640625 0.95703125 0.5927734375 0.9189453125 0.564453125 0.8642578125 0.56640625 0.8466796875 0.57421875
3 0.65234375 0.5224609375 0.666015625 0.5927734375 0.6923828125 0.63671875 0.744140625 0.6376953125 0.765625 0.6240234375 0.78515625 0.5927734375 0.791015625 0.5498046875 0.787109375 0.5224609375 0.7626953125 0.498046875 0.7373046875 0.484375 0.6767578125 0.490234375 0.65234375 0.5224609375
3 0.5244140625 0.4140625 0.4931640625 0.412109375 0.458984375 0.4306640625 0.44140625 0.4619140625 0.439453125 0.4892578125 0.447265625 0.5126953125 0.4716796875 0.546875 0.4892578125 0.55859375 0.51953125 0.5576171875 0.5419921875 0.5546875 0.5654296875 0.54296875 0.591796875 0.5166015625 0.6015625 0.4873046875 0.6015625 0.4619140625 0.5849609375 0.443359375 0.5458984375 0.4296875 0.5244140625 0.4140625
3 0.2333984375 0.404296875 0.216796875 0.4267578125 0.203125 0.4501953125 0.203125 0.4755859375 0.2109375 0.4970703125 0.2451171875 0.529296875 0.2666015625 0.541015625 0.2890625 0.5400390625 0.3173828125 0.525390625 0.330078125 0.5029296875 0.33984375 0.4736328125 0.337890625 0.4345703125 0.32421875 0.4111328125 0.3037109375 0.39453125 0.2626953125 0.388671875 0.2333984375 0.404296875
3 0.451171875 0.2998046875 0.4365234375 0.27734375 0.4248046875 0.275390625 0.40625 0.2880859375 0.404296875 0.3095703125 0.4189453125 0.322265625 0.43359375 0.3212890625 0.451171875 0.2998046875
3 0.115234375 0.3251953125 0.109375 0.3681640625 0.1259765625 0.3984375 0.1455078125 0.408203125 0.1640625 0.4072265625 0.1865234375 0.3984375 0.208984375 0.3798828125 0.21484375 0.3349609375 0.2109375 0.3212890625 0.1943359375 0.302734375 0.1455078125 0.294921875 0.1279296875 0.306640625 0.115234375 0.3251953125
3 0.27734375 0.3427734375 0.2978515625 0.333984375 0.3046875 0.3154296875 0.2861328125 0.296875 0.2646484375 0.294921875 0.251953125 0.3056640625 0.248046875 0.3193359375 0.2607421875 0.337890625 0.27734375 0.3427734375
3 0.19921875 0.5869140625 0.228515625 0.5615234375 0.2265625 0.5458984375 0.2041015625 0.517578125 0.1689453125 0.515625 0.150390625 0.5283203125 0.146484375 0.5556640625 0.1748046875 0.5859375 0.19921875 0.5869140625
3 0.044921875 0.5751953125 0.0283203125 0.55078125 0.0009765625 0.54296875 0 0.6181640625 0.0234375 0.6201171875 0.044921875 0.5966796875 0.044921875 0.5751953125
3 0.001953125 0.3291015625 0.048828125 0.3037109375 0.068359375 0.2724609375 0.072265625 0.2509765625 0.05859375 0.2021484375 0.0302734375 0.171875 0.0048828125 0.16015625 0 0.1611328125 0.001953125 0.3291015625
3 0.103515625 0.1767578125 0.119140625 0.2099609375 0.1396484375 0.220703125 0.17578125 0.2236328125 0.1982421875 0.216796875 0.20703125 0.2080078125 0.2109375 0.1748046875 0.203125 0.1533203125 0.1435546875 0.126953125 0.1220703125 0.130859375 0.1015625 0.1513671875 0.103515625 0.1767578125
3 0.26171875 0.1552734375 0.25390625 0.1806640625 0.25390625 0.2275390625 0.2841796875 0.26171875 0.326171875 0.2666015625 0.3466796875 0.255859375 0.365234375 0.2314453125 0.365234375 0.1865234375 0.3466796875 0.162109375 0.3271484375 0.150390625 0.3037109375 0.14453125 0.2705078125 0.1484375 0.26171875 0.1552734375
3 0.6103515625 0.30859375 0.646484375 0.3134765625 0.6572265625 0.30859375 0.666015625 0.2939453125 0.662109375 0.2431640625 0.6396484375 0.228515625 0.6103515625 0.2265625 0.576171875 0.2568359375 0.57421875 0.2802734375 0.6103515625 0.30859375
3 0.34765625 0.0771484375 0.3583984375 0.091796875 0.375 0.0927734375 0.3974609375 0.08203125 0.4228515625 0.083984375 0.44921875 0.0615234375 0.4560546875 0 0.349609375 0.0009765625 0.35546875 0.0224609375 0.345703125 0.0517578125 0.34765625 0.0771484375
3 0.048828125 0.0869140625 0.0263671875 0.0546875 0.0009765625 0.05078125 0 0.1259765625 0.015625 0.1259765625 0.046875 0.1044921875 0.048828125 0.0869140625