3 0.8291015625 1 0.8330078125 0.986328125 0.830078125 0.9521484375 0.796875 0.8916015625 0.7685546875 0.8671875 0.7431640625 0.857421875 0.7021484375 0.853515625 0.6513671875 0.865234375 0.61328125 0.8974609375 0.6015625 0.9189453125 0.6015625 0.9541015625 0.6259765625 1 0.8291015625 1
3 0 0.4052734375 0.0166015625 0.4296875 0.0361328125 0.435546875 0.0673828125 0.4609375 0.1162109375 0.478515625 0.1591796875 0.47265625 0.20703125 0.4404296875 0.2275390625 0.40234375 0.220703125 0.3369140625 0.2109375 0.3173828125 0.1943359375 0.3046875 0.1552734375 0.287109375 0.0654296875 0.2890625 0.0283203125 0.279296875 0 0.2861328125 0 0.4052734375
3 0.4267578125 0.158203125 0.40625 0.1728515625 0.400390625 0.1865234375 0.396484375 0.2158203125 0.40234375 0.2333984375 0.4345703125 0.26171875 0.4814453125 0.263671875 0.51953125 0.2294921875 0.5302734375 0.177734375 0.5263671875 0.169921875 0.4814453125 0.154296875 0.4267578125 0.158203125
3 0.8837890625 0.486328125 0.8505859375 0.49609375 0.833984375 0.5224609375 0.841796875 0.5517578125 0.8662109375 0.568359375 0.8955078125 0.564453125 0.9189453125 0.53125 0.91796875 0.5068359375 0.9013671875 0.4921875 0.8837890625 0.486328125
3 0.4912109375 0.0390625 0.4716796875 0.0390625 0.4287109375 0.052734375 0.361328125 0.0966796875 0.3857421875 0.115234375 0.4423828125 0.123046875 0.5283203125 0.1015625 0.5478515625 0.087890625 0.544921875 0.0693359375 0.5244140625 0.05078125 0.4912109375 0.0390625
3 0.2939453125 0.0703125 0.3310546875 0.08203125 0.3525390625 0.08203125 0.3935546875 0.05859375 0.4140625 0.0380859375 0.4326171875 0.00390625 0.2744140625 0 0.271484375 0.0302734375 0.2939453125 0.0703125
3 0.958984375 0.2197265625 0.97265625 0.2685546875 0.9990234375 0.294921875 0.9990234375 0.138671875 0.9609375 0.1923828125 0.958984375 0.2197265625
3 0.8056640625 0.78515625 0.7900390625 0.79296875 0.783203125 0.8037109375 0.78515625 0.8291015625 0.8095703125 0.84765625 0.8447265625 0.84375 0.8544921875 0.826171875 0.8515625 0.7939453125 0.8310546875 0.78125 0.8056640625 0.78515625
3 0.7197265625 0.0390625 0.7431640625 0.05078125 0.7841796875 0.05078125 0.81640625 0.0244140625 0.8251953125 0.00390625 0.7080078125 0 0.70703125 0.0205078125 0.7197265625 0.0390625
3 0.0009765625 0.646484375 0.015625 0.6337890625 0.0302734375 0.603515625 0.02734375 0.5751953125 0.0009765625 0.546875 0.0009765625 0.646484375
3 0.4384765625 0.7265625 0.4296875 0.7353515625 0.427734375 0.7509765625 0.4365234375 0.76171875 0.4580078125 0.765625 0.4716796875 0.755859375 0.470703125 0.7412109375 0.4619140625 0.732421875 0.4384765625 0.7265625