3 0.8671875 0.5087890625 0.875 0.5341796875 0.8955078125 0.5546875 0.916015625 0.5576171875 0.9443359375 0.548828125 0.978515625 0.5087890625 0.98046875 0.4716796875 0.9521484375 0.44921875 0.9228515625 0.4453125 0.8974609375 0.451171875 0.869140625 0.4873046875 0.8671875 0.5087890625
3 0.7958984375 0.43359375 0.814453125 0.4365234375 0.83984375 0.4208984375 0.84765625 0.3994140625 0.845703125 0.3818359375 0.8271484375 0.365234375 0.7919921875 0.369140625 0.771484375 0.3935546875 0.78125 0.4228515625 0.7958984375 0.43359375
3 0.68359375 0.4775390625 0.7138671875 0.501953125 0.7421875 0.5029296875 0.7548828125 0.498046875 0.76953125 0.4794921875 0.771484375 0.4658203125 0.76171875 0.4404296875 0.7392578125 0.423828125 0.6982421875 0.43359375 0.6796875 0.4541015625 0.68359375 0.4775390625
3 0.7861328125 0.7109375 0.8203125 0.7138671875 0.8515625 0.6845703125 0.849609375 0.6513671875 0.84375 0.6396484375 0.8212890625 0.623046875 0.7900390625 0.623046875 0.763671875 0.6494140625 0.763671875 0.6806640625 0.7861328125 0.7109375
3 0.4765625 0.9541015625 0.4326171875 0.931640625 0.3740234375 0.939453125 0.3525390625 0.953125 0.328125 0.9833984375 0.3291015625 1 0.48046875 0.9990234375 0.4765625 0.9541015625
3 0.951171875 0.6064453125 0.9609375 0.6318359375 1 0.6630859375 0.9990234375 0.509765625 0.958984375 0.5556640625 0.951171875 0.6064453125
3 0.1220703125 0.583984375 0.099609375 0.5966796875 0.08984375 0.6220703125 0.08984375 0.6494140625 0.1103515625 0.6875 0.1689453125 0.72265625 0.2041015625 0.732421875 0.2578125 0.7373046875 0.3134765625 0.732421875 0.3203125 0.7236328125 0.2861328125 0.6875 0.2451171875 0.677734375 0.2119140625 0.662109375 0.1796875 0.6201171875 0.1435546875 0.58984375 0.1220703125 0.583984375
3 0.8359375 0.1318359375 0.8515625 0.1591796875 0.8720703125 0.1796875 0.9091796875 0.197265625 0.94921875 0.2001953125 0.95703125 0.1962890625 0.95703125 0.1728515625 0.939453125 0.1318359375 0.9267578125 0.1171875 0.8779296875 0.083984375 0.8466796875 0.087890625 0.83203125 0.0986328125 0.8359375 0.1318359375
3 0.8671875 0.2861328125 0.8896484375 0.298828125 0.90625 0.2978515625 0.9384765625 0.287109375 0.955078125 0.2666015625 0.9609375 0.2333984375 0.9443359375 0.205078125 0.8916015625 0.20703125 0.875 0.2216796875 0.865234375 0.2607421875 0.8671875 0.2861328125
3 0.77734375 0.0302734375 0.78515625 0.0166015625 0.7841796875 0 0.681640625 0.0029296875 0.685546875 0.0224609375 0.7060546875 0.041015625 0.75 0.0439453125 0.77734375 0.0302734375
3 0.5625 0.0556640625 0.5927734375 0.046875 0.611328125 0.0263671875 0.619140625 0.0009765625 0.484375 0.0009765625 0.48828125 0.0166015625 0.5087890625 0.041015625 0.5263671875 0.05078125 0.5625 0.0556640625
3 1 0.0009765625 0.9853515625 0 0.9609375 0.0205078125 0.953125 0.0361328125 0.94921875 0.0751953125 0.978515625 0.1201171875 1 0.1337890625 1 0.0009765625
3 0.814453125 0.9697265625 0.7998046875 0.94921875 0.7783203125 0.9453125 0.763671875 0.9541015625 0.76171875 0.9833984375 0.7744140625 1 0.818359375 0.9990234375 0.814453125 0.9697265625