3 0.30859375 0.2392578125 0.30078125 0.2568359375 0.298828125 0.2861328125 0.3046875 0.3017578125 0.3427734375 0.341796875 0.3623046875 0.349609375 0.38671875 0.3486328125 0.4130859375 0.3359375 0.427734375 0.3154296875 0.43359375 0.2958984375 0.427734375 0.2607421875 0.3935546875 0.224609375 0.3544921875 0.21875 0.3291015625 0.22265625 0.30859375 0.2392578125
3 0 0.4306640625 0.01953125 0.4326171875 0.0439453125 0.4296875 0.0859375 0.3955078125 0.09765625 0.3662109375 0.099609375 0.3330078125 0.0654296875 0.283203125 0.0341796875 0.267578125 0.0009765625 0.265625 0 0.4306640625
3 0.2958984375 0.771484375 0.3134765625 0.78125 0.330078125 0.7822265625 0.3525390625 0.77734375 0.373046875 0.7607421875 0.384765625 0.7177734375 0.3505859375 0.689453125 0.3017578125 0.685546875 0.275390625 0.7099609375 0.27734375 0.7392578125 0.2958984375 0.771484375
3 0.4560546875 0.638671875 0.494140625 0.6376953125 0.521484375 0.6083984375 0.533203125 0.5615234375 0.5224609375 0.55078125 0.4970703125 0.541015625 0.4638671875 0.54296875 0.44140625 0.5556640625 0.43359375 0.5947265625 0.4560546875 0.638671875
3 0.099609375 0.6650390625 0.12109375 0.6455078125 0.12109375 0.6181640625 0.0966796875 0.595703125 0.0693359375 0.59765625 0.04296875 0.6181640625 0.048828125 0.6494140625 0.0712890625 0.666015625 0.099609375 0.6650390625
3 0.6513671875 0.3984375 0.6240234375 0.384765625 0.5849609375 0.392578125 0.5625 0.4326171875 0.560546875 0.4775390625 0.5849609375 0.505859375 0.6005859375 0.513671875 0.638671875 0.5126953125 0.6767578125 0.51171875 0.697265625 0.4951171875 0.708984375 0.4716796875 0.70703125 0.4287109375 0.6962890625 0.42578125 0.689453125 0.4052734375 0.6708984375 0.39453125 0.6513671875 0.3984375
3 0.5263671875 0.158203125 0.4814453125 0.173828125 0.44921875 0.2060546875 0.451171875 0.2548828125 0.46484375 0.2802734375 0.4951171875 0.3046875 0.525390625 0.3076171875 0.5576171875 0.296875 0.5849609375 0.279296875 0.59765625 0.2568359375 0.609375 0.2197265625 0.60546875 0.1826171875 0.5869140625 0.1640625 0.5556640625 0.15625 0.5263671875 0.158203125
3 0.4365234375 0.0859375 0.4677734375 0.099609375 0.478515625 0.0986328125 0.5087890625 0.09765625 0.5439453125 0.0859375 0.576171875 0.0478515625 0.58984375 0.0185546875 0.58984375 0.0009765625 0.4052734375 0 0.40625 0.0576171875 0.4365234375 0.0859375
3 0.765625 0.2587890625 0.7421875 0.3154296875 0.748046875 0.3662109375 0.763671875 0.3896484375 0.7822265625 0.404296875 0.83203125 0.4052734375 0.8505859375 0.400390625 0.876953125 0.3759765625 0.888671875 0.3427734375 0.88671875 0.2978515625 0.875 0.2666015625 0.8486328125 0.234375 0.7900390625 0.232421875 0.765625 0.2587890625
3 1 0.4287109375 0.9912109375 0.427734375 0.9169921875 0.439453125 0.8798828125 0.458984375 0.841796875 0.5087890625 0.830078125 0.5458984375 0.830078125 0.5810546875 0.845703125 0.6396484375 0.859375 0.6669921875 0.8935546875 0.705078125 0.9384765625 0.7265625 1 0.7353515625 1 0.4287109375
3 0.6904296875 0.5546875 0.6484375 0.5849609375 0.638671875 0.6220703125 0.638671875 0.6591796875 0.6484375 0.6904296875 0.6669921875 0.705078125 0.6943359375 0.71484375 0.724609375 0.7138671875 0.77734375 0.6865234375 0.791015625 0.6533203125 0.791015625 0.6201171875 0.787109375 0.6064453125 0.7587890625 0.568359375 0.7392578125 0.5546875 0.7119140625 0.548828125 0.6904296875 0.5546875
3 0.8203125 0.8154296875 0.818359375 0.8447265625 0.830078125 0.8720703125 0.8544921875 0.8984375 0.8720703125 0.90625 0.904296875 0.9072265625 0.9169921875 0.904296875 0.9345703125 0.8828125 0.94921875 0.8759765625 0.962890625 0.8251953125 0.9375 0.7763671875 0.9189453125 0.763671875 0.8564453125 0.763671875 0.8203125 0.8154296875
3 0.58203125 0.9443359375 0.58984375 0.9560546875 0.5986328125 0.962890625 0.625 0.9658203125 0.6484375 0.9423828125 0.669921875 0.9052734375 0.66796875 0.8740234375 0.6494140625 0.8515625 0.6201171875 0.861328125 0.6083984375 0.8515625 0.58203125 0.9052734375 0.58203125 0.9443359375
3 0.2255859375 0.90234375 0.2578125 0.9052734375 0.275390625 0.8896484375 0.275390625 0.8544921875 0.265625 0.8330078125 0.2587890625 0.826171875 0.1943359375 0.83203125 0.185546875 0.8427734375 0.19140625 0.8779296875 0.2255859375 0.90234375
3 0.314453125 0.9501953125 0.3115234375 1 0.490234375 0.9990234375 0.48828125 0.9775390625 0.47265625 0.9482421875 0.4501953125 0.92578125 0.4150390625 0.908203125 0.3662109375 0.90625 0.3466796875 0.912109375 0.32421875 0.9306640625 0.314453125 0.9501953125
3 0.626953125 0.9931640625 0.6279296875 1 0.900390625 0.9990234375 0.888671875 0.9521484375 0.875 0.9287109375 0.8115234375 0.88671875 0.7861328125 0.876953125 0.7587890625 0.876953125 0.7099609375 0.890625 0.64453125 0.9580078125 0.626953125 0.9931640625
3 0.958984375 0.2900390625 0.953125 0.3505859375 0.9609375 0.3876953125 0.9833984375 0.40625 1 0.4052734375 0.9970703125 0.240234375 0.958984375 0.2900390625