3 0.796875 0.4560546875 0.8271484375 0.478515625 0.8798828125 0.478515625 0.9140625 0.4541015625 0.9296875 0.4267578125 0.927734375 0.3876953125 0.9052734375 0.357421875 0.87890625 0.3486328125 0.8388671875 0.35546875 0.802734375 0.3779296875 0.796875 0.4033203125 0.796875 0.4560546875
3 0.6435546875 0.611328125 0.6748046875 0.59375 0.7109375 0.5576171875 0.720703125 0.5341796875 0.720703125 0.4951171875 0.70703125 0.4716796875 0.6787109375 0.453125 0.650390625 0.4482421875 0.6025390625 0.45703125 0.576171875 0.4814453125 0.55859375 0.5146484375 0.55859375 0.5517578125 0.56640625 0.5732421875 0.5908203125 0.6015625 0.6083984375 0.611328125 0.6435546875 0.611328125
3 0.7802734375 0.615234375 0.76953125 0.6240234375 0.76171875 0.6513671875 0.7724609375 0.669921875 0.8037109375 0.671875 0.82421875 0.6552734375 0.826171875 0.6474609375 0.80859375 0.6162109375 0.7802734375 0.615234375
3 0.5009765625 0.654296875 0.474609375 0.6689453125 0.470703125 0.6943359375 0.4814453125 0.708984375 0.5166015625 0.71484375 0.537109375 0.6962890625 0.5390625 0.6748046875 0.521484375 0.6552734375 0.5009765625 0.654296875
3 0.3857421875 0.642578125 0.4169921875 0.63671875 0.4501953125 0.654296875 0.4853515625 0.6484375 0.509765625 0.6259765625 0.5 0.5419921875 0.4775390625 0.517578125 0.4296875 0.5048828125 0.4013671875 0.5078125 0.375 0.5244140625 0.3515625 0.5869140625 0.353515625 0.6220703125 0.3857421875 0.642578125
3 0.8193359375 0.955078125 0.8427734375 0.943359375 0.865234375 0.9208984375 0.876953125 0.8994140625 0.884765625 0.8642578125 0.87890625 0.8427734375 0.8427734375 0.81640625 0.798828125 0.8056640625 0.7451171875 0.810546875 0.70703125 0.8466796875 0.689453125 0.8876953125 0.689453125 0.9111328125 0.697265625 0.9365234375 0.7197265625 0.95703125 0.7490234375 0.962890625 0.8193359375 0.955078125
3 0.828125 0.0439453125 0.783203125 0.0498046875 0.771484375 0.0908203125 0.7900390625 0.119140625 0.8271484375 0.1171875 0.861328125 0.0888671875 0.861328125 0.0615234375 0.828125 0.0439453125
3 1 0.1357421875 0.9833984375 0.138671875 0.970703125 0.1494140625 0.958984375 0.1708984375 0.953125 0.2021484375 0.953125 0.2275390625 0.962890625 0.2470703125 0.9951171875 0.26953125 1 0.2685546875 1 0.1357421875
3 0.298828125 0.0869140625 0.3486328125 0.130859375 0.4052734375 0.134765625 0.443359375 0.0986328125 0.44921875 0.0654296875 0.4013671875 0.01171875 0.3740234375 0.013671875 0.365234375 0.0009765625 0.3212890625 0.00390625 0.298828125 0.0224609375 0.287109375 0.0634765625 0.298828125 0.0869140625
3 0.5751953125 0.029296875 0.619140625 0.0009765625 0.435546875 0.0009765625 0.4580078125 0.0234375 0.4873046875 0.041015625 0.5341796875 0.044921875 0.5751953125 0.029296875
3 0.1748046875 0.1796875 0.150390625 0.2021484375 0.15234375 0.2333984375 0.1708984375 0.25390625 0.2021484375 0.251953125 0.224609375 0.2216796875 0.21875 0.1923828125 0.1953125 0.1767578125 0.1748046875 0.1796875
3 0.0009765625 0.25390625 0.0830078125 0.212890625 0.142578125 0.1591796875 0.154296875 0.1416015625 0.162109375 0.1220703125 0.1640625 0.0888671875 0.150390625 0.0244140625 0.13671875 0.0009765625 0 0.0009765625 0.0009765625 0.25390625
3 0.109375 0.7314453125 0.1279296875 0.7578125 0.1591796875 0.76171875 0.1796875 0.7490234375 0.193359375 0.7333984375 0.193359375 0.7255859375 0.1806640625 0.708984375 0.146484375 0.6962890625 0.1240234375 0.697265625 0.111328125 0.7138671875 0.109375 0.7314453125
3 0.2001953125 0.69140625 0.2216796875 0.669921875 0.2646484375 0.6484375 0.279296875 0.6279296875 0.279296875 0.5849609375 0.265625 0.5576171875 0.2568359375 0.55078125 0.208984375 0.5439453125 0.181640625 0.5478515625 0.146484375 0.5966796875 0.1484375 0.6181640625 0.142578125 0.6259765625 0.14453125 0.6357421875 0.2001953125 0.69140625
3 0.3251953125 0.806640625 0.306640625 0.8193359375 0.302734375 0.8505859375 0.3134765625 0.86328125 0.3466796875 0.873046875 0.392578125 0.8349609375 0.3779296875 0.810546875 0.357421875 0.8056640625 0.3251953125 0.806640625
3 0.208984375 0.9580078125 0.2099609375 0.99609375 0.3544921875 0.998046875 0.373046875 0.9931640625 0.37890625 0.9580078125 0.365234375 0.9169921875 0.3505859375 0.904296875 0.3046875 0.8916015625 0.2548828125 0.904296875 0.21875 0.9365234375 0.208984375 0.9580078125
3 0.037109375 0.8193359375 0.00390625 0.7978515625 0.0009765625 0.9453125 0.0263671875 0.935546875 0.05078125 0.8994140625 0.048828125 0.8544921875 0.037109375 0.8193359375