3 1 0.2587890625 0.9541015625 0.25390625 0.9111328125 0.23828125 0.8837890625 0.236328125 0.8701171875 0.2421875 0.859375 0.2529296875 0.853515625 0.2724609375 0.86328125 0.3193359375 0.8857421875 0.337890625 0.9228515625 0.353515625 0.974609375 0.3583984375 1 0.3466796875 1 0.2587890625
3 0.576171875 0.2705078125 0.56640625 0.3251953125 0.5869140625 0.35546875 0.6142578125 0.37109375 0.662109375 0.3720703125 0.6845703125 0.357421875 0.708984375 0.3291015625 0.7109375 0.2724609375 0.6826171875 0.240234375 0.6689453125 0.234375 0.6337890625 0.232421875 0.6044921875 0.23828125 0.576171875 0.2705078125
3 0.6123046875 0.013671875 0.5771484375 0.025390625 0.55078125 0.0595703125 0.552734375 0.1396484375 0.5693359375 0.15234375 0.634765625 0.1572265625 0.6533203125 0.15234375 0.67578125 0.1298828125 0.68359375 0.1083984375 0.68359375 0.0771484375 0.67578125 0.0537109375 0.6533203125 0.0234375 0.6298828125 0.013671875 0.6123046875 0.013671875
3 0.3837890625 0.30859375 0.412109375 0.3095703125 0.43359375 0.2939453125 0.439453125 0.2666015625 0.431640625 0.2490234375 0.4189453125 0.240234375 0.3837890625 0.240234375 0.36328125 0.2626953125 0.36328125 0.2841796875 0.3837890625 0.30859375
3 0.54296875 0.2060546875 0.55859375 0.1923828125 0.556640625 0.1708984375 0.5419921875 0.150390625 0.5263671875 0.146484375 0.517578125 0.1591796875 0.515625 0.1865234375 0.5263671875 0.203125 0.54296875 0.2060546875
3 0.16796875 0.1669921875 0.177734375 0.2158203125 0.2099609375 0.244140625 0.23828125 0.2470703125 0.2666015625 0.23828125 0.291015625 0.2099609375 0.287109375 0.1494140625 0.271484375 0.1220703125 0.2509765625 0.10546875 0.2158203125 0.109375 0.1923828125 0.125 0.16796875 0.1669921875
3 0.0009765625 0 0 0.1025390625 0.017578125 0.1357421875 0.0576171875 0.177734375 0.107421875 0.1826171875 0.1455078125 0.16796875 0.201171875 0.0888671875 0.2109375 0.0380859375 0.203125 0.0048828125 0.1982421875 0 0.0009765625 0
3 0.0234375 0.1708984375 0.0009765625 0.1328125 0.00390625 0.2841796875 0.025390625 0.2470703125 0.033203125 0.2021484375 0.0234375 0.1708984375
3 0 0.4189453125 0.0458984375 0.451171875 0.1044921875 0.470703125 0.125 0.4697265625 0.1669921875 0.44921875 0.19140625 0.4248046875 0.212890625 0.3759765625 0.212890625 0.3154296875 0.19140625 0.2685546875 0.1513671875 0.232421875 0.1201171875 0.21875 0.0634765625 0.21875 0.03515625 0.2431640625 0 0.2998046875 0 0.4189453125
3 0.3056640625 0.044921875 0.326171875 0.0263671875 0.3271484375 0 0.24609375 0.0009765625 0.25390625 0.0283203125 0.2685546875 0.04296875 0.296875 0.0458984375 0.3056640625 0.044921875
3 1 0.0458984375 0.9677734375 0.04296875 0.9443359375 0.048828125 0.935546875 0.0732421875 0.9453125 0.0908203125 0.9541015625 0.09765625 0.984375 0.0966796875 1 0.0947265625 1 0.0458984375
3 0.22265625 0.5498046875 0.244140625 0.5380859375 0.24609375 0.5126953125 0.2333984375 0.490234375 0.2138671875 0.484375 0.193359375 0.4970703125 0.18359375 0.5224609375 0.1943359375 0.546875 0.22265625 0.5498046875
3 0.1728515625 0.650390625 0.14453125 0.6708984375 0.130859375 0.7041015625 0.130859375 0.7353515625 0.14453125 0.7626953125 0.1650390625 0.783203125 0.203125 0.7900390625 0.2275390625 0.78125 0.23828125 0.7705078125 0.251953125 0.7451171875 0.25390625 0.7138671875 0.244140625 0.6845703125 0.2236328125 0.662109375 0.1982421875 0.6484375 0.1728515625 0.650390625
3 0.001953125 0.9970703125 0.19140625 0.9990234375 0.181640625 0.9697265625 0.1650390625 0.947265625 0.1279296875 0.923828125 0.0927734375 0.9140625 0.0771484375 0.9140625 0.0419921875 0.93359375 0.025390625 0.9521484375 0.001953125 0.9970703125
3 0.2978515625 0.740234375 0.26953125 0.7724609375 0.255859375 0.8076171875 0.255859375 0.8251953125 0.26171875 0.8330078125 0.259765625 0.8662109375 0.265625 0.8798828125 0.3076171875 0.91796875 0.33984375 0.9248046875 0.3935546875 0.88671875 0.4453125 0.8369140625 0.4453125 0.8017578125 0.427734375 0.7587890625 0.4033203125 0.73046875 0.3798828125 0.720703125 0.3408203125 0.72265625 0.2978515625 0.740234375
3 0.4736328125 0.66796875 0.4501953125 0.6796875 0.43359375 0.6962890625 0.43359375 0.7451171875 0.447265625 0.7763671875 0.4677734375 0.802734375 0.4970703125 0.814453125 0.51953125 0.8134765625 0.5419921875 0.8046875 0.5546875 0.7861328125 0.564453125 0.7607421875 0.5625 0.7353515625 0.548828125 0.7001953125 0.5322265625 0.681640625 0.5009765625 0.666015625 0.4736328125 0.66796875
3 0.58203125 0.9990234375 0.56640625 0.9052734375 0.5244140625 0.853515625 0.4501953125 0.861328125 0.3818359375 0.904296875 0.37109375 0.9189453125 0.365234375 0.9580078125 0.3740234375 1 0.58203125 0.9990234375
3 0.580078125 0.9482421875 0.5908203125 1 0.759765625 0.9990234375 0.744140625 0.9501953125 0.7041015625 0.90625 0.6513671875 0.876953125 0.6298828125 0.873046875 0.6044921875 0.876953125 0.58984375 0.8876953125 0.580078125 0.9228515625 0.580078125 0.9482421875
3 0.744140625 0.9033203125 0.744140625 0.9248046875 0.7744140625 1 0.95703125 0.9990234375 0.96484375 0.9736328125 0.958984375 0.9306640625 0.9287109375 0.890625 0.8662109375 0.84765625 0.8115234375 0.84375 0.7763671875 0.857421875 0.75390625 0.8779296875 0.744140625 0.9033203125
3 0.76953125 0.7939453125 0.7939453125 0.80859375 0.810546875 0.8095703125 0.8427734375 0.80078125 0.865234375 0.7646484375 0.861328125 0.7158203125 0.8291015625 0.69140625 0.7919921875 0.6953125 0.76171875 0.7275390625 0.75390625 0.7509765625 0.76953125 0.7939453125
3 1 0.7529296875 0.9501953125 0.744140625 0.9033203125 0.76171875 0.88671875 0.8017578125 0.884765625 0.8271484375 0.890625 0.8427734375 0.9541015625 0.908203125 0.9716796875 0.919921875 0.994140625 0.9208984375 1 0.9189453125 1 0.7529296875
3 0.611328125 0.4501953125 0.6015625 0.4716796875 0.603515625 0.5048828125 0.6171875 0.5283203125 0.6396484375 0.544921875 0.666015625 0.5458984375 0.69921875 0.5244140625 0.71875 0.4853515625 0.71875 0.4560546875 0.7109375 0.4345703125 0.6845703125 0.41796875 0.6572265625 0.41796875 0.6298828125 0.431640625 0.611328125 0.4501953125
3 0.818359375 0.4033203125 0.818359375 0.4404296875 0.80859375 0.4462890625 0.80859375 0.4619140625 0.8212890625 0.484375 0.8349609375 0.486328125 0.8662109375 0.505859375 0.890625 0.5087890625 0.9169921875 0.501953125 0.935546875 0.4775390625 0.9453125 0.4501953125 0.94140625 0.4169921875 0.93359375 0.4033203125 0.9072265625 0.3828125 0.8466796875 0.380859375 0.818359375 0.4033203125