3 0.7939453125 0.412109375 0.7197265625 0.4140625 0.6533203125 0.443359375 0.587890625 0.5048828125 0.5625 0.5537109375 0.55859375 0.6201171875 0.580078125 0.6767578125 0.5986328125 0.6953125 0.6279296875 0.7109375 0.6748046875 0.720703125 0.70703125 0.7197265625 0.7412109375 0.70703125 0.7900390625 0.6640625 0.8447265625 0.6328125 0.880859375 0.5869140625 0.888671875 0.5166015625 0.87109375 0.4619140625 0.8466796875 0.435546875 0.7939453125 0.412109375
3 0.6025390625 0.736328125 0.5810546875 0.74609375 0.564453125 0.7626953125 0.544921875 0.7978515625 0.541015625 0.8505859375 0.548828125 0.8935546875 0.560546875 0.9189453125 0.5986328125 0.94921875 0.6318359375 0.962890625 0.671875 0.9638671875 0.7138671875 0.94921875 0.7421875 0.9267578125 0.75390625 0.9052734375 0.75390625 0.8740234375 0.71484375 0.7705078125 0.6982421875 0.751953125 0.6630859375 0.73828125 0.6025390625 0.736328125
3 0.8662109375 0.638671875 0.8427734375 0.6484375 0.7822265625 0.701171875 0.7431640625 0.72265625 0.732421875 0.7412109375 0.73046875 0.7880859375 0.744140625 0.8369140625 0.7861328125 0.869140625 0.828125 0.8681640625 0.8681640625 0.865234375 0.9013671875 0.8515625 0.931640625 0.8037109375 0.94140625 0.7412109375 0.93359375 0.6884765625 0.927734375 0.6748046875 0.8916015625 0.642578125 0.8662109375 0.638671875
3 0.392578125 0.6376953125 0.40234375 0.6533203125 0.4248046875 0.669921875 0.45703125 0.6689453125 0.4833984375 0.65625 0.490234375 0.6455078125 0.4921875 0.6240234375 0.486328125 0.6044921875 0.4423828125 0.58203125 0.4072265625 0.583984375 0.390625 0.6083984375 0.392578125 0.6376953125
3 0.125 0.6181640625 0.140625 0.6005859375 0.142578125 0.5751953125 0.1279296875 0.552734375 0.0947265625 0.552734375 0.076171875 0.5751953125 0.076171875 0.5986328125 0.0947265625 0.619140625 0.125 0.6181640625
3 0.1142578125 0.857421875 0.0791015625 0.875 0.05859375 0.8955078125 0.052734375 0.9130859375 0.0546875 0.9638671875 0.0732421875 0.998046875 0.126953125 0.9990234375 0.1298828125 0.990234375 0.166015625 0.9755859375 0.17578125 0.9443359375 0.17578125 0.9052734375 0.166015625 0.8779296875 0.1533203125 0.865234375 0.1376953125 0.857421875 0.1142578125 0.857421875
3 0.22265625 0.7216796875 0.23828125 0.7060546875 0.23828125 0.6787109375 0.2236328125 0.666015625 0.1982421875 0.66796875 0.1875 0.6787109375 0.1875 0.7099609375 0.1982421875 0.720703125 0.22265625 0.7216796875
3 0.3671875 0.9013671875 0.3671875 0.9365234375 0.3828125 0.9658203125 0.4091796875 0.984375 0.44921875 0.9853515625 0.47265625 0.9697265625 0.50390625 0.9267578125 0.505859375 0.8662109375 0.4794921875 0.837890625 0.4306640625 0.837890625 0.4072265625 0.845703125 0.38671875 0.8623046875 0.3671875 0.9013671875
3 0.3232421875 0.009765625 0.2998046875 0.021484375 0.2734375 0.0517578125 0.263671875 0.0810546875 0.263671875 0.1123046875 0.275390625 0.1416015625 0.2958984375 0.1640625 0.3212890625 0.17578125 0.35546875 0.1767578125 0.3837890625 0.16796875 0.41015625 0.1455078125 0.427734375 0.1162109375 0.4296875 0.0810546875 0.412109375 0.0439453125 0.3857421875 0.0234375 0.3525390625 0.009765625 0.3232421875 0.009765625
3 0.0400390625 0.09375 0.05859375 0.0966796875 0.0771484375 0.091796875 0.09375 0.0634765625 0.08984375 0.0341796875 0.0673828125 0.021484375 0.0400390625 0.025390625 0.01953125 0.0537109375 0.0234375 0.0791015625 0.0400390625 0.09375
3 0.466796875 0.0927734375 0.5009765625 0.119140625 0.548828125 0.1220703125 0.5810546875 0.11328125 0.599609375 0.0927734375 0.611328125 0.0634765625 0.611328125 0.0048828125 0.4619140625 0.00390625 0.44921875 0.0224609375 0.447265625 0.0400390625 0.466796875 0.0927734375
3 0.642578125 0.1064453125 0.6826171875 0.126953125 0.734375 0.1357421875 0.7841796875 0.115234375 0.8125 0.0849609375 0.818359375 0.0556640625 0.8046875 0.0068359375 0.7919921875 0.001953125 0.6298828125 0.00390625 0.625 0.0595703125 0.642578125 0.1064453125
3 0.9482421875 0.0390625 0.974609375 0.0048828125 0.830078125 0.0048828125 0.837890625 0.0205078125 0.8623046875 0.04296875 0.8837890625 0.05078125 0.921875 0.0498046875 0.9482421875 0.0390625
3 0.744140625 0.1865234375 0.740234375 0.2314453125 0.7607421875 0.26171875 0.7919921875 0.27734375 0.8125 0.2802734375 0.8232421875 0.27734375 0.8671875 0.2333984375 0.873046875 0.1962890625 0.859375 0.1748046875 0.8310546875 0.154296875 0.7939453125 0.150390625 0.7685546875 0.162109375 0.744140625 0.1865234375
3 0.904296875 0.4072265625 0.9130859375 0.435546875 0.9501953125 0.44921875 0.962890625 0.4482421875 0.96875 0.4150390625 0.98046875 0.4033203125 0.982421875 0.3642578125 0.974609375 0.3427734375 0.9580078125 0.326171875 0.9443359375 0.32421875 0.90625 0.3564453125 0.904296875 0.4072265625