3 0.8310546875 0.59375 0.8740234375 0.580078125 0.90234375 0.5537109375 0.919921875 0.5224609375 0.9208984375 0.498046875 0.8984375 0.4541015625 0.8623046875 0.4140625 0.8427734375 0.404296875 0.8115234375 0.404296875 0.7841796875 0.4140625 0.75 0.4443359375 0.73046875 0.4814453125 0.728515625 0.5146484375 0.7421875 0.5458984375 0.7763671875 0.583984375 0.8017578125 0.59375 0.8310546875 0.59375
3 0.8544921875 1 0.8544921875 0.927734375 0.8447265625 0.9140625 0.8076171875 0.8984375 0.8046875 0.8857421875 0.7939453125 0.87890625 0.7060546875 0.861328125 0.6689453125 0.86328125 0.6416015625 0.875 0.6015625 0.9150390625 0.583984375 0.9501953125 0.576171875 0.9951171875 0.5791015625 1 0.8544921875 1
3 0.5263671875 0.912109375 0.55859375 0.8857421875 0.5703125 0.8583984375 0.5693359375 0.8359375 0.556640625 0.8115234375 0.5341796875 0.791015625 0.5048828125 0.78125 0.4677734375 0.783203125 0.4560546875 0.787109375 0.4375 0.8095703125 0.427734375 0.8310546875 0.427734375 0.8623046875 0.443359375 0.9013671875 0.4541015625 0.912109375 0.4892578125 0.919921875 0.5263671875 0.912109375
3 0.5458984375 1 0.5478515625 0.955078125 0.5341796875 0.931640625 0.4892578125 0.931640625 0.455078125 0.9560546875 0.455078125 0.9853515625 0.4677734375 1 0.5458984375 1
3 0.7900390625 0.8671875 0.8056640625 0.8671875 0.853515625 0.8388671875 0.8583984375 0.7734375 0.8388671875 0.73828125 0.8095703125 0.720703125 0.7822265625 0.716796875 0.7646484375 0.732421875 0.7197265625 0.748046875 0.697265625 0.7744140625 0.693359375 0.7919921875 0.70703125 0.8154296875 0.7294921875 0.8359375 0.7548828125 0.833984375 0.7705078125 0.85546875 0.7900390625 0.8671875
3 0.8671875 0.9990234375 0.9990234375 1 0.9990234375 0.931640625 0.9541015625 0.888671875 0.9248046875 0.88671875 0.9091796875 0.892578125 0.87890625 0.9228515625 0.8671875 0.9990234375
3 0.9736328125 0.69921875 0.9990234375 0.7109375 0.9990234375 0.58203125 0.974609375 0.5986328125 0.955078125 0.6396484375 0.955078125 0.6630859375 0.962890625 0.6845703125 0.9736328125 0.69921875
3 0.9365234375 0.361328125 0.919921875 0.3720703125 0.8984375 0.4013671875 0.8984375 0.4326171875 0.9267578125 0.474609375 0.9599609375 0.478515625 0.982421875 0.4677734375 1 0.4404296875 0.9990234375 0.369140625 0.9697265625 0.359375 0.9365234375 0.361328125
3 0.9765625 0.2744140625 0.9775390625 0.25390625 0.974609375 0.2333984375 0.9599609375 0.21484375 0.9208984375 0.201171875 0.8876953125 0.20703125 0.8681640625 0.216796875 0.84375 0.2490234375 0.84375 0.3115234375 0.8603515625 0.333984375 0.8779296875 0.34375 0.9208984375 0.337890625 0.96484375 0.3037109375 0.9765625 0.2744140625
3 0.29296875 0.2744140625 0.2919921875 0.251953125 0.283203125 0.2216796875 0.2568359375 0.197265625 0.1982421875 0.197265625 0.17578125 0.2138671875 0.158203125 0.2490234375 0.1640625 0.3017578125 0.1748046875 0.314453125 0.2060546875 0.330078125 0.2392578125 0.330078125 0.2548828125 0.32421875 0.28515625 0.2958984375 0.29296875 0.2744140625
3 0.3369140625 0 0.3359375 0.0087890625 0.34375 0.0341796875 0.3681640625 0.06640625 0.3876953125 0.078125 0.4326171875 0.080078125 0.4560546875 0.0703125 0.482421875 0.0458984375 0.49609375 0.0205078125 0.4990234375 0 0.3369140625 0
3 0.1591796875 0 0.142578125 0.0263671875 0.142578125 0.0517578125 0.1748046875 0.08984375 0.1923828125 0.09765625 0.2158203125 0.09765625 0.2314453125 0.091796875 0.244140625 0.0771484375 0.2548828125 0.02734375 0.2431640625 0.009765625 0.2255859375 0 0.1591796875 0
3 0.134765625 0.1220703125 0.1083984375 0.09375 0.0771484375 0.087890625 0.05859375 0.1025390625 0.048828125 0.1669921875 0.048828125 0.1845703125 0.0576171875 0.203125 0.0791015625 0.21484375 0.1123046875 0.208984375 0.13671875 0.1884765625 0.1435546875 0.16015625 0.134765625 0.1220703125
3 0.0400390625 0.48828125 0.02734375 0.4501953125 0.0185546875 0.44140625 0.0009765625 0.4375 0.0009765625 0.548828125 0.033203125 0.5205078125 0.0400390625 0.48828125
3 0.03515625 0.1826171875 0.04296875 0.1455078125 0.0439453125 0.087890625 0.029296875 0.0458984375 0.0009765625 0.01953125 0.0009765625 0.212890625 0.0224609375 0.203125 0.03515625 0.1826171875