3 0.7646484375 0.337890625 0.7333984375 0.32421875 0.7177734375 0.32421875 0.65234375 0.3662109375 0.6328125 0.4033203125 0.6328125 0.4345703125 0.6650390625 0.46484375 0.6845703125 0.470703125 0.7294921875 0.466796875 0.7587890625 0.44921875 0.77734375 0.4248046875 0.78515625 0.3994140625 0.7841796875 0.369140625 0.7646484375 0.337890625
3 0.78125 0.7919921875 0.7470703125 0.763671875 0.6787109375 0.763671875 0.6484375 0.7919921875 0.642578125 0.8076171875 0.64453125 0.8740234375 0.6669921875 0.8984375 0.7060546875 0.912109375 0.7255859375 0.91015625 0.7470703125 0.8984375 0.78125 0.8603515625 0.791015625 0.8310546875 0.7900390625 0.80859375 0.78125 0.7919921875
3 0.658203125 0.1865234375 0.669921875 0.1533203125 0.6689453125 0.12109375 0.662109375 0.0673828125 0.6357421875 0.03515625 0.6083984375 0.01953125 0.5673828125 0.02734375 0.5048828125 0.06640625 0.474609375 0.0966796875 0.46484375 0.1181640625 0.46484375 0.1806640625 0.47265625 0.2060546875 0.5009765625 0.24609375 0.5693359375 0.24609375 0.6083984375 0.236328125 0.6337890625 0.216796875 0.658203125 0.1865234375
3 0.0341796875 0.34375 0.0009765625 0.35546875 0 0.4736328125 0.0458984375 0.478515625 0.1064453125 0.46484375 0.126953125 0.4423828125 0.1279296875 0.408203125 0.11328125 0.3798828125 0.0966796875 0.36328125 0.0712890625 0.3515625 0.0341796875 0.34375
3 0.23046875 0.1220703125 0.2060546875 0.103515625 0.1708984375 0.091796875 0.1455078125 0.091796875 0.1171875 0.1142578125 0.09765625 0.1533203125 0.08984375 0.2001953125 0.099609375 0.2197265625 0.1220703125 0.236328125 0.1728515625 0.234375 0.2099609375 0.21484375 0.23046875 0.1962890625 0.2392578125 0.158203125 0.23046875 0.1220703125
3 0.25 0.4541015625 0.25 0.4638671875 0.2724609375 0.48828125 0.2998046875 0.494140625 0.3447265625 0.47265625 0.359375 0.4541015625 0.3583984375 0.439453125 0.3271484375 0.41015625 0.2919921875 0.41015625 0.265625 0.4306640625 0.25 0.4541015625
3 0 0.9990234375 0.1259765625 1 0.134765625 0.9736328125 0.1357421875 0.931640625 0.1181640625 0.912109375 0.0927734375 0.90625 0.0263671875 0.921875 0 0.9423828125 0 0.9990234375
3 0.1611328125 0.935546875 0.1484375 0.9501953125 0.134765625 0.9990234375 0.2880859375 1 0.2880859375 0.984375 0.283203125 0.9658203125 0.2646484375 0.947265625 0.2314453125 0.93359375 0.1787109375 0.9296875 0.1611328125 0.935546875
3 0.375 0.9990234375 0.5068359375 0.998046875 0.4677734375 0.97265625 0.4248046875 0.966796875 0.3935546875 0.9765625 0.375 0.9990234375
3 0.0634765625 0.08984375 0.0419921875 0.1015625 0.029296875 0.1123046875 0.021484375 0.1318359375 0.025390625 0.1708984375 0.0400390625 0.18359375 0.0712890625 0.1796875 0.09375 0.1494140625 0.0966796875 0.125 0.091796875 0.1044921875 0.0751953125 0.091796875 0.0634765625 0.08984375
3 0.1416015625 0 0.134765625 0.0478515625 0.138671875 0.0595703125 0.1474609375 0.064453125 0.2119140625 0.072265625 0.23828125 0.0556640625 0.2431640625 0.03125 0.2333984375 0 0.1416015625 0
3 0.3486328125 0.099609375 0.2861328125 0.08984375 0.2685546875 0.091796875 0.255859375 0.1162109375 0.265625 0.1728515625 0.2841796875 0.1953125 0.3017578125 0.201171875 0.3310546875 0.197265625 0.35546875 0.1787109375 0.369140625 0.1494140625 0.3681640625 0.126953125 0.357421875 0.1044921875 0.3486328125 0.099609375
3 0.4130859375 0 0.412109375 0.0048828125 0.4365234375 0.03515625 0.4775390625 0.044921875 0.5322265625 0.021484375 0.5537109375 0 0.4130859375 0
3 0.4248046875 0.212890625 0.447265625 0.1884765625 0.4462890625 0.158203125 0.4345703125 0.1328125 0.4052734375 0.1328125 0.37890625 0.1650390625 0.37890625 0.1865234375 0.4033203125 0.2109375 0.4248046875 0.212890625