3 0.16015625 0.4716796875 0.1640625 0.4990234375 0.19140625 0.5419921875 0.2392578125 0.5859375 0.2880859375 0.59375 0.3330078125 0.58984375 0.359375 0.5693359375 0.3671875 0.5517578125 0.369140625 0.5263671875 0.359375 0.4951171875 0.3212890625 0.458984375 0.26953125 0.4423828125 0.1923828125 0.44140625 0.1728515625 0.451171875 0.16015625 0.4716796875
3 0 0.7822265625 0.0283203125 0.79296875 0.0673828125 0.79296875 0.0869140625 0.783203125 0.1015625 0.7587890625 0.11328125 0.7509765625 0.119140625 0.7353515625 0.1171875 0.7060546875 0.09765625 0.6708984375 0.0791015625 0.65234375 0.0576171875 0.638671875 0.033203125 0.6337890625 0 0.6376953125 0 0.7822265625
3 0 0.9990234375 0.1064453125 1 0.111328125 0.9404296875 0.103515625 0.9208984375 0.0712890625 0.888671875 0.02734375 0.8701171875 0 0.8720703125 0 0.9990234375
3 0.1328125 0.9697265625 0.12890625 0.9970703125 0.2529296875 1 0.26953125 0.9755859375 0.271484375 0.9541015625 0.2568359375 0.9296875 0.236328125 0.9208984375 0.1845703125 0.921875 0.1474609375 0.939453125 0.1328125 0.9697265625
3 0.1328125 0.9697265625 0.12890625 0.9990234375 0.2529296875 1 0.26953125 0.9755859375 0.271484375 0.9541015625 0.2568359375 0.9296875 0.236328125 0.9208984375 0.1845703125 0.921875 0.1474609375 0.939453125 0.1328125 0.9697265625
3 0 0.9990234375 0.1064453125 1 0.111328125 0.9404296875 0.10546875 0.9228515625 0.0712890625 0.888671875 0.029296875 0.8701171875 0 0.8720703125 0 0.9990234375
3 0 0.7822265625 0.0283203125 0.79296875 0.0673828125 0.79296875 0.0849609375 0.78515625 0.1015625 0.7587890625 0.11328125 0.7509765625 0.119140625 0.7353515625 0.1171875 0.7060546875 0.09765625 0.6708984375 0.0791015625 0.65234375 0.0576171875 0.638671875 0.033203125 0.6337890625 0 0.6376953125 0 0.7822265625
3 0.16015625 0.4716796875 0.1640625 0.4990234375 0.19140625 0.5419921875 0.2392578125 0.5859375 0.2880859375 0.59375 0.3330078125 0.58984375 0.359375 0.5693359375 0.3671875 0.5517578125 0.369140625 0.5263671875 0.359375 0.4951171875 0.3466796875 0.4765625 0.3212890625 0.458984375 0.26953125 0.4423828125 0.1923828125 0.44140625 0.1728515625 0.451171875 0.16015625 0.4716796875
3 0.439453125 0.6591796875 0.44140625 0.6708984375 0.4619140625 0.697265625 0.5048828125 0.708984375 0.537109375 0.6923828125 0.546875 0.6669921875 0.5302734375 0.638671875 0.49609375 0.6220703125 0.4638671875 0.623046875 0.4453125 0.6396484375 0.439453125 0.6591796875
3 0.509765625 0.5595703125 0.5380859375 0.583984375 0.5810546875 0.5859375 0.59375 0.5673828125 0.5859375 0.5283203125 0.5634765625 0.509765625 0.5390625 0.5068359375 0.509765625 0.5146484375 0.50390625 0.5458984375 0.509765625 0.5595703125
3 0.76171875 0.7177734375 0.763671875 0.7548828125 0.7958984375 0.775390625 0.8349609375 0.7734375 0.86328125 0.7529296875 0.857421875 0.7177734375 0.8203125 0.6923828125 0.7822265625 0.693359375 0.76953125 0.7021484375 0.76171875 0.7177734375
3 0.87890625 0.7509765625 0.9033203125 0.76953125 0.9365234375 0.76953125 0.9560546875 0.76171875 0.966796875 0.7431640625 0.962890625 0.7197265625 0.9404296875 0.701171875 0.9140625 0.6962890625 0.8857421875 0.705078125 0.873046875 0.7177734375 0.87890625 0.7509765625
3 0.2021484375 0.033203125 0.2373046875 0.0546875 0.2880859375 0.068359375 0.3134765625 0.068359375 0.3310546875 0.064453125 0.3505859375 0.046875 0.3701171875 0.048828125 0.392578125 0.0009765625 0.1826171875 0 0.181640625 0.0048828125 0.2021484375 0.033203125
3 0.0546875 0.5458984375 0.0966796875 0.595703125 0.1298828125 0.6015625 0.173828125 0.5791015625 0.169921875 0.5458984375 0.1640625 0.5283203125 0.1474609375 0.509765625 0.109375 0.4892578125 0.0791015625 0.4921875 0.060546875 0.5048828125 0.0546875 0.5458984375
3 0.783203125 0.9580078125 0.783203125 0.9755859375 0.7939453125 1 0.91015625 0.9990234375 0.91015625 0.9384765625 0.8974609375 0.921875 0.873046875 0.9111328125 0.8271484375 0.912109375 0.79296875 0.9345703125 0.783203125 0.9580078125
3 0.416015625 0.8154296875 0.421875 0.8310546875 0.4677734375 0.86328125 0.5107421875 0.857421875 0.52734375 0.8369140625 0.525390625 0.8076171875 0.4970703125 0.77734375 0.466796875 0.7705078125 0.4501953125 0.76953125 0.419921875 0.7880859375 0.416015625 0.8154296875
3 0.052734375 0.3935546875 0.0546875 0.3818359375 0.0439453125 0.365234375 0.005859375 0.3505859375 0 0.3505859375 0.0009765625 0.400390625 0.052734375 0.3935546875
3 0.224609375 0.8271484375 0.2392578125 0.837890625 0.2626953125 0.83203125 0.26953125 0.8173828125 0.263671875 0.7998046875 0.25 0.7900390625 0.2314453125 0.79296875 0.22265625 0.8076171875 0.224609375 0.8271484375
3 0.171875 0.8095703125 0.1806640625 0.82421875 0.2001953125 0.830078125 0.21484375 0.8212890625 0.21875 0.7919921875 0.20703125 0.7841796875 0.1884765625 0.783203125 0.17578125 0.7919921875 0.171875 0.8095703125
3 0.326171875 0.8759765625 0.3349609375 0.88671875 0.3583984375 0.888671875 0.375 0.8759765625 0.373046875 0.8623046875 0.353515625 0.8486328125 0.3388671875 0.84765625 0.328125 0.8623046875 0.326171875 0.8759765625