3 0.59375 0.7119140625 0.58984375 0.6669921875 0.5693359375 0.640625 0.5517578125 0.6328125 0.5263671875 0.630859375 0.4951171875 0.640625 0.458984375 0.6787109375 0.4423828125 0.73046875 0.44140625 0.8076171875 0.451171875 0.8271484375 0.4716796875 0.83984375 0.4990234375 0.8359375 0.5419921875 0.80859375 0.5859375 0.7607421875 0.59375 0.7119140625
3 0.7822265625 1 0.79296875 0.9716796875 0.79296875 0.9326171875 0.783203125 0.9130859375 0.7587890625 0.8984375 0.7509765625 0.88671875 0.7353515625 0.880859375 0.7060546875 0.8828125 0.6708984375 0.90234375 0.65234375 0.9208984375 0.638671875 0.9423828125 0.6337890625 0.966796875 0.6376953125 1 0.7822265625 1
3 0.9990234375 1 1 0.8935546875 0.9404296875 0.888671875 0.9208984375 0.896484375 0.888671875 0.9287109375 0.8701171875 0.97265625 0.8720703125 1 0.9990234375 1
3 0.9541015625 0.728515625 0.9296875 0.7431640625 0.9208984375 0.763671875 0.921875 0.8154296875 0.939453125 0.8525390625 0.9697265625 0.8671875 0.9970703125 0.87109375 1 0.7470703125 0.9755859375 0.73046875 0.9541015625 0.728515625
3 0.9541015625 0.728515625 0.9296875 0.7431640625 0.9208984375 0.763671875 0.921875 0.8154296875 0.939453125 0.8525390625 0.9697265625 0.8671875 0.9990234375 0.87109375 1 0.7470703125 0.9755859375 0.73046875 0.9541015625 0.728515625
3 0.9990234375 1 1 0.8935546875 0.9404296875 0.888671875 0.9228515625 0.89453125 0.888671875 0.9287109375 0.8701171875 0.970703125 0.8720703125 1 0.9990234375 1
3 0.7822265625 1 0.79296875 0.9716796875 0.79296875 0.9326171875 0.78515625 0.9150390625 0.7587890625 0.8984375 0.7509765625 0.88671875 0.7353515625 0.880859375 0.7060546875 0.8828125 0.6708984375 0.90234375 0.65234375 0.9208984375 0.638671875 0.9423828125 0.6337890625 0.966796875 0.6376953125 1 0.7822265625 1
3 0.59375 0.7119140625 0.58984375 0.6669921875 0.5693359375 0.640625 0.5517578125 0.6328125 0.5263671875 0.630859375 0.4951171875 0.640625 0.4765625 0.6533203125 0.458984375 0.6787109375 0.4423828125 0.73046875 0.44140625 0.8076171875 0.451171875 0.8271484375 0.4716796875 0.83984375 0.4990234375 0.8359375 0.5419921875 0.80859375 0.5859375 0.7607421875 0.59375 0.7119140625
3 0.6923828125 0.462890625 0.6669921875 0.453125 0.638671875 0.4697265625 0.6220703125 0.50390625 0.623046875 0.5361328125 0.6396484375 0.5546875 0.6591796875 0.560546875 0.6708984375 0.55859375 0.697265625 0.5380859375 0.708984375 0.4951171875 0.6923828125 0.462890625
3 0.5283203125 0.4140625 0.509765625 0.4365234375 0.5068359375 0.4609375 0.5146484375 0.490234375 0.5458984375 0.49609375 0.5595703125 0.490234375 0.583984375 0.4619140625 0.5859375 0.4189453125 0.5673828125 0.40625 0.5283203125 0.4140625
3 0.7529296875 0.13671875 0.7177734375 0.142578125 0.6923828125 0.1796875 0.693359375 0.2177734375 0.7021484375 0.23046875 0.7177734375 0.23828125 0.7548828125 0.236328125 0.775390625 0.2041015625 0.7734375 0.1650390625 0.7529296875 0.13671875
3 0.7431640625 0.033203125 0.7197265625 0.037109375 0.701171875 0.0595703125 0.6962890625 0.0859375 0.705078125 0.1142578125 0.7177734375 0.126953125 0.7509765625 0.12109375 0.76953125 0.0966796875 0.76953125 0.0634765625 0.76171875 0.0439453125 0.7431640625 0.033203125
3 0.064453125 0.6689453125 0.046875 0.6494140625 0.048828125 0.6298828125 0.0009765625 0.607421875 0 0.8173828125 0.0048828125 0.818359375 0.033203125 0.7978515625 0.0546875 0.7626953125 0.068359375 0.7119140625 0.068359375 0.6865234375 0.064453125 0.6689453125
3 0.5458984375 0.830078125 0.5283203125 0.8359375 0.509765625 0.8525390625 0.4892578125 0.890625 0.4921875 0.9208984375 0.5048828125 0.939453125 0.5458984375 0.9453125 0.595703125 0.9033203125 0.6015625 0.8701171875 0.5791015625 0.826171875 0.5458984375 0.830078125
3 0.9384765625 0.08984375 0.921875 0.1025390625 0.9111328125 0.126953125 0.912109375 0.1728515625 0.9345703125 0.20703125 0.9580078125 0.216796875 0.9755859375 0.216796875 1 0.2060546875 0.9990234375 0.08984375 0.9384765625 0.08984375
3 0.8369140625 0.47265625 0.8076171875 0.474609375 0.77734375 0.5029296875 0.7705078125 0.533203125 0.76953125 0.5498046875 0.7880859375 0.580078125 0.8154296875 0.583984375 0.8310546875 0.578125 0.86328125 0.5322265625 0.857421875 0.4892578125 0.8369140625 0.47265625
3 0.3505859375 1 0.400390625 0.9990234375 0.3935546875 0.947265625 0.3818359375 0.9453125 0.365234375 0.9560546875 0.3505859375 0.994140625 0.3505859375 1
3 0.7998046875 0.736328125 0.7900390625 0.75 0.79296875 0.7685546875 0.8076171875 0.77734375 0.8271484375 0.775390625 0.837890625 0.7607421875 0.83203125 0.7373046875 0.8173828125 0.73046875 0.7998046875 0.736328125
3 0.7919921875 0.78125 0.7841796875 0.79296875 0.783203125 0.8115234375 0.7919921875 0.82421875 0.8095703125 0.828125 0.82421875 0.8193359375 0.830078125 0.7998046875 0.8212890625 0.78515625 0.7919921875 0.78125
3 0.8623046875 0.626953125 0.8486328125 0.646484375 0.84765625 0.6611328125 0.8623046875 0.671875 0.8759765625 0.673828125 0.88671875 0.6650390625 0.888671875 0.6416015625 0.8759765625 0.625 0.8623046875 0.626953125