3 0.181640625 0.6455078125 0.2294921875 0.619140625 0.25390625 0.5947265625 0.26953125 0.5654296875 0.275390625 0.5224609375 0.263671875 0.4833984375 0.2236328125 0.44140625 0.2021484375 0.431640625 0.1552734375 0.4296875 0.1142578125 0.4453125 0.091796875 0.4697265625 0.080078125 0.4990234375 0.0703125 0.5693359375 0.078125 0.6044921875 0.0986328125 0.626953125 0.1357421875 0.642578125 0.181640625 0.6455078125
3 0 0.2197265625 0.0126953125 0.2265625 0.037109375 0.2255859375 0.0693359375 0.212890625 0.080078125 0.2001953125 0.10546875 0.1357421875 0.09765625 0.0966796875 0.0751953125 0.076171875 0.0478515625 0.068359375 0.0244140625 0.0703125 0 0.0908203125 0 0.2197265625
3 0.826171875 0.7529296875 0.8642578125 0.7421875 0.896484375 0.7080078125 0.91015625 0.6767578125 0.91015625 0.6455078125 0.8984375 0.6142578125 0.8837890625 0.6015625 0.8505859375 0.587890625 0.8134765625 0.5859375 0.7939453125 0.58984375 0.76953125 0.6064453125 0.748046875 0.6416015625 0.744140625 0.6689453125 0.748046875 0.6923828125 0.767578125 0.7294921875 0.7998046875 0.751953125 0.826171875 0.7529296875
3 1 0.3408203125 0.9853515625 0.3359375 0.9482421875 0.337890625 0.9267578125 0.349609375 0.904296875 0.3818359375 0.9140625 0.4541015625 0.9384765625 0.484375 0.9638671875 0.494140625 0.9921875 0.4931640625 1 0.4912109375 1 0.3408203125
3 0.6953125 0.2685546875 0.7119140625 0.2890625 0.74609375 0.2939453125 0.76953125 0.2822265625 0.77734375 0.2333984375 0.7646484375 0.208984375 0.7392578125 0.197265625 0.7236328125 0.197265625 0.69921875 0.2294921875 0.6953125 0.2685546875
3 0.5 0.2900390625 0.5 0.3369140625 0.505859375 0.3544921875 0.5107421875 0.359375 0.56640625 0.3583984375 0.587890625 0.3427734375 0.6015625 0.2939453125 0.5439453125 0.2578125 0.5244140625 0.255859375 0.505859375 0.2705078125 0.5 0.2900390625
3 0.7158203125 0.962890625 0.6689453125 0.94140625 0.6376953125 0.94140625 0.6181640625 0.94921875 0.578125 0.9970703125 0.7421875 0.9990234375 0.73828125 0.9853515625 0.7158203125 0.962890625
3 0 0.5810546875 0.009765625 0.5810546875 0.0341796875 0.57421875 0.046875 0.5615234375 0.06640625 0.5048828125 0.064453125 0.4345703125 0.0302734375 0.408203125 0 0.4130859375 0 0.5810546875
3 0.91796875 0.0009765625 0.794921875 0.0009765625 0.802734375 0.0263671875 0.8154296875 0.0390625 0.8408203125 0.05078125 0.86328125 0.0498046875 0.8974609375 0.03515625 0.91796875 0.0009765625
3 0.615234375 0.0244140625 0.62109375 0.0009765625 0.48828125 0.0009765625 0.498046875 0.0205078125 0.5283203125 0.04296875 0.5703125 0.0498046875 0.5947265625 0.046875 0.615234375 0.0244140625
3 0.193359375 0.1865234375 0.208984375 0.1708984375 0.2109375 0.1396484375 0.1982421875 0.12109375 0.1728515625 0.119140625 0.15234375 0.1357421875 0.150390625 0.1591796875 0.1748046875 0.185546875 0.193359375 0.1865234375
3 0.4140625 0.2568359375 0.427734375 0.2412109375 0.42578125 0.2177734375 0.4130859375 0.20703125 0.4013671875 0.20703125 0.3828125 0.2177734375 0.3828125 0.2451171875 0.3935546875 0.255859375 0.4140625 0.2568359375
3 0.265625 0.3759765625 0.27734375 0.3603515625 0.279296875 0.3388671875 0.2685546875 0.328125 0.2509765625 0.328125 0.23828125 0.3388671875 0.23828125 0.3642578125 0.2509765625 0.376953125 0.265625 0.3759765625
3 0.4150390625 0.69140625 0.404296875 0.7099609375 0.3984375 0.7548828125 0.4111328125 0.77734375 0.44921875 0.7802734375 0.4619140625 0.77734375 0.47265625 0.7646484375 0.474609375 0.7119140625 0.4619140625 0.6875 0.4326171875 0.68359375 0.4150390625 0.69140625
3 0.439453125 0.1591796875 0.451171875 0.1533203125 0.455078125 0.1318359375 0.4443359375 0.119140625 0.4287109375 0.115234375 0.412109375 0.1240234375 0.408203125 0.1416015625 0.4208984375 0.158203125 0.439453125 0.1591796875
3 0.48046875 0.1708984375 0.4921875 0.1630859375 0.49609375 0.1494140625 0.4912109375 0.138671875 0.4716796875 0.134765625 0.4609375 0.1435546875 0.458984375 0.1591796875 0.4697265625 0.171875 0.48046875 0.1708984375