3 0 0.6962890625 0.001953125 0.7294921875 0.0078125 0.7314453125 0.025390625 0.7158203125 0.04296875 0.6865234375 0.046875 0.6298828125 0.03125 0.5849609375 0.0048828125 0.564453125 0 0.6962890625
3 0.0517578125 0.728515625 0.0244140625 0.73046875 0.001953125 0.7470703125 0.001953125 0.8681640625 0.017578125 0.8701171875 0.0576171875 0.859375 0.08203125 0.8134765625 0.08203125 0.7607421875 0.0703125 0.7392578125 0.0517578125 0.728515625
3 0.001953125 0.8955078125 0.0029296875 1 0.130859375 0.9990234375 0.12890625 0.9599609375 0.11328125 0.9287109375 0.0849609375 0.8984375 0.0634765625 0.888671875 0.0205078125 0.888671875 0.001953125 0.8955078125
3 0.361328125 0.9384765625 0.349609375 0.9208984375 0.3154296875 0.892578125 0.2939453125 0.8828125 0.2685546875 0.880859375 0.2548828125 0.884765625 0.216796875 0.9150390625 0.208984375 0.9326171875 0.208984375 0.9697265625 0.2177734375 1 0.36328125 0.9990234375 0.3671875 0.9658203125 0.361328125 0.9384765625
3 0.5087890625 0.837890625 0.53125 0.8388671875 0.552734375 0.8232421875 0.560546875 0.8056640625 0.560546875 0.7333984375 0.548828125 0.6884765625 0.5146484375 0.64453125 0.4775390625 0.630859375 0.4443359375 0.634765625 0.419921875 0.6533203125 0.41015625 0.6728515625 0.41015625 0.7412109375 0.416015625 0.7607421875 0.427734375 0.7783203125 0.4814453125 0.826171875 0.5087890625 0.837890625
3 0.4208984375 0.412109375 0.416015625 0.4208984375 0.41796875 0.4619140625 0.4423828125 0.490234375 0.470703125 0.4951171875 0.4921875 0.4833984375 0.494140625 0.4482421875 0.48828125 0.4306640625 0.4599609375 0.408203125 0.4208984375 0.412109375
3 0.2451171875 0.0390625 0.234375 0.0556640625 0.232421875 0.0947265625 0.2509765625 0.12109375 0.28125 0.1279296875 0.302734375 0.1025390625 0.3046875 0.0712890625 0.2822265625 0.037109375 0.2568359375 0.033203125 0.2451171875 0.0390625
3 0.23828125 0.1455078125 0.2265625 0.1708984375 0.23046875 0.2138671875 0.2470703125 0.236328125 0.28515625 0.2373046875 0.30859375 0.2158203125 0.30859375 0.1787109375 0.2841796875 0.142578125 0.2490234375 0.13671875 0.23828125 0.1455078125
3 0.93359375 0.6865234375 0.9375 0.7294921875 0.953125 0.7744140625 0.9794921875 0.806640625 0.99609375 0.8134765625 0.9990234375 0.607421875 0.953125 0.6298828125 0.955078125 0.6494140625 0.939453125 0.6669921875 0.93359375 0.6865234375
3 0.4208984375 0.826171875 0.400390625 0.8681640625 0.404296875 0.8994140625 0.4521484375 0.943359375 0.48046875 0.9462890625 0.4951171875 0.939453125 0.509765625 0.9208984375 0.5078125 0.8759765625 0.4736328125 0.8359375 0.4208984375 0.826171875
3 0.1923828125 0 0.107421875 0.0009765625 0.109375 0.0146484375 0.1298828125 0.0390625 0.171875 0.0439453125 0.19140625 0.0205078125 0.1923828125 0