3 0.2412109375 0.44921875 0.2705078125 0.466796875 0.3154296875 0.470703125 0.3349609375 0.46484375 0.3671875 0.4345703125 0.3671875 0.4033203125 0.34765625 0.3662109375 0.2822265625 0.32421875 0.2666015625 0.32421875 0.2353515625 0.337890625 0.2158203125 0.369140625 0.21484375 0.3994140625 0.22265625 0.4248046875 0.2412109375 0.44921875
3 0.2529296875 0.8984375 0.2744140625 0.91015625 0.2939453125 0.912109375 0.3330078125 0.8984375 0.35546875 0.8740234375 0.357421875 0.8076171875 0.3515625 0.7919921875 0.3212890625 0.763671875 0.2529296875 0.763671875 0.21875 0.7919921875 0.2099609375 0.80859375 0.208984375 0.8310546875 0.21875 0.8603515625 0.2529296875 0.8984375
3 0.3662109375 0.216796875 0.3916015625 0.236328125 0.4306640625 0.24609375 0.4990234375 0.24609375 0.52734375 0.2060546875 0.53515625 0.1806640625 0.53515625 0.1181640625 0.525390625 0.0966796875 0.4951171875 0.06640625 0.4326171875 0.02734375 0.3916015625 0.01953125 0.3642578125 0.03515625 0.337890625 0.0673828125 0.3310546875 0.12109375 0.330078125 0.1533203125 0.341796875 0.1865234375 0.3662109375 0.216796875
3 0.9541015625 0.478515625 1 0.4736328125 0.9990234375 0.35546875 0.9658203125 0.34375 0.9287109375 0.3515625 0.9033203125 0.36328125 0.88671875 0.3798828125 0.8720703125 0.408203125 0.873046875 0.4423828125 0.8935546875 0.46484375 0.9541015625 0.478515625
3 0.8271484375 0.234375 0.8779296875 0.236328125 0.900390625 0.2197265625 0.91015625 0.2001953125 0.90234375 0.1533203125 0.8828125 0.1142578125 0.8544921875 0.091796875 0.8291015625 0.091796875 0.7939453125 0.103515625 0.76953125 0.1220703125 0.7607421875 0.158203125 0.76953125 0.1962890625 0.7900390625 0.21484375 0.8271484375 0.234375
3 0.7001953125 0.494140625 0.7275390625 0.48828125 0.75 0.4638671875 0.75 0.4541015625 0.734375 0.4306640625 0.7080078125 0.41015625 0.6728515625 0.41015625 0.6416015625 0.439453125 0.640625 0.4541015625 0.6552734375 0.47265625 0.7001953125 0.494140625
3 1 0.9423828125 0.9736328125 0.921875 0.9072265625 0.90625 0.8818359375 0.912109375 0.8642578125 0.931640625 0.865234375 0.9736328125 0.8740234375 1 1 0.9990234375 1 0.9423828125
3 0.8515625 0.9501953125 0.8388671875 0.935546875 0.8212890625 0.9296875 0.7685546875 0.93359375 0.7353515625 0.947265625 0.716796875 0.9658203125 0.7119140625 0.984375 0.7119140625 1 0.865234375 0.9990234375 0.8515625 0.9501953125
3 0.5751953125 0.966796875 0.5322265625 0.97265625 0.4931640625 0.998046875 0.625 0.9990234375 0.6064453125 0.9765625 0.5751953125 0.966796875
3 0.9599609375 0.18359375 0.974609375 0.1708984375 0.978515625 0.1318359375 0.970703125 0.1123046875 0.9580078125 0.1015625 0.9365234375 0.08984375 0.9248046875 0.091796875 0.908203125 0.1044921875 0.9033203125 0.125 0.90625 0.1494140625 0.9287109375 0.1796875 0.9599609375 0.18359375
3 0.7666015625 0 0.7568359375 0.03125 0.76171875 0.0556640625 0.7880859375 0.072265625 0.8525390625 0.064453125 0.861328125 0.0595703125 0.865234375 0.0478515625 0.8583984375 0 0.7666015625 0
3 0.6689453125 0.197265625 0.6982421875 0.201171875 0.7158203125 0.1953125 0.734375 0.1728515625 0.744140625 0.1162109375 0.7314453125 0.091796875 0.7138671875 0.08984375 0.6513671875 0.099609375 0.642578125 0.1044921875 0.6318359375 0.126953125 0.630859375 0.1494140625 0.64453125 0.1787109375 0.6689453125 0.197265625
3 0.4462890625 0 0.4677734375 0.021484375 0.5224609375 0.044921875 0.5634765625 0.03515625 0.587890625 0.0048828125 0.5869140625 0 0.4462890625 0
3 0.5966796875 0.2109375 0.62109375 0.1865234375 0.62109375 0.1650390625 0.5947265625 0.1328125 0.5654296875 0.1328125 0.5537109375 0.158203125 0.552734375 0.1884765625 0.5751953125 0.212890625 0.5966796875 0.2109375