3 0.935546875 0.4873046875 0.9501953125 0.501953125 0.9814453125 0.51953125 1 0.5205078125 0.9990234375 0.408203125 0.9580078125 0.404296875 0.9423828125 0.412109375 0.92578125 0.4345703125 0.9248046875 0.453125 0.935546875 0.4873046875
3 0.80859375 0.2412109375 0.8017578125 0.26953125 0.80859375 0.3232421875 0.818359375 0.3427734375 0.8408203125 0.353515625 0.8681640625 0.34765625 0.876953125 0.3369140625 0.88671875 0.3017578125 0.884765625 0.2431640625 0.8544921875 0.224609375 0.8310546875 0.224609375 0.80859375 0.2412109375
3 0.7119140625 0.306640625 0.72265625 0.3427734375 0.7490234375 0.3671875 0.7763671875 0.365234375 0.798828125 0.3486328125 0.798828125 0.2880859375 0.791015625 0.2666015625 0.7802734375 0.2578125 0.7255859375 0.267578125 0.712890625 0.2802734375 0.7119140625 0.306640625
3 0.7763671875 0.115234375 0.7392578125 0.099609375 0.7060546875 0.103515625 0.6728515625 0.123046875 0.65625 0.1494140625 0.6533203125 0.17578125 0.671875 0.2197265625 0.7041015625 0.255859375 0.7158203125 0.259765625 0.7568359375 0.25390625 0.7802734375 0.244140625 0.802734375 0.2197265625 0.814453125 0.1865234375 0.814453125 0.1650390625 0.798828125 0.1337890625 0.7763671875 0.115234375
3 0.6513671875 0.216796875 0.6298828125 0.208984375 0.6025390625 0.2109375 0.548828125 0.2490234375 0.529296875 0.2900390625 0.5302734375 0.328125 0.54296875 0.3564453125 0.5654296875 0.380859375 0.6025390625 0.404296875 0.6279296875 0.41015625 0.6806640625 0.3984375 0.703125 0.3701171875 0.708984375 0.3466796875 0.70703125 0.3095703125 0.689453125 0.2607421875 0.6513671875 0.216796875
3 0.7841796875 1 0.78515625 0.9873046875 0.775390625 0.9619140625 0.7568359375 0.939453125 0.7216796875 0.92578125 0.6982421875 0.92578125 0.666015625 0.9404296875 0.640625 0.9833984375 0.6396484375 1 0.7841796875 1
3 0.84765625 0.9208984375 0.8486328125 0.943359375 0.8662109375 0.970703125 0.9091796875 0.986328125 0.9443359375 0.9765625 0.9609375 0.9541015625 0.9609375 0.9326171875 0.953125 0.9150390625 0.9150390625 0.88671875 0.8857421875 0.88671875 0.8623046875 0.8984375 0.84765625 0.9208984375
3 0.2548828125 0.083984375 0.2216796875 0.0625 0.1826171875 0.060546875 0.1650390625 0.068359375 0.14453125 0.0966796875 0.125 0.1474609375 0.1171875 0.1748046875 0.1181640625 0.205078125 0.123046875 0.2197265625 0.1376953125 0.234375 0.1689453125 0.251953125 0.2236328125 0.2578125 0.2431640625 0.25 0.28125 0.2119140625 0.29296875 0.1884765625 0.291015625 0.1513671875 0.275390625 0.1083984375 0.2548828125 0.083984375
3 0.3720703125 0.203125 0.3466796875 0.212890625 0.330078125 0.2294921875 0.3203125 0.2470703125 0.3173828125 0.27734375 0.3203125 0.2958984375 0.3369140625 0.318359375 0.3759765625 0.33203125 0.4013671875 0.3203125 0.416015625 0.3017578125 0.423828125 0.2802734375 0.423828125 0.2431640625 0.416015625 0.2255859375 0.3994140625 0.2109375 0.3720703125 0.203125
3 0.0966796875 0.056640625 0.0439453125 0.060546875 0.013671875 0.0869140625 0.00390625 0.1123046875 0.0048828125 0.134765625 0.0078125 0.1591796875 0.0322265625 0.19140625 0.0595703125 0.20703125 0.0869140625 0.208984375 0.1015625 0.1982421875 0.119140625 0.1591796875 0.134765625 0.1123046875 0.13671875 0.0810546875 0.1220703125 0.06640625 0.0966796875 0.056640625
3 0.49609375 0.1474609375 0.4912109375 0.18359375 0.5126953125 0.21484375 0.5302734375 0.224609375 0.5498046875 0.224609375 0.5693359375 0.216796875 0.59765625 0.1904296875 0.603515625 0.1552734375 0.587890625 0.1298828125 0.5751953125 0.12109375 0.5322265625 0.12109375 0.49609375 0.1474609375