3 0.4580078125 0.57421875 0.44921875 0.5517578125 0.4208984375 0.53515625 0.3759765625 0.53515625 0.3505859375 0.55078125 0.330078125 0.5751953125 0.322265625 0.5986328125 0.326171875 0.6259765625 0.3447265625 0.642578125 0.3642578125 0.6484375 0.4208984375 0.642578125 0.451171875 0.6142578125 0.4580078125 0.57421875
3 0.4501953125 0.3125 0.427734375 0.3349609375 0.427734375 0.3623046875 0.4423828125 0.375 0.4755859375 0.373046875 0.49609375 0.3544921875 0.4970703125 0.33203125 0.494140625 0.3154296875 0.4853515625 0.30859375 0.4501953125 0.3125
3 0.267578125 0.3876953125 0.2978515625 0.408203125 0.3173828125 0.40625 0.333984375 0.3935546875 0.3466796875 0.3515625 0.3330078125 0.328125 0.2880859375 0.349609375 0.275390625 0.3623046875 0.267578125 0.3876953125
3 0.404296875 0.4521484375 0.4189453125 0.462890625 0.4443359375 0.4609375 0.453125 0.4521484375 0.4521484375 0.431640625 0.4384765625 0.416015625 0.4189453125 0.41796875 0.40234375 0.4306640625 0.404296875 0.4521484375
3 0.7216796875 0.515625 0.7138671875 0.501953125 0.6923828125 0.490234375 0.6572265625 0.48828125 0.619140625 0.5126953125 0.611328125 0.5283203125 0.611328125 0.5517578125 0.6220703125 0.56640625 0.6435546875 0.576171875 0.6943359375 0.576171875 0.7041015625 0.572265625 0.720703125 0.5498046875 0.7216796875 0.515625
3 0.8154296875 0.3515625 0.806640625 0.3232421875 0.7939453125 0.306640625 0.7431640625 0.29296875 0.7060546875 0.310546875 0.6875 0.3271484375 0.677734375 0.3427734375 0.669921875 0.3779296875 0.6904296875 0.412109375 0.7138671875 0.421875 0.7451171875 0.423828125 0.80078125 0.3955078125 0.8154296875 0.3515625
3 0.845703125 0.3505859375 0.8701171875 0.37109375 0.9052734375 0.359375 0.923828125 0.3466796875 0.9287109375 0.314453125 0.9130859375 0.29296875 0.8759765625 0.291015625 0.85546875 0.3115234375 0.845703125 0.3505859375
3 0.681640625 0.6396484375 0.6806640625 0.62890625 0.6796875 0.6103515625 0.6708984375 0.599609375 0.6416015625 0.591796875 0.6044921875 0.599609375 0.5771484375 0.6171875 0.564453125 0.6376953125 0.5625 0.6611328125 0.572265625 0.6923828125 0.5830078125 0.69921875 0.6181640625 0.69921875 0.671875 0.6591796875 0.681640625 0.6396484375
3 0.560546875 0.7548828125 0.5732421875 0.771484375 0.5966796875 0.771484375 0.615234375 0.7626953125 0.6181640625 0.736328125 0.6025390625 0.72265625 0.5771484375 0.72265625 0.5625 0.7373046875 0.560546875 0.7548828125
3 0.6513671875 0.69140625 0.638671875 0.7099609375 0.640625 0.7412109375 0.6708984375 0.744140625 0.6845703125 0.73828125 0.693359375 0.7275390625 0.7001953125 0.69140625 0.6884765625 0.677734375 0.6708984375 0.6796875 0.6513671875 0.69140625
3 0.91796875 0.8134765625 0.92578125 0.7958984375 0.9267578125 0.76953125 0.923828125 0.7509765625 0.9091796875 0.73046875 0.8837890625 0.720703125 0.8466796875 0.72265625 0.810546875 0.7451171875 0.794921875 0.7724609375 0.79296875 0.8017578125 0.796875 0.8134765625 0.8310546875 0.845703125 0.8798828125 0.84765625 0.8955078125 0.83984375 0.91796875 0.8134765625
3 0.490234375 0.4228515625 0.5068359375 0.431640625 0.5283203125 0.427734375 0.53515625 0.4189453125 0.5341796875 0.400390625 0.5283203125 0.390625 0.5048828125 0.388671875 0.48828125 0.4072265625 0.490234375 0.4228515625
3 0.345703125 0.5205078125 0.3505859375 0.52734375 0.3798828125 0.529296875 0.4033203125 0.51953125 0.4111328125 0.5 0.4052734375 0.48828125 0.3662109375 0.48828125 0.3515625 0.4990234375 0.345703125 0.5205078125