2 0.0498046875 0.33203125 0.029296875 0.3525390625 0.03515625 0.3759765625 0.0712890625 0.400390625 0.0908203125 0.369140625 0.0859375 0.3408203125 0.0693359375 0.330078125 0.0498046875 0.33203125
2 0.0009765625 0.322265625 0 0.3759765625 0.0087890625 0.376953125 0.0244140625 0.361328125 0.0234375 0.3369140625 0.0126953125 0.32421875 0.0009765625 0.322265625
2 0.1943359375 0.751953125 0.16796875 0.7529296875 0.1640625 0.7861328125 0.1826171875 0.796875 0.2021484375 0.794921875 0.220703125 0.7802734375 0.2236328125 0.765625 0.216796875 0.7294921875 0.2080078125 0.72265625 0.1943359375 0.751953125
2 0.4267578125 0.46484375 0.41015625 0.4814453125 0.427734375 0.5107421875 0.4384765625 0.515625 0.4638671875 0.51171875 0.4697265625 0.5 0.46875 0.4775390625 0.4541015625 0.4609375 0.4267578125 0.46484375
2 0.41796875 0.8544921875 0.41796875 0.8642578125 0.4267578125 0.873046875 0.4365234375 0.873046875 0.4482421875 0.869140625 0.4580078125 0.85546875 0.4521484375 0.841796875 0.4287109375 0.83984375 0.41796875 0.8544921875
2 0.2666015625 0.912109375 0.25390625 0.9345703125 0.259765625 0.9482421875 0.2763671875 0.958984375 0.3056640625 0.953125 0.3095703125 0.939453125 0.306640625 0.9248046875 0.2880859375 0.91015625 0.2666015625 0.912109375
2 0.3154296875 0.634765625 0.30859375 0.6416015625 0.310546875 0.6630859375 0.3232421875 0.677734375 0.3447265625 0.6796875 0.3603515625 0.66015625 0.35546875 0.6455078125 0.3408203125 0.634765625 0.3154296875 0.634765625
2 0.4697265625 0.076171875 0.4453125 0.0947265625 0.4619140625 0.126953125 0.5009765625 0.125 0.5107421875 0.115234375 0.51171875 0.0830078125 0.5048828125 0.076171875 0.4697265625 0.076171875
2 0.5751953125 0.21484375 0.564453125 0.2255859375 0.56640625 0.2548828125 0.5810546875 0.26953125 0.6201171875 0.265625 0.6298828125 0.244140625 0.625 0.2177734375 0.6181640625 0.21484375 0.5751953125 0.21484375
2 0.5869140625 0.41015625 0.56640625 0.4228515625 0.560546875 0.4482421875 0.5751953125 0.46484375 0.5947265625 0.470703125 0.615234375 0.4560546875 0.6220703125 0.443359375 0.623046875 0.4326171875 0.6123046875 0.41796875 0.5869140625 0.41015625
2 0.5849609375 0.642578125 0.5556640625 0.646484375 0.544921875 0.6552734375 0.5390625 0.6728515625 0.5498046875 0.689453125 0.5673828125 0.697265625 0.5791015625 0.697265625 0.5908203125 0.6875 0.6103515625 0.6875 0.6220703125 0.677734375 0.6142578125 0.662109375 0.5966796875 0.66015625 0.5849609375 0.642578125
2 0.4033203125 0.36328125 0.392578125 0.3740234375 0.3974609375 0.390625 0.4111328125 0.390625 0.4228515625 0.3828125 0.423828125 0.3720703125 0.4169921875 0.36328125 0.4033203125 0.36328125
2 0.80078125 0.5302734375 0.798828125 0.5498046875 0.8095703125 0.56640625 0.8271484375 0.568359375 0.8349609375 0.556640625 0.833984375 0.5400390625 0.8212890625 0.525390625 0.80078125 0.5302734375
2 0.8046875 0.2880859375 0.8046875 0.3212890625 0.8115234375 0.333984375 0.8505859375 0.33203125 0.8583984375 0.322265625 0.8447265625 0.2890625 0.8154296875 0.283203125 0.8046875 0.2880859375
2 0.7783203125 0.162109375 0.771484375 0.1708984375 0.77734375 0.2001953125 0.7958984375 0.203125 0.8037109375 0.193359375 0.802734375 0.1650390625 0.7958984375 0.16015625 0.7783203125 0.162109375
2 0.90234375 0.1826171875 0.900390625 0.1923828125 0.9072265625 0.203125 0.9169921875 0.205078125 0.9384765625 0.19140625 0.935546875 0.1748046875 0.9208984375 0.169921875 0.90234375 0.1826171875
2 0.8427734375 0.783203125 0.83203125 0.7939453125 0.83203125 0.8154296875 0.8505859375 0.83203125 0.8779296875 0.826171875 0.8935546875 0.806640625 0.8896484375 0.79296875 0.8603515625 0.78125 0.8427734375 0.783203125
2 0.974609375 0.5732421875 0.9775390625 0.580078125 0.9990234375 0.58984375 1 0.5537109375 0.9931640625 0.552734375 0.974609375 0.5732421875
2 0.4755859375 0.248046875 0.4609375 0.2763671875 0.4658203125 0.287109375 0.4912109375 0.2890625 0.4970703125 0.294921875 0.5126953125 0.283203125 0.513671875 0.2607421875 0.5029296875 0.240234375 0.4755859375 0.248046875
2 0.568359375 0.9072265625 0.572265625 0.9208984375 0.5830078125 0.927734375 0.6181640625 0.90625 0.61328125 0.8935546875 0.6005859375 0.88671875 0.568359375 0.9072265625