2 0.37890625 0.5068359375 0.3984375 0.5205078125 0.4208984375 0.521484375 0.439453125 0.5087890625 0.431640625 0.4814453125 0.4130859375 0.466796875 0.3896484375 0.466796875 0.37890625 0.4755859375 0.37890625 0.5068359375
2 0.18359375 0.3720703125 0.197265625 0.3818359375 0.2138671875 0.380859375 0.232421875 0.3564453125 0.23046875 0.3349609375 0.2177734375 0.322265625 0.1865234375 0.32421875 0.17578125 0.3408203125 0.18359375 0.3720703125
2 0.4248046875 0.25 0.44140625 0.2548828125 0.46484375 0.2412109375 0.47265625 0.2216796875 0.4560546875 0.201171875 0.4306640625 0.1953125 0.4140625 0.2060546875 0.408203125 0.2275390625 0.4248046875 0.25
2 0.52734375 0.3818359375 0.546875 0.3955078125 0.5751953125 0.388671875 0.58203125 0.3720703125 0.578125 0.3486328125 0.5537109375 0.333984375 0.5400390625 0.3359375 0.521484375 0.3505859375 0.52734375 0.3818359375
2 0.658203125 0.3681640625 0.67578125 0.3955078125 0.6982421875 0.39453125 0.716796875 0.3779296875 0.716796875 0.3505859375 0.6982421875 0.330078125 0.6708984375 0.33203125 0.66015625 0.3447265625 0.658203125 0.3681640625
2 0.724609375 0.5673828125 0.7509765625 0.568359375 0.759765625 0.5400390625 0.7509765625 0.51953125 0.7236328125 0.5078125 0.70703125 0.5205078125 0.703125 0.5478515625 0.724609375 0.5673828125
2 0.54296875 0.6064453125 0.560546875 0.6142578125 0.5693359375 0.615234375 0.6015625 0.5869140625 0.599609375 0.5634765625 0.5712890625 0.546875 0.5537109375 0.548828125 0.533203125 0.5751953125 0.54296875 0.6064453125
2 0.71875 0.8291015625 0.7421875 0.8525390625 0.7626953125 0.849609375 0.779296875 0.8291015625 0.77734375 0.8056640625 0.7568359375 0.7890625 0.7333984375 0.794921875 0.71875 0.8154296875 0.71875 0.8291015625
2 0.87890625 0.9130859375 0.896484375 0.9248046875 0.9130859375 0.92578125 0.931640625 0.9111328125 0.927734375 0.8818359375 0.9130859375 0.869140625 0.8955078125 0.869140625 0.87890625 0.8779296875 0.87890625 0.9130859375
2 0.935546875 0.9345703125 0.9423828125 0.943359375 0.955078125 0.9462890625 0.9736328125 0.9453125 0.986328125 0.9287109375 0.982421875 0.9033203125 0.9658203125 0.892578125 0.9384765625 0.90234375 0.931640625 0.9130859375 0.935546875 0.9345703125
2 0.73828125 0.9755859375 0.751953125 0.9853515625 0.7841796875 0.9765625 0.787109375 0.9638671875 0.783203125 0.9345703125 0.7568359375 0.91015625 0.7421875 0.9150390625 0.734375 0.9365234375 0.73828125 0.9755859375
2 0.49609375 0.7880859375 0.4833984375 0.771484375 0.46484375 0.7939453125 0.458984375 0.8271484375 0.470703125 0.8779296875 0.486328125 0.9052734375 0.4990234375 0.90234375 0.505859375 0.8935546875 0.505859375 0.8818359375 0.515625 0.8662109375 0.515625 0.8427734375 0.490234375 0.8017578125 0.49609375 0.7880859375
2 0.2705078125 0.8359375 0.28515625 0.8408203125 0.2998046875 0.83984375 0.318359375 0.8095703125 0.3017578125 0.78515625 0.2744140625 0.78125 0.263671875 0.7919921875 0.26171875 0.8193359375 0.2705078125 0.8359375
2 0.02734375 0.7626953125 0.046875 0.7744140625 0.0712890625 0.771484375 0.0859375 0.7529296875 0.087890625 0.7373046875 0.0732421875 0.716796875 0.0400390625 0.716796875 0.025390625 0.7314453125 0.02734375 0.7626953125
2 0.0234375 0.4892578125 0.025390625 0.4716796875 0.0205078125 0.4609375 0.0009765625 0.45703125 0 0.4833984375 0.009765625 0.4912109375 0.0234375 0.4892578125
2 0.41015625 0.1318359375 0.427734375 0.1279296875 0.4296875 0.0927734375 0.4208984375 0.07421875 0.3955078125 0.068359375 0.37890625 0.0849609375 0.380859375 0.1123046875 0.41015625 0.1318359375
2 0.87109375 0.1240234375 0.884765625 0.1298828125 0.9013671875 0.130859375 0.91796875 0.1103515625 0.91796875 0.0869140625 0.8935546875 0.068359375 0.8642578125 0.076171875 0.859375 0.0888671875 0.87109375 0.1240234375
2 0.9375 0.4365234375 0.95703125 0.4501953125 0.9833984375 0.447265625 0.994140625 0.4287109375 0.990234375 0.4052734375 0.9716796875 0.388671875 0.9521484375 0.390625 0.935546875 0.4072265625 0.9375 0.4365234375