2 0.2607421875 0.140625 0.265625 0.1357421875 0.267578125 0.0888671875 0.2626953125 0.083984375 0.2451171875 0.076171875 0.2197265625 0.080078125 0.2080078125 0.10546875 0.208984375 0.1181640625 0.2255859375 0.142578125 0.2607421875 0.140625
2 0.03515625 0.0595703125 0.037109375 0.0244140625 0.0205078125 0.01171875 0.0009765625 0.01171875 0 0.0712890625 0.0244140625 0.0703125 0.03515625 0.0595703125
2 0.4951171875 0.2109375 0.509765625 0.1923828125 0.50390625 0.1689453125 0.4853515625 0.154296875 0.4638671875 0.15625 0.4560546875 0.17578125 0.45703125 0.1943359375 0.4755859375 0.216796875 0.4951171875 0.2109375
2 0.47265625 0.2724609375 0.482421875 0.2431640625 0.4716796875 0.23046875 0.4580078125 0.228515625 0.4384765625 0.23828125 0.4287109375 0.251953125 0.4296875 0.2763671875 0.4541015625 0.283203125 0.47265625 0.2724609375
2 0.3310546875 0.470703125 0.341796875 0.4619140625 0.349609375 0.4287109375 0.3369140625 0.408203125 0.3115234375 0.40625 0.2919921875 0.427734375 0.291015625 0.4462890625 0.3017578125 0.46484375 0.3310546875 0.470703125
2 0.3642578125 0.978515625 0.3828125 0.9658203125 0.3828125 0.9326171875 0.3642578125 0.919921875 0.3408203125 0.91796875 0.328125 0.9306640625 0.3251953125 0.943359375 0.32421875 0.9619140625 0.3427734375 0.982421875 0.3642578125 0.978515625
2 0.2294921875 0.99609375 0.24609375 0.9833984375 0.25 0.9560546875 0.2373046875 0.94140625 0.2138671875 0.9375 0.19921875 0.9443359375 0.1826171875 0.970703125 0.181640625 0.9775390625 0.2001953125 0.994140625 0.2294921875 0.99609375
2 0.0517578125 0.97265625 0.0625 0.9658203125 0.068359375 0.9306640625 0.0595703125 0.919921875 0.0302734375 0.91796875 0.0146484375 0.9375 0.013671875 0.9619140625 0.0205078125 0.96875 0.0517578125 0.97265625
2 0.1650390625 0.732421875 0.1875 0.7255859375 0.18359375 0.6826171875 0.1767578125 0.66796875 0.1474609375 0.66015625 0.1318359375 0.689453125 0.130859375 0.7099609375 0.1435546875 0.7265625 0.1650390625 0.732421875
2 0.5791015625 0.76953125 0.59765625 0.7509765625 0.599609375 0.7255859375 0.5869140625 0.71484375 0.5634765625 0.71484375 0.548828125 0.7236328125 0.5439453125 0.736328125 0.544921875 0.7529296875 0.5537109375 0.763671875 0.5791015625 0.76953125
2 0.5771484375 0.990234375 0.595703125 0.9716796875 0.595703125 0.9482421875 0.5830078125 0.935546875 0.5556640625 0.935546875 0.5419921875 0.951171875 0.544921875 0.9775390625 0.5556640625 0.990234375 0.5771484375 0.990234375
2 0.7197265625 0.79296875 0.734375 0.7802734375 0.736328125 0.7509765625 0.7236328125 0.73828125 0.6982421875 0.734375 0.6826171875 0.748046875 0.681640625 0.7685546875 0.6962890625 0.79296875 0.7197265625 0.79296875
2 0.8466796875 0.845703125 0.865234375 0.8291015625 0.8671875 0.8076171875 0.8525390625 0.7890625 0.8193359375 0.791015625 0.8076171875 0.810546875 0.810546875 0.8291015625 0.8291015625 0.84765625 0.8466796875 0.845703125
2 0.9091796875 0.71875 0.921875 0.7080078125 0.9072265625 0.67578125 0.8759765625 0.677734375 0.8701171875 0.6875 0.875 0.7099609375 0.8876953125 0.71875 0.9091796875 0.71875
2 0.744140625 0.4697265625 0.75390625 0.4462890625 0.7451171875 0.427734375 0.7236328125 0.421875 0.7060546875 0.427734375 0.6962890625 0.443359375 0.69921875 0.4677734375 0.7236328125 0.478515625 0.744140625 0.4697265625
2 0.5546875 0.6181640625 0.552734375 0.6064453125 0.5380859375 0.58984375 0.52734375 0.5966796875 0.5244140625 0.611328125 0.5263671875 0.6328125 0.5439453125 0.630859375 0.5546875 0.6181640625
2 1 0.6669921875 0.9990234375 0.630859375 0.9833984375 0.634765625 0.9755859375 0.646484375 0.974609375 0.6591796875 0.9814453125 0.669921875 1 0.6669921875
2 0.9091796875 0.361328125 0.923828125 0.3525390625 0.92578125 0.3251953125 0.9169921875 0.30859375 0.8857421875 0.3046875 0.8759765625 0.318359375 0.875 0.3408203125 0.8857421875 0.359375 0.9091796875 0.361328125
2 0.9775390625 0.228515625 0.986328125 0.2197265625 0.984375 0.1923828125 0.9638671875 0.169921875 0.9404296875 0.17578125 0.9287109375 0.19140625 0.927734375 0.2080078125 0.9501953125 0.232421875 0.9775390625 0.228515625
2 0.8408203125 0.041015625 0.85546875 0.0263671875 0.859375 0.0009765625 0.8037109375 0 0.8017578125 0.0078125 0.802734375 0.0302734375 0.8095703125 0.037109375 0.8408203125 0.041015625
2 0.5498046875 0.021484375 0.564453125 0.0029296875 0.5087890625 0 0.5078125 0.0126953125 0.5185546875 0.021484375 0.5498046875 0.021484375
2 0.419921875 0.0908203125 0.4091796875 0.076171875 0.3818359375 0.09765625 0.38671875 0.1220703125 0.3994140625 0.130859375 0.419921875 0.0908203125
2 0.2451171875 0.361328125 0.263671875 0.3505859375 0.263671875 0.3173828125 0.2587890625 0.3125 0.2451171875 0.3046875 0.2294921875 0.3046875 0.2138671875 0.3203125 0.212890625 0.3466796875 0.2236328125 0.359375 0.2451171875 0.361328125