2 0.78125 0.9228515625 0.7900390625 0.935546875 0.80859375 0.9404296875 0.82421875 0.9189453125 0.82421875 0.8916015625 0.8056640625 0.880859375 0.78515625 0.8974609375 0.78125 0.9228515625
2 0.71484375 0.7646484375 0.712890625 0.7802734375 0.72265625 0.7958984375 0.734375 0.7822265625 0.7421875 0.7587890625 0.7392578125 0.728515625 0.724609375 0.7392578125 0.71484375 0.7646484375
2 0.697265625 0.7529296875 0.71875 0.7353515625 0.73046875 0.7119140625 0.7197265625 0.693359375 0.69140625 0.7138671875 0.689453125 0.7490234375 0.697265625 0.7529296875
2 0.77734375 0.5908203125 0.7861328125 0.599609375 0.796875 0.5986328125 0.802734375 0.5927734375 0.802734375 0.5771484375 0.7900390625 0.568359375 0.779296875 0.5791015625 0.77734375 0.5908203125
2 0.83203125 0.5869140625 0.8359375 0.5537109375 0.8291015625 0.5390625 0.818359375 0.5576171875 0.818359375 0.5693359375 0.822265625 0.5849609375 0.83203125 0.5869140625
2 0.818359375 0.4990234375 0.833984375 0.4794921875 0.8369140625 0.458984375 0.8291015625 0.458984375 0.810546875 0.4833984375 0.80859375 0.4990234375 0.818359375 0.4990234375
2 0.833984375 0.5146484375 0.8310546875 0.501953125 0.796875 0.5107421875 0.78515625 0.5419921875 0.791015625 0.5537109375 0.8095703125 0.533203125 0.828125 0.5283203125 0.8291015625 0.5078125 0.833984375 0.5146484375
2 0.951171875 0.5556640625 0.9541015625 0.56640625 0.96875 0.5693359375 0.982421875 0.5615234375 0.990234375 0.5458984375 0.9873046875 0.5234375 0.9658203125 0.533203125 0.951171875 0.5556640625
2 0.9091796875 0.544921875 0.90234375 0.5478515625 0.900390625 0.5634765625 0.9052734375 0.57421875 0.9140625 0.5751953125 0.9345703125 0.572265625 0.935546875 0.5615234375 0.9306640625 0.552734375 0.9091796875 0.544921875
2 0.2451171875 0.470703125 0.212890625 0.4638671875 0.2158203125 0.5 0.255859375 0.5029296875 0.2578125 0.4853515625 0.2451171875 0.470703125
2 0.37109375 0.6357421875 0.3779296875 0.646484375 0.38671875 0.6474609375 0.421875 0.6103515625 0.4248046875 0.58984375 0.3994140625 0.59375 0.3828125 0.6083984375 0.37109375 0.6357421875
2 0.08984375 0.6455078125 0.0693359375 0.634765625 0.0361328125 0.646484375 0.029296875 0.6591796875 0.033203125 0.6904296875 0.0478515625 0.701171875 0.064453125 0.7001953125 0.0791015625 0.693359375 0.091796875 0.6748046875 0.08984375 0.6455078125
2 0.1572265625 0.712890625 0.15234375 0.7333984375 0.1708984375 0.7421875 0.1787109375 0.759765625 0.1953125 0.7587890625 0.20703125 0.7548828125 0.22265625 0.7236328125 0.22265625 0.7119140625 0.1572265625 0.712890625
2 0.2841796875 0.669921875 0.259765625 0.6904296875 0.2578125 0.7001953125 0.2646484375 0.70703125 0.28125 0.7080078125 0.3125 0.6865234375 0.314453125 0.6767578125 0.3076171875 0.66796875 0.2841796875 0.669921875
2 0.75390625 0.8603515625 0.767578125 0.8525390625 0.76953125 0.8388671875 0.7373046875 0.82421875 0.736328125 0.8505859375 0.7431640625 0.859375 0.75390625 0.8603515625
2 0.6953125 0.8994140625 0.6982421875 0.908203125 0.7109375 0.9072265625 0.724609375 0.8876953125 0.724609375 0.8740234375 0.7158203125 0.86328125 0.705078125 0.8642578125 0.6953125 0.8994140625
2 0.716796875 0.9599609375 0.7236328125 0.974609375 0.73828125 0.9736328125 0.75 0.9501953125 0.7392578125 0.9375 0.7275390625 0.935546875 0.716796875 0.9443359375 0.716796875 0.9599609375
2 0.462890625 0.2783203125 0.46484375 0.2607421875 0.455078125 0.2373046875 0.4482421875 0.236328125 0.44140625 0.2431640625 0.439453125 0.2607421875 0.462890625 0.2783203125
2 0.576171875 0.3330078125 0.5859375 0.3154296875 0.5771484375 0.3046875 0.5654296875 0.302734375 0.556640625 0.3115234375 0.556640625 0.3271484375 0.576171875 0.3330078125
2 0.333984375 0.2548828125 0.337890625 0.2158203125 0.3115234375 0.19140625 0.2900390625 0.19140625 0.2470703125 0.2109375 0.23828125 0.2373046875 0.24609375 0.2607421875 0.2666015625 0.275390625 0.302734375 0.2763671875 0.3173828125 0.271484375 0.333984375 0.2548828125
2 0.892578125 0.1513671875 0.900390625 0.1357421875 0.8974609375 0.12109375 0.8681640625 0.115234375 0.853515625 0.1240234375 0.8583984375 0.1484375 0.892578125 0.1513671875
2 0.974609375 0.0732421875 0.990234375 0.0185546875 0.9853515625 0.00390625 0.96875 0.0244140625 0.9609375 0.0556640625 0.962890625 0.0712890625 0.974609375 0.0732421875
2 0.1171875 0.4931640625 0.12890625 0.4833984375 0.1240234375 0.46484375 0.1064453125 0.466796875 0.099609375 0.4775390625 0.1064453125 0.494140625 0.1171875 0.4931640625
2 0.982421875 0.6162109375 0.9697265625 0.603515625 0.9619140625 0.603515625 0.953125 0.6142578125 0.943359375 0.6591796875 0.943359375 0.6748046875 0.953125 0.6767578125 0.9765625 0.6591796875 0.98828125 0.6376953125 0.982421875 0.6162109375
2 0.9111328125 0.638671875 0.90234375 0.6416015625 0.8984375 0.6650390625 0.90625 0.6767578125 0.91796875 0.6591796875 0.9111328125 0.638671875
2 0.529296875 0.1064453125 0.5205078125 0.09375 0.4775390625 0.091796875 0.46875 0.0986328125 0.466796875 0.1318359375 0.4794921875 0.14453125 0.505859375 0.1552734375 0.5205078125 0.150390625 0.533203125 0.1337890625 0.529296875 0.1064453125