2 0.8203125 0.9580078125 0.80078125 0.9716796875 0.80078125 0.9951171875 0.8095703125 1 0.8564453125 0.998046875 0.857421875 0.9814453125 0.849609375 0.9638671875 0.8203125 0.9580078125
2 0.947265625 0.7666015625 0.927734375 0.7900390625 0.927734375 0.8154296875 0.9580078125 0.830078125 0.98046875 0.8115234375 0.986328125 0.7822265625 0.9697265625 0.767578125 0.947265625 0.7666015625
2 0.88671875 0.6376953125 0.873046875 0.6611328125 0.876953125 0.6904296875 0.8857421875 0.69921875 0.9111328125 0.6953125 0.923828125 0.6787109375 0.923828125 0.6474609375 0.9091796875 0.63671875 0.88671875 0.6376953125
2 0.712890625 0.5224609375 0.6953125 0.5361328125 0.697265625 0.5634765625 0.7138671875 0.576171875 0.7431640625 0.572265625 0.751953125 0.5615234375 0.744140625 0.5322265625 0.7314453125 0.521484375 0.712890625 0.5224609375
2 0.47265625 0.7783203125 0.453125 0.8115234375 0.455078125 0.8349609375 0.4619140625 0.84375 0.4912109375 0.84375 0.509765625 0.8115234375 0.5009765625 0.79296875 0.47265625 0.7783203125
2 0.44921875 0.7177734375 0.427734375 0.7236328125 0.427734375 0.7490234375 0.4423828125 0.765625 0.4697265625 0.771484375 0.482421875 0.7548828125 0.48046875 0.7412109375 0.4677734375 0.72265625 0.44921875 0.7177734375
2 0.224609375 0.8564453125 0.20703125 0.8818359375 0.2109375 0.9111328125 0.2314453125 0.921875 0.2529296875 0.919921875 0.265625 0.9072265625 0.265625 0.8623046875 0.2607421875 0.857421875 0.224609375 0.8564453125
2 0.39453125 0.8662109375 0.380859375 0.8876953125 0.380859375 0.9013671875 0.4013671875 0.921875 0.4130859375 0.921875 0.41796875 0.9033203125 0.404296875 0.8720703125 0.39453125 0.8662109375
2 0 0.9853515625 0.0166015625 0.98828125 0.03515625 0.9755859375 0.03515625 0.9404296875 0.0224609375 0.927734375 0 0.9267578125 0 0.9853515625
2 0.23046875 0.6376953125 0.212890625 0.6513671875 0.208984375 0.6767578125 0.2216796875 0.693359375 0.2451171875 0.6953125 0.263671875 0.6787109375 0.263671875 0.6533203125 0.2470703125 0.638671875 0.23046875 0.6376953125
2 0.310546875 0.5302734375 0.29296875 0.5439453125 0.291015625 0.5712890625 0.3076171875 0.591796875 0.3349609375 0.591796875 0.34765625 0.5712890625 0.341796875 0.5380859375 0.3310546875 0.529296875 0.310546875 0.5302734375
2 0.359375 0.4638671875 0.34765625 0.4814453125 0.359375 0.5009765625 0.3759765625 0.51171875 0.37890625 0.4912109375 0.3671875 0.4658203125 0.359375 0.4638671875
2 0.15234375 0.2685546875 0.130859375 0.2861328125 0.12890625 0.2998046875 0.1435546875 0.349609375 0.1572265625 0.3359375 0.1748046875 0.33203125 0.18359375 0.3134765625 0.185546875 0.2744140625 0.15234375 0.2685546875
2 0.5234375 0.3681640625 0.525390625 0.4013671875 0.5380859375 0.41015625 0.552734375 0.3896484375 0.552734375 0.3798828125 0.5380859375 0.3671875 0.5234375 0.3681640625
2 0.560546875 0.2314453125 0.54296875 0.2490234375 0.544921875 0.2724609375 0.5615234375 0.283203125 0.5966796875 0.279296875 0.595703125 0.2431640625 0.5791015625 0.23046875 0.560546875 0.2314453125
2 0.697265625 0.2060546875 0.681640625 0.2255859375 0.681640625 0.2529296875 0.6943359375 0.263671875 0.7216796875 0.26171875 0.736328125 0.2470703125 0.736328125 0.2236328125 0.7158203125 0.205078125 0.697265625 0.2060546875
2 0.822265625 0.1533203125 0.806640625 0.1748046875 0.810546875 0.2021484375 0.8349609375 0.212890625 0.8544921875 0.208984375 0.8671875 0.1904296875 0.865234375 0.1708984375 0.8466796875 0.154296875 0.822265625 0.1533203125
2 0.859375 0.1162109375 0.8515625 0.1279296875 0.849609375 0.1494140625 0.8251953125 0.150390625 0.806640625 0.1748046875 0.80859375 0.1982421875 0.8193359375 0.2109375 0.8544921875 0.2109375 0.869140625 0.1904296875 0.869140625 0.1767578125 0.892578125 0.1513671875 0.890625 0.1279296875 0.859375 0.1162109375
2 0.5546875 0.0087890625 0.541015625 0.0302734375 0.544921875 0.0576171875 0.5615234375 0.06640625 0.5849609375 0.064453125 0.595703125 0.0498046875 0.595703125 0.0283203125 0.5751953125 0.0078125 0.5546875 0.0087890625
2 0.33984375 0.0146484375 0.32421875 0.0361328125 0.32421875 0.0615234375 0.33203125 0.0751953125 0.3466796875 0.083984375 0.380859375 0.0673828125 0.380859375 0.0341796875 0.3642578125 0.021484375 0.33984375 0.0146484375
2 0.20703125 0.0029296875 0.189453125 0.0166015625 0.19140625 0.0478515625 0.2119140625 0.0625 0.2353515625 0.05859375 0.25 0.0380859375 0.248046875 0.0185546875 0.2314453125 0.00390625 0.20703125 0.0029296875
2 0.037109375 0.0263671875 0.013671875 0.0361328125 0.013671875 0.0634765625 0.0322265625 0.08203125 0.0537109375 0.08203125 0.068359375 0.0673828125 0.064453125 0.0380859375 0.0576171875 0.029296875 0.037109375 0.0263671875
2 0.982421875 0.3291015625 0.97265625 0.3505859375 0.9833984375 0.365234375 0.9990234375 0.369140625 1 0.3330078125 0.982421875 0.3291015625