2 0.55078125 0.4130859375 0.548828125 0.3896484375 0.53515625 0.3779296875 0.513671875 0.3857421875 0.50390625 0.4052734375 0.5048828125 0.416015625 0.5283203125 0.419921875 0.5361328125 0.412109375 0.55078125 0.4130859375
2 0.0869140625 0.54296875 0.064453125 0.5400390625 0.06640625 0.5771484375 0.0869140625 0.591796875 0.095703125 0.5537109375 0.0869140625 0.54296875
2 0.40234375 0.6630859375 0.40234375 0.6748046875 0.4072265625 0.671875 0.4560546875 0.7265625 0.4638671875 0.7265625 0.447265625 0.6943359375 0.4208984375 0.669921875 0.40234375 0.6630859375
2 0.283203125 0.4208984375 0.291015625 0.3818359375 0.27734375 0.3798828125 0.263671875 0.3857421875 0.26171875 0.3955078125 0.2421875 0.4130859375 0.2431640625 0.421875 0.2783203125 0.42578125 0.283203125 0.4208984375
2 0.23046875 0.9208984375 0.2109375 0.9287109375 0.20703125 0.9560546875 0.2197265625 0.966796875 0.2431640625 0.96484375 0.2578125 0.9501953125 0.255859375 0.9228515625 0.23046875 0.9208984375
2 0.2890625 0.9287109375 0.27734375 0.9248046875 0.26171875 0.9619140625 0.2626953125 0.97265625 0.287109375 0.9521484375 0.2890625 0.9287109375
2 0.619140625 0.9248046875 0.607421875 0.9423828125 0.615234375 0.9658203125 0.6318359375 0.9765625 0.6494140625 0.974609375 0.66015625 0.9521484375 0.6298828125 0.923828125 0.619140625 0.9248046875
2 0.4951171875 0.923828125 0.5224609375 0.923828125 0.533203125 0.9150390625 0.5185546875 0.90234375 0.50390625 0.9033203125 0.494140625 0.9150390625 0.4951171875 0.923828125
2 0.1220703125 0.796875 0.1455078125 0.794921875 0.15234375 0.7880859375 0.1416015625 0.76171875 0.111328125 0.7607421875 0.1015625 0.7705078125 0.1220703125 0.796875
2 0.3330078125 0.642578125 0.3505859375 0.646484375 0.361328125 0.6396484375 0.365234375 0.6201171875 0.35546875 0.6142578125 0.333984375 0.6298828125 0.3330078125 0.642578125
2 0.234375 0.7060546875 0.208984375 0.7216796875 0.216796875 0.7451171875 0.2255859375 0.751953125 0.2490234375 0.740234375 0.259765625 0.7255859375 0.2548828125 0.708984375 0.234375 0.7060546875
2 0.705078125 0.2861328125 0.6875 0.3017578125 0.677734375 0.3603515625 0.7001953125 0.37890625 0.724609375 0.3427734375 0.708984375 0.3310546875 0.71484375 0.2861328125 0.705078125 0.2861328125
2 0.802734375 0.3701171875 0.759765625 0.4052734375 0.7607421875 0.4140625 0.7822265625 0.416015625 0.798828125 0.3994140625 0.8125 0.3779296875 0.8095703125 0.369140625 0.802734375 0.3701171875
2 0.9658203125 0.349609375 0.953125 0.3505859375 0.951171875 0.3798828125 0.9775390625 0.38671875 0.978515625 0.3603515625 0.9658203125 0.349609375
2 0 0.0380859375 0.0078125 0.0400390625 0 0.0537109375 0.0087890625 0.0546875 0.0390625 0.0185546875 0.02734375 0.0126953125 0.041015625 0.0048828125 0.0380859375 0 0 0.0009765625 0 0.0380859375
2 0.2099609375 0.0390625 0.21875 0.0322265625 0.228515625 0.0068359375 0.2275390625 0 0.087890625 0.0009765625 0.087890625 0.0341796875 0.0966796875 0.041015625 0.1494140625 0.03125 0.1787109375 0.0390625 0.2099609375 0.0390625
2 0.0703125 0.6650390625 0.0458984375 0.67578125 0.041015625 0.6904296875 0.0576171875 0.6953125 0.0888671875 0.689453125 0.09375 0.6845703125 0.091796875 0.6669921875 0.0703125 0.6650390625
2 0.029296875 0.8876953125 0.0556640625 0.896484375 0.06640625 0.8818359375 0.06640625 0.8505859375 0.044921875 0.8408203125 0.02734375 0.8642578125 0.029296875 0.8876953125
2 0.908203125 0.8994140625 0.8935546875 0.90234375 0.8828125 0.9150390625 0.880859375 0.9267578125 0.8857421875 0.931640625 0.923828125 0.9169921875 0.92578125 0.8994140625 0.908203125 0.8994140625
2 0.822265625 0.4208984375 0.81640625 0.4423828125 0.80078125 0.4501953125 0.8056640625 0.462890625 0.8271484375 0.4609375 0.83984375 0.4462890625 0.833984375 0.4228515625 0.822265625 0.4208984375
2 0.330078125 0.7333984375 0.3203125 0.7412109375 0.322265625 0.7548828125 0.3310546875 0.763671875 0.3544921875 0.76171875 0.353515625 0.7392578125 0.3466796875 0.732421875 0.330078125 0.7333984375
2 0.3125 0.6826171875 0.30078125 0.6806640625 0.29296875 0.7001953125 0.2978515625 0.70703125 0.314453125 0.7001953125 0.3125 0.6826171875
2 0.8681640625 0.208984375 0.8515625 0.2080078125 0.8466796875 0.216796875 0.8828125 0.2314453125 0.8798828125 0.216796875 0.8681640625 0.208984375
2 0.50390625 0.4208984375 0.4892578125 0.412109375 0.4765625 0.4130859375 0.44140625 0.4345703125 0.44140625 0.4443359375 0.4501953125 0.453125 0.4833984375 0.455078125 0.5 0.4404296875 0.50390625 0.4208984375