2 0.884765625 0.1982421875 0.8720703125 0.1796875 0.8408203125 0.18359375 0.822265625 0.2099609375 0.82421875 0.2236328125 0.8349609375 0.234375 0.85546875 0.2353515625 0.8759765625 0.2265625 0.8828125 0.2158203125 0.884765625 0.1982421875
2 0.3408203125 0.12109375 0.32421875 0.1337890625 0.326171875 0.1611328125 0.3408203125 0.173828125 0.359375 0.1748046875 0.380859375 0.1689453125 0.388671875 0.1337890625 0.3759765625 0.12109375 0.3408203125 0.12109375
2 0.69921875 0.0986328125 0.7158203125 0.11328125 0.7265625 0.1142578125 0.732421875 0.1103515625 0.734375 0.0927734375 0.7216796875 0.080078125 0.7041015625 0.08203125 0.69921875 0.0986328125
2 0.447265625 0.2177734375 0.466796875 0.2060546875 0.4658203125 0.19140625 0.4384765625 0.1875 0.43359375 0.1923828125 0.435546875 0.2138671875 0.447265625 0.2177734375
2 0.3486328125 0.4296875 0.33203125 0.4404296875 0.32421875 0.4638671875 0.3408203125 0.484375 0.359375 0.4853515625 0.3896484375 0.484375 0.396484375 0.4697265625 0.3681640625 0.43359375 0.3486328125 0.4296875
2 0.1787109375 0.482421875 0.16796875 0.4970703125 0.169921875 0.5224609375 0.1806640625 0.529296875 0.203125 0.5302734375 0.220703125 0.5205078125 0.224609375 0.4951171875 0.2060546875 0.478515625 0.1787109375 0.482421875
2 0.3203125 0.6669921875 0.3037109375 0.6484375 0.2783203125 0.646484375 0.255859375 0.6611328125 0.255859375 0.6845703125 0.2685546875 0.701171875 0.2890625 0.7041015625 0.310546875 0.6943359375 0.3203125 0.6787109375 0.3203125 0.6669921875
2 0.4365234375 0.712890625 0.40625 0.6982421875 0.41015625 0.7255859375 0.4345703125 0.755859375 0.474609375 0.7626953125 0.48828125 0.7529296875 0.4814453125 0.724609375 0.4501953125 0.7265625 0.4365234375 0.712890625
2 0.67578125 0.7919921875 0.6689453125 0.78515625 0.6376953125 0.787109375 0.62109375 0.8056640625 0.62109375 0.8291015625 0.6357421875 0.841796875 0.6484375 0.8408203125 0.6689453125 0.8359375 0.6796875 0.8193359375 0.67578125 0.7919921875
2 0.8017578125 0.642578125 0.787109375 0.6591796875 0.787109375 0.6787109375 0.8037109375 0.69140625 0.818359375 0.6943359375 0.85546875 0.6748046875 0.853515625 0.6552734375 0.8388671875 0.640625 0.8017578125 0.642578125
2 0.9052734375 0.578125 0.89453125 0.5888671875 0.896484375 0.6103515625 0.9169921875 0.625 0.92578125 0.6240234375 0.93359375 0.6181640625 0.93359375 0.5986328125 0.9208984375 0.58203125 0.9052734375 0.578125
2 0.9482421875 0.76171875 0.935546875 0.7802734375 0.9384765625 0.796875 0.9560546875 0.80859375 0.96484375 0.8076171875 0.986328125 0.7919921875 0.990234375 0.7802734375 0.9736328125 0.75390625 0.9482421875 0.76171875
2 0.9033203125 0.88671875 0.888671875 0.9013671875 0.884765625 0.9169921875 0.9013671875 0.935546875 0.919921875 0.9404296875 0.939453125 0.9248046875 0.943359375 0.9052734375 0.9189453125 0.88671875 0.9033203125 0.88671875
2 0.0400390625 0.845703125 0.033203125 0.8544921875 0.03515625 0.8798828125 0.0576171875 0.8984375 0.078125 0.8974609375 0.099609375 0.8779296875 0.09765625 0.8564453125 0.0751953125 0.841796875 0.0400390625 0.845703125
2 0.173828125 0.7587890625 0.1796875 0.7392578125 0.1728515625 0.728515625 0.1591796875 0.728515625 0.150390625 0.7470703125 0.1611328125 0.7578125 0.173828125 0.7587890625
2 0.044921875 0.4853515625 0.0498046875 0.4921875 0.056640625 0.4912109375 0.0703125 0.4697265625 0.0654296875 0.439453125 0.0537109375 0.44140625 0.041015625 0.4599609375 0.044921875 0.4853515625
2 0.001953125 0.4111328125 0.01171875 0.3955078125 0.015625 0.3720703125 0.013671875 0.3447265625 0.0048828125 0.3359375 0 0.3369140625 0.001953125 0.4111328125
2 0.1484375 0.3115234375 0.1484375 0.2763671875 0.1357421875 0.259765625 0.1279296875 0.259765625 0.125 0.2744140625 0.134765625 0.3076171875 0.1484375 0.3115234375
2 0.0107421875 0.193359375 0 0.2099609375 0.00390625 0.2392578125 0.0126953125 0.24609375 0.029296875 0.2451171875 0.046875 0.2392578125 0.048828125 0.2119140625 0.0361328125 0.1953125 0.0107421875 0.193359375
2 0.8125 0.4716796875 0.822265625 0.4560546875 0.8017578125 0.435546875 0.7919921875 0.435546875 0.78515625 0.4462890625 0.78515625 0.4638671875 0.8125 0.4716796875