2 0.8232421875 0.22265625 0.8359375 0.2138671875 0.837890625 0.1923828125 0.8271484375 0.173828125 0.8017578125 0.171875 0.78515625 0.1904296875 0.7861328125 0.205078125 0.8056640625 0.22265625 0.8232421875 0.22265625
2 0.76953125 0.6494140625 0.7548828125 0.623046875 0.7177734375 0.625 0.7041015625 0.64453125 0.6728515625 0.6484375 0.65625 0.6630859375 0.6513671875 0.724609375 0.6650390625 0.75 0.69140625 0.7470703125 0.7001953125 0.77734375 0.7314453125 0.78125 0.744140625 0.7705078125 0.75390625 0.7431640625 0.783203125 0.7236328125 0.794921875 0.6826171875 0.79296875 0.6708984375 0.76953125 0.6494140625
2 0.5771484375 0.94140625 0.5947265625 0.94140625 0.615234375 0.9326171875 0.630859375 0.9111328125 0.630859375 0.9013671875 0.6005859375 0.8828125 0.5810546875 0.8828125 0.568359375 0.9052734375 0.5693359375 0.919921875 0.5771484375 0.94140625
2 0.5341796875 0.751953125 0.548828125 0.7275390625 0.546875 0.6982421875 0.5341796875 0.6875 0.5166015625 0.689453125 0.5 0.7060546875 0.4970703125 0.728515625 0.5146484375 0.748046875 0.5341796875 0.751953125
2 0.2939453125 0.765625 0.294921875 0.7880859375 0.3056640625 0.802734375 0.3525390625 0.80078125 0.361328125 0.7900390625 0.361328125 0.7802734375 0.345703125 0.7548828125 0.3251953125 0.740234375 0.3056640625 0.740234375 0.296875 0.7490234375 0.2939453125 0.765625
2 0.2138671875 0.962890625 0.21875 0.9580078125 0.2265625 0.9345703125 0.2099609375 0.904296875 0.1904296875 0.904296875 0.173828125 0.9189453125 0.1708984375 0.947265625 0.1904296875 0.962890625 0.2138671875 0.962890625
2 0.1083984375 0.814453125 0.123046875 0.8017578125 0.125 0.7880859375 0.1123046875 0.76953125 0.0986328125 0.76953125 0.08984375 0.7763671875 0.0869140625 0.80078125 0.0947265625 0.81640625 0.1083984375 0.814453125
2 0.322265625 0.2861328125 0.3115234375 0.279296875 0.2919921875 0.28125 0.28125 0.2939453125 0.2802734375 0.318359375 0.3134765625 0.3203125 0.322265625 0.3095703125 0.322265625 0.2861328125
2 0.515625 0.0908203125 0.517578125 0.0673828125 0.5048828125 0.044921875 0.478515625 0.0556640625 0.4697265625 0.0859375 0.4853515625 0.099609375 0.5048828125 0.099609375 0.515625 0.0908203125
2 0.564453125 0.3916015625 0.546875 0.4091796875 0.5439453125 0.42578125 0.55078125 0.4423828125 0.5693359375 0.455078125 0.5947265625 0.455078125 0.607421875 0.4462890625 0.609375 0.4169921875 0.59765625 0.4033203125 0.6005859375 0.357421875 0.5703125 0.3564453125 0.5625 0.3740234375 0.564453125 0.3916015625
2 0.4169921875 0.611328125 0.43359375 0.5966796875 0.43359375 0.5791015625 0.4208984375 0.564453125 0.3974609375 0.5546875 0.384765625 0.5771484375 0.3857421875 0.591796875 0.4013671875 0.609375 0.4169921875 0.611328125
2 0.2783203125 0.38671875 0.2607421875 0.38671875 0.2509765625 0.416015625 0.2685546875 0.431640625 0.2890625 0.4052734375 0.2890625 0.3935546875 0.2783203125 0.38671875
2 0.2626953125 0.60546875 0.28515625 0.5888671875 0.28515625 0.5791015625 0.2568359375 0.55859375 0.2412109375 0.55859375 0.23046875 0.5693359375 0.2314453125 0.578125 0.2470703125 0.607421875 0.2626953125 0.60546875
2 0.14453125 0.5810546875 0.14453125 0.5634765625 0.1044921875 0.560546875 0.08984375 0.5693359375 0.0849609375 0.58984375 0.0986328125 0.599609375 0.1279296875 0.599609375 0.14453125 0.5810546875
2 0.1484375 0.0791015625 0.15625 0.0556640625 0.1298828125 0.033203125 0.1025390625 0.033203125 0.0966796875 0.07421875 0.1201171875 0.091796875 0.1318359375 0.091796875 0.1484375 0.0791015625
2 0.0224609375 0.2578125 0.0009765625 0.2578125 0.0009765625 0.294921875 0.0263671875 0.298828125 0.037109375 0.2861328125 0.037109375 0.2685546875 0.0224609375 0.2578125