2 0.2509765625 0.677734375 0.2314453125 0.681640625 0.2265625 0.6884765625 0.228515625 0.7119140625 0.23828125 0.7158203125 0.2529296875 0.71484375 0.259765625 0.7021484375 0.2509765625 0.677734375
2 0.580078125 0.8466796875 0.5693359375 0.837890625 0.5498046875 0.83984375 0.54296875 0.8466796875 0.544921875 0.8603515625 0.564453125 0.8720703125 0.5751953125 0.873046875 0.58203125 0.8662109375 0.580078125 0.8466796875
2 0.833984375 0.7548828125 0.8291015625 0.748046875 0.8037109375 0.75 0.7900390625 0.720703125 0.7734375 0.7509765625 0.775390625 0.7724609375 0.7861328125 0.787109375 0.80078125 0.7939453125 0.8154296875 0.794921875 0.833984375 0.7861328125 0.833984375 0.7548828125
2 0.966796875 0.3447265625 0.9462890625 0.328125 0.9208984375 0.333984375 0.91015625 0.3486328125 0.91015625 0.3701171875 0.927734375 0.3935546875 0.9580078125 0.3828125 0.970703125 0.3662109375 0.966796875 0.3447265625
2 0.9765625 0.3388671875 0.9765625 0.3603515625 0.99609375 0.3779296875 0.9990234375 0.3203125 0.9873046875 0.32421875 0.9765625 0.3388671875
2 0.548828125 0.0849609375 0.5263671875 0.07421875 0.4931640625 0.076171875 0.48828125 0.0810546875 0.48828125 0.1103515625 0.5078125 0.1240234375 0.5439453125 0.12109375 0.552734375 0.0986328125 0.548828125 0.0849609375
2 0.435546875 0.4228515625 0.4150390625 0.408203125 0.3955078125 0.41015625 0.380859375 0.4248046875 0.37890625 0.4423828125 0.39453125 0.4658203125 0.4208984375 0.46484375 0.439453125 0.4482421875 0.435546875 0.4228515625
2 0.5986328125 0.35546875 0.5771484375 0.3515625 0.572265625 0.3818359375 0.59765625 0.3935546875 0.609375 0.3916015625 0.611328125 0.3701171875 0.5986328125 0.35546875
2 0.5751953125 0.46484375 0.5517578125 0.455078125 0.529296875 0.4775390625 0.52734375 0.4970703125 0.5380859375 0.51171875 0.556640625 0.5146484375 0.5703125 0.5087890625 0.587890625 0.4794921875 0.5751953125 0.46484375
2 0.19921875 0.2919921875 0.1923828125 0.283203125 0.1630859375 0.28515625 0.1484375 0.2978515625 0.142578125 0.3232421875 0.1552734375 0.333984375 0.16796875 0.3349609375 0.1884765625 0.333984375 0.1953125 0.3232421875 0.19921875 0.2919921875
2 0.228515625 0.1708984375 0.2197265625 0.16015625 0.2021484375 0.16015625 0.1953125 0.1689453125 0.1953125 0.1962890625 0.203125 0.2041015625 0.2177734375 0.203125 0.224609375 0.1962890625 0.228515625 0.1708984375
2 0.0830078125 0.16796875 0.0732421875 0.166015625 0.0625 0.1787109375 0.0625 0.1904296875 0.08203125 0.2021484375 0.0947265625 0.201171875 0.099609375 0.1923828125 0.0830078125 0.16796875
2 0.5009765625 0.236328125 0.484375 0.2646484375 0.486328125 0.2802734375 0.5 0.2939453125 0.537109375 0.2822265625 0.525390625 0.2490234375 0.5009765625 0.236328125
2 0.201171875 0.5322265625 0.1904296875 0.5234375 0.1748046875 0.52734375 0.166015625 0.5400390625 0.166015625 0.5615234375 0.173828125 0.5673828125 0.1865234375 0.568359375 0.19921875 0.5556640625 0.201171875 0.5322265625
2 0 0.5888671875 0.0107421875 0.587890625 0.025390625 0.5751953125 0.0234375 0.5634765625 0.0126953125 0.552734375 0 0.5537109375 0 0.5888671875