2 0.60546875 0.6826171875 0.6318359375 0.6796875 0.6484375 0.6630859375 0.646484375 0.6376953125 0.6259765625 0.6171875 0.5966796875 0.623046875 0.583984375 0.6455078125 0.591796875 0.6787109375 0.60546875 0.6826171875
2 0.025390625 0.1591796875 0.025390625 0.2001953125 0.0390625 0.2275390625 0.0390625 0.2412109375 0.046875 0.2470703125 0.0771484375 0.24609375 0.119140625 0.2236328125 0.130859375 0.1943359375 0.1162109375 0.14453125 0.0927734375 0.13671875 0.0673828125 0.13671875 0.0439453125 0.158203125 0.025390625 0.1591796875
2 0.21484375 0.1552734375 0.216796875 0.1826171875 0.2294921875 0.193359375 0.244140625 0.1943359375 0.2744140625 0.181640625 0.2841796875 0.18359375 0.29296875 0.1748046875 0.2890625 0.1611328125 0.2646484375 0.13671875 0.2509765625 0.1328125 0.2275390625 0.13671875 0.21484375 0.1552734375
2 0.630859375 0.1240234375 0.6455078125 0.14453125 0.6640625 0.1455078125 0.6767578125 0.142578125 0.689453125 0.1298828125 0.693359375 0.1103515625 0.689453125 0.0986328125 0.662109375 0.0693359375 0.6474609375 0.064453125 0.630859375 0.1064453125 0.630859375 0.1240234375
2 0.400390625 0.1474609375 0.408203125 0.1396484375 0.41015625 0.1181640625 0.3935546875 0.103515625 0.3837890625 0.103515625 0.369140625 0.1142578125 0.3671875 0.1240234375 0.3837890625 0.1484375 0.400390625 0.1474609375
2 0.4609375 0.3623046875 0.470703125 0.3603515625 0.48046875 0.3251953125 0.4697265625 0.306640625 0.4462890625 0.298828125 0.419921875 0.3193359375 0.416015625 0.3388671875 0.4287109375 0.361328125 0.4609375 0.3623046875
2 0.5859375 0.2880859375 0.599609375 0.2744140625 0.599609375 0.2470703125 0.5712890625 0.234375 0.5537109375 0.23828125 0.537109375 0.2607421875 0.5390625 0.2783203125 0.5498046875 0.287109375 0.5859375 0.2880859375
2 0.0234375 0.1630859375 0.025390625 0.2001953125 0.0390625 0.2275390625 0.041015625 0.2451171875 0.078125 0.2451171875 0.1181640625 0.224609375 0.130859375 0.1982421875 0.119140625 0.1474609375 0.0927734375 0.13671875 0.0673828125 0.13671875 0.0478515625 0.15625 0.0283203125 0.15625 0.0234375 0.1630859375
2 0.0634765625 0.470703125 0.091796875 0.4697265625 0.115234375 0.4443359375 0.111328125 0.4208984375 0.0966796875 0.412109375 0.0751953125 0.416015625 0.060546875 0.4306640625 0.0546875 0.4482421875 0.0546875 0.4619140625 0.0634765625 0.470703125
2 0.259765625 0.3447265625 0.28515625 0.3310546875 0.287109375 0.3017578125 0.2802734375 0.291015625 0.2509765625 0.283203125 0.232421875 0.2978515625 0.228515625 0.3212890625 0.2353515625 0.333984375 0.259765625 0.3447265625
2 0.0703125 0.6787109375 0.0615234375 0.6640625 0.0419921875 0.65234375 0.021484375 0.6669921875 0.017578125 0.6865234375 0.0341796875 0.701171875 0.0546875 0.7001953125 0.0703125 0.6787109375
2 0.48046875 0.5380859375 0.474609375 0.5087890625 0.4580078125 0.498046875 0.4248046875 0.5078125 0.421875 0.5224609375 0.431640625 0.5458984375 0.46875 0.5595703125 0.48046875 0.5380859375
2 0.279296875 0.8349609375 0.287109375 0.8291015625 0.291015625 0.8017578125 0.2744140625 0.7890625 0.2529296875 0.796875 0.2421875 0.8134765625 0.248046875 0.8310546875 0.2548828125 0.8359375 0.279296875 0.8349609375
2 0.861328125 0.6728515625 0.88671875 0.6611328125 0.888671875 0.6416015625 0.8701171875 0.6171875 0.8388671875 0.607421875 0.826171875 0.6240234375 0.826171875 0.6611328125 0.8466796875 0.673828125 0.861328125 0.6728515625
2 0.90234375 0.2060546875 0.9169921875 0.220703125 0.92578125 0.2216796875 0.9365234375 0.21484375 0.9521484375 0.21484375 0.9609375 0.2060546875 0.958984375 0.1728515625 0.9384765625 0.15625 0.9072265625 0.162109375 0.8984375 0.1728515625 0.90234375 0.2060546875
2 0.796875 0.7685546875 0.796875 0.7568359375 0.7822265625 0.7421875 0.7724609375 0.7421875 0.765625 0.7509765625 0.771484375 0.7685546875 0.7890625 0.7744140625 0.796875 0.7685546875
2 0.45703125 0.9130859375 0.451171875 0.9287109375 0.4609375 0.9404296875 0.48046875 0.9248046875 0.4794921875 0.904296875 0.45703125 0.9130859375
2 0.671875 0.5400390625 0.6904296875 0.53515625 0.69921875 0.5185546875 0.6806640625 0.49609375 0.6611328125 0.494140625 0.64453125 0.5126953125 0.64453125 0.5283203125 0.6494140625 0.53515625 0.671875 0.5400390625