2 0.732421875 0.9111328125 0.7373046875 0.916015625 0.7548828125 0.923828125 0.7802734375 0.919921875 0.7919921875 0.89453125 0.791015625 0.8818359375 0.7744140625 0.857421875 0.7392578125 0.859375 0.734375 0.8642578125 0.732421875 0.9111328125
2 0.9794921875 0.98828125 0.9990234375 0.98828125 1 0.9287109375 0.9755859375 0.9296875 0.96484375 0.9404296875 0.962890625 0.9755859375 0.9794921875 0.98828125
2 0.49609375 0.8310546875 0.5146484375 0.845703125 0.5361328125 0.84375 0.5439453125 0.82421875 0.54296875 0.8056640625 0.5244140625 0.783203125 0.5048828125 0.7890625 0.490234375 0.8076171875 0.49609375 0.8310546875
2 0.5283203125 0.76953125 0.5419921875 0.771484375 0.5615234375 0.76171875 0.5712890625 0.748046875 0.5703125 0.7236328125 0.5458984375 0.716796875 0.52734375 0.7275390625 0.517578125 0.7568359375 0.5283203125 0.76953125
2 0.650390625 0.5712890625 0.6630859375 0.591796875 0.6884765625 0.59375 0.7080078125 0.572265625 0.708984375 0.5537109375 0.6982421875 0.53515625 0.6689453125 0.529296875 0.658203125 0.5380859375 0.650390625 0.5712890625
2 0.6171875 0.0673828125 0.6357421875 0.080078125 0.6591796875 0.08203125 0.671875 0.0693359375 0.6748046875 0.056640625 0.67578125 0.0380859375 0.6572265625 0.017578125 0.6357421875 0.021484375 0.6171875 0.0341796875 0.6171875 0.0673828125
2 0.75 0.0439453125 0.7626953125 0.05859375 0.7861328125 0.0625 0.80078125 0.0556640625 0.8173828125 0.029296875 0.818359375 0.0224609375 0.7998046875 0.005859375 0.7705078125 0.00390625 0.75390625 0.0166015625 0.75 0.0439453125
2 0.931640625 0.0693359375 0.9404296875 0.080078125 0.9697265625 0.08203125 0.9853515625 0.0625 0.986328125 0.0380859375 0.9794921875 0.03125 0.9482421875 0.02734375 0.9375 0.0341796875 0.931640625 0.0693359375
2 0.81640625 0.3173828125 0.8232421875 0.33203125 0.8525390625 0.33984375 0.8681640625 0.310546875 0.869140625 0.2900390625 0.8564453125 0.2734375 0.8349609375 0.267578125 0.8125 0.2744140625 0.81640625 0.3173828125
2 0.400390625 0.2744140625 0.4130859375 0.28515625 0.4365234375 0.28515625 0.451171875 0.2763671875 0.4560546875 0.263671875 0.455078125 0.2470703125 0.4462890625 0.236328125 0.4208984375 0.23046875 0.40234375 0.2490234375 0.400390625 0.2744140625
2 0.404296875 0.0517578125 0.4169921875 0.064453125 0.4443359375 0.064453125 0.4580078125 0.048828125 0.455078125 0.0224609375 0.4443359375 0.009765625 0.4228515625 0.009765625 0.404296875 0.0283203125 0.404296875 0.0517578125
2 0.263671875 0.2490234375 0.2763671875 0.26171875 0.3017578125 0.265625 0.3173828125 0.251953125 0.318359375 0.2314453125 0.3037109375 0.20703125 0.2802734375 0.20703125 0.265625 0.2197265625 0.263671875 0.2490234375
2 0.1328125 0.1923828125 0.1474609375 0.2109375 0.1806640625 0.208984375 0.1923828125 0.189453125 0.189453125 0.1708984375 0.1708984375 0.15234375 0.1533203125 0.154296875 0.134765625 0.1708984375 0.1328125 0.1923828125
2 0.0927734375 0.32421875 0.1240234375 0.322265625 0.1298828125 0.3125 0.125 0.2900390625 0.1123046875 0.28125 0.0908203125 0.28125 0.078125 0.2919921875 0.0927734375 0.32421875
2 0.2548828125 0.572265625 0.2763671875 0.578125 0.2939453125 0.572265625 0.3037109375 0.556640625 0.30078125 0.5322265625 0.2763671875 0.521484375 0.255859375 0.5302734375 0.24609375 0.5537109375 0.2548828125 0.572265625
2 0.4619140625 0.41015625 0.47265625 0.4033203125 0.4755859375 0.388671875 0.4736328125 0.3671875 0.4560546875 0.369140625 0.4453125 0.3818359375 0.447265625 0.3935546875 0.4619140625 0.41015625
2 0.0166015625 0.365234375 0.0244140625 0.353515625 0.025390625 0.3408203125 0.0185546875 0.330078125 0 0.3330078125 0.0009765625 0.369140625 0.0166015625 0.365234375
2 0.07421875 0.6748046875 0.0830078125 0.69140625 0.1142578125 0.6953125 0.1240234375 0.681640625 0.125 0.6591796875 0.1142578125 0.640625 0.0908203125 0.638671875 0.076171875 0.6474609375 0.07421875 0.6748046875
2 0.015625 0.8076171875 0.0361328125 0.830078125 0.0595703125 0.82421875 0.0712890625 0.80859375 0.072265625 0.7919921875 0.0498046875 0.767578125 0.0224609375 0.771484375 0.013671875 0.7802734375 0.015625 0.8076171875
2 0.140625 0.9990234375 0.1962890625 1 0.1982421875 0.9921875 0.197265625 0.9697265625 0.1904296875 0.962890625 0.1591796875 0.958984375 0.14453125 0.9736328125 0.140625 0.9990234375
2 0.4912109375 1 0.4921875 0.9873046875 0.4814453125 0.978515625 0.4501953125 0.978515625 0.435546875 0.9970703125 0.4912109375 1
2 0.6181640625 0.90234375 0.61328125 0.8779296875 0.6005859375 0.869140625 0.580078125 0.9091796875 0.5908203125 0.923828125 0.6181640625 0.90234375
2 0.736328125 0.6826171875 0.7412109375 0.6875 0.7548828125 0.6953125 0.7705078125 0.6953125 0.7861328125 0.6796875 0.787109375 0.6533203125 0.7763671875 0.640625 0.7548828125 0.638671875 0.736328125 0.6494140625 0.736328125 0.6826171875