2 0.53515625 0.1904296875 0.5322265625 0.171875 0.53125 0.1826171875 0.5244140625 0.1796875 0.5185546875 0.185546875 0.513671875 0.1787109375 0.5263671875 0.17578125 0.5263671875 0.16796875 0.5166015625 0.171875 0.5107421875 0.1640625 0.5048828125 0.16796875 0.49609375 0.1611328125 0.4990234375 0.15234375 0.48046875 0.1533203125 0.4833984375 0.16796875 0.4658203125 0.16796875 0.455078125 0.1748046875 0.4599609375 0.181640625 0.466796875 0.1806640625 0.4609375 0.1884765625 0.46875 0.1904296875 0.4716796875 0.20703125 0.5224609375 0.19921875 0.53515625 0.1904296875
2 0.935546875 0.1044921875 0.935546875 0.1220703125 0.9462890625 0.140625 0.9716796875 0.14453125 0.99609375 0.1259765625 0.998046875 0.1123046875 0.9873046875 0.09765625 0.9736328125 0.091796875 0.943359375 0.0927734375 0.935546875 0.1044921875
2 0.798828125 0.2529296875 0.794921875 0.2744140625 0.8076171875 0.296875 0.8291015625 0.298828125 0.8583984375 0.28125 0.86328125 0.2685546875 0.85546875 0.2490234375 0.8447265625 0.240234375 0.818359375 0.2392578125 0.798828125 0.2529296875
2 0.7099609375 0.150390625 0.73046875 0.1357421875 0.73046875 0.1181640625 0.7216796875 0.103515625 0.697265625 0.0986328125 0.68359375 0.1162109375 0.68359375 0.1318359375 0.7099609375 0.150390625
2 0.630859375 0.3779296875 0.6474609375 0.388671875 0.6591796875 0.388671875 0.6796875 0.3701171875 0.6796875 0.3466796875 0.6728515625 0.337890625 0.6484375 0.3388671875 0.6328125 0.3583984375 0.630859375 0.3779296875
2 0.2353515625 0.2890625 0.228515625 0.3056640625 0.232421875 0.3330078125 0.2529296875 0.34765625 0.2783203125 0.341796875 0.2890625 0.3212890625 0.28515625 0.2900390625 0.2705078125 0.27734375 0.255859375 0.2783203125 0.2353515625 0.2890625
2 0.17578125 0.4736328125 0.1923828125 0.5 0.2314453125 0.5 0.248046875 0.4658203125 0.248046875 0.4482421875 0.2314453125 0.427734375 0.203125 0.4267578125 0.18359375 0.4404296875 0.17578125 0.4736328125
2 0.44140625 0.4931640625 0.4658203125 0.51171875 0.4814453125 0.509765625 0.5 0.4892578125 0.5 0.4658203125 0.4755859375 0.453125 0.44921875 0.4541015625 0.44140625 0.4599609375 0.44140625 0.4931640625
2 0.1728515625 0.591796875 0.162109375 0.6123046875 0.162109375 0.6298828125 0.1748046875 0.650390625 0.2021484375 0.6484375 0.22265625 0.6279296875 0.216796875 0.5927734375 0.2021484375 0.583984375 0.19140625 0.5849609375 0.1728515625 0.591796875
2 0.119140625 0.3837890625 0.1357421875 0.396484375 0.1591796875 0.39453125 0.169921875 0.3837890625 0.171875 0.3505859375 0.1630859375 0.33984375 0.1484375 0.3408203125 0.12109375 0.3466796875 0.119140625 0.3837890625
2 0.5888671875 0.736328125 0.57421875 0.7568359375 0.58203125 0.7783203125 0.6025390625 0.7890625 0.6318359375 0.787109375 0.642578125 0.7705078125 0.640625 0.7470703125 0.6240234375 0.732421875 0.599609375 0.7314453125 0.5888671875 0.736328125
2 0.6171875 0.6416015625 0.6318359375 0.66015625 0.6474609375 0.662109375 0.662109375 0.6513671875 0.669921875 0.6337890625 0.6611328125 0.611328125 0.6328125 0.6083984375 0.6171875 0.6201171875 0.6171875 0.6416015625
2 0.9990234375 0.8828125 1 0.8173828125 0.9765625 0.8173828125 0.95703125 0.8330078125 0.95703125 0.8642578125 0.9775390625 0.880859375 0.9990234375 0.8828125
2 0.9423828125 0.578125 0.927734375 0.5908203125 0.921875 0.6201171875 0.9306640625 0.63671875 0.9619140625 0.642578125 0.98046875 0.6279296875 0.986328125 0.5986328125 0.9697265625 0.578125 0.953125 0.5771484375 0.9423828125 0.578125
2 0.802734375 0.4775390625 0.8154296875 0.49609375 0.8486328125 0.501953125 0.8671875 0.4892578125 0.8671875 0.4658203125 0.8564453125 0.4453125 0.830078125 0.4365234375 0.8046875 0.4521484375 0.802734375 0.4775390625
2 0.05078125 0.7255859375 0.0654296875 0.74609375 0.0947265625 0.74609375 0.11328125 0.7353515625 0.1171875 0.7119140625 0.1025390625 0.685546875 0.078125 0.6806640625 0.0546875 0.6923828125 0.05078125 0.7255859375
2 0.2109375 0.7587890625 0.1962890625 0.76171875 0.173828125 0.7880859375 0.1796875 0.8056640625 0.1982421875 0.82421875 0.2236328125 0.822265625 0.236328125 0.8115234375 0.244140625 0.7900390625 0.244140625 0.7763671875 0.2353515625 0.765625 0.2109375 0.7587890625
2 0 0.9873046875 0.0048828125 0.990234375 0.046875 0.9853515625 0.046875 0.9404296875 0.0380859375 0.931640625 0.021484375 0.9306640625 0 0.9345703125 0 0.9873046875
2 0.44140625 0.2978515625 0.439453125 0.2841796875 0.419921875 0.2802734375 0.40625 0.2861328125 0.40625 0.2998046875 0.4365234375 0.302734375 0.44140625 0.2978515625
2 0.5595703125 0.33984375 0.572265625 0.3349609375 0.58203125 0.3076171875 0.578125 0.2900390625 0.572265625 0.2900390625 0.5546875 0.3134765625 0.55078125 0.3310546875 0.5595703125 0.33984375
2 0.5361328125 0.328125 0.5458984375 0.330078125 0.5546875 0.3037109375 0.5439453125 0.287109375 0.529296875 0.2841796875 0.51953125 0.2958984375 0.51953125 0.3056640625 0.5361328125 0.328125
2 0.37109375 0.1181640625 0.3623046875 0.099609375 0.337890625 0.0947265625 0.328125 0.1044921875 0.3330078125 0.119140625 0.3662109375 0.123046875 0.37109375 0.1181640625
2 0.765625 0.5419921875 0.767578125 0.5537109375 0.7763671875 0.560546875 0.8056640625 0.564453125 0.826171875 0.5537109375 0.8173828125 0.54296875 0.78125 0.5341796875 0.7705078125 0.53515625 0.765625 0.5419921875
2 0.7607421875 0.5234375 0.7705078125 0.5234375 0.7734375 0.5126953125 0.75390625 0.4697265625 0.73828125 0.4677734375 0.734375 0.4853515625 0.744140625 0.5029296875 0.7607421875 0.5234375
2 0.201171875 0.1455078125 0.2216796875 0.162109375 0.2451171875 0.15234375 0.251953125 0.1416015625 0.25 0.1298828125 0.2353515625 0.1171875 0.21484375 0.1162109375 0.201171875 0.1240234375 0.201171875 0.1455078125
2 0.326171875 0.5302734375 0.31640625 0.5517578125 0.3310546875 0.560546875 0.33984375 0.5537109375 0.33984375 0.5341796875 0.326171875 0.5302734375
2 0 0.6572265625 0.0107421875 0.66015625 0.01953125 0.6435546875 0.0087890625 0.62890625 0 0.6279296875 0 0.6572265625