2 0.814453125 0.5185546875 0.8212890625 0.513671875 0.82421875 0.5263671875 0.83203125 0.5263671875 0.828125 0.5166015625 0.8359375 0.5107421875 0.83203125 0.5048828125 0.8388671875 0.49609375 0.84765625 0.4990234375 0.8466796875 0.48046875 0.83203125 0.4833984375 0.83203125 0.4658203125 0.8251953125 0.455078125 0.818359375 0.4599609375 0.8193359375 0.466796875 0.8115234375 0.4609375 0.8095703125 0.46875 0.79296875 0.4716796875 0.80078125 0.5224609375 0.8095703125 0.53515625 0.828125 0.5322265625 0.8173828125 0.53125 0.8203125 0.5244140625 0.814453125 0.5185546875
2 0.8740234375 0.99609375 0.8876953125 0.998046875 0.90234375 0.9873046875 0.908203125 0.9736328125 0.9072265625 0.943359375 0.8955078125 0.935546875 0.8779296875 0.935546875 0.859375 0.9462890625 0.85546875 0.9716796875 0.8740234375 0.99609375
2 0.71875 0.8583984375 0.7314453125 0.86328125 0.7509765625 0.85546875 0.759765625 0.8447265625 0.7607421875 0.818359375 0.7470703125 0.798828125 0.7255859375 0.794921875 0.703125 0.8076171875 0.701171875 0.8291015625 0.71875 0.8583984375
2 0.9013671875 0.697265625 0.8837890625 0.68359375 0.8681640625 0.68359375 0.849609375 0.7099609375 0.8642578125 0.73046875 0.8818359375 0.73046875 0.896484375 0.7216796875 0.9013671875 0.697265625
2 0.6533203125 0.6796875 0.662109375 0.6728515625 0.6611328125 0.6484375 0.6416015625 0.6328125 0.6220703125 0.630859375 0.611328125 0.6474609375 0.611328125 0.6591796875 0.6298828125 0.6796875 0.6533203125 0.6796875
2 0.658203125 0.2783203125 0.6787109375 0.2890625 0.7099609375 0.28515625 0.72265625 0.2705078125 0.7216796875 0.255859375 0.7109375 0.2353515625 0.6943359375 0.228515625 0.6669921875 0.232421875 0.65234375 0.2529296875 0.658203125 0.2783203125
2 0.5517578125 0.248046875 0.572265625 0.2314453125 0.5732421875 0.203125 0.5595703125 0.18359375 0.5263671875 0.17578125 0.5 0.1923828125 0.5 0.2314453125 0.5341796875 0.248046875 0.5517578125 0.248046875
2 0.5341796875 0.5 0.546875 0.4755859375 0.5458984375 0.44921875 0.5400390625 0.44140625 0.5068359375 0.44140625 0.48828125 0.4658203125 0.490234375 0.4814453125 0.5107421875 0.5 0.5341796875 0.5
2 0.3515625 0.2021484375 0.3720703125 0.22265625 0.4072265625 0.216796875 0.416015625 0.2021484375 0.4150390625 0.19140625 0.408203125 0.1728515625 0.3876953125 0.162109375 0.3701171875 0.162109375 0.349609375 0.1748046875 0.3515625 0.2021484375
2 0.6494140625 0.171875 0.66015625 0.1630859375 0.6591796875 0.1484375 0.6533203125 0.12109375 0.6162109375 0.119140625 0.603515625 0.1357421875 0.60546875 0.1591796875 0.6162109375 0.169921875 0.6494140625 0.171875
2 0.212890625 0.6318359375 0.2294921875 0.642578125 0.2529296875 0.640625 0.267578125 0.6240234375 0.2685546875 0.599609375 0.263671875 0.5888671875 0.2431640625 0.57421875 0.2216796875 0.58203125 0.2109375 0.6025390625 0.212890625 0.6318359375
2 0.3662109375 0.669921875 0.388671875 0.6611328125 0.3916015625 0.6328125 0.3798828125 0.6171875 0.3583984375 0.6171875 0.33984375 0.6318359375 0.337890625 0.6474609375 0.3486328125 0.662109375 0.3662109375 0.669921875
2 0.1357421875 0.95703125 0.119140625 0.9775390625 0.1171875 0.9990234375 0.1826171875 1 0.1826171875 0.9765625 0.1669921875 0.95703125 0.1357421875 0.95703125
2 0.357421875 0.9619140625 0.3720703125 0.98046875 0.4013671875 0.986328125 0.421875 0.9697265625 0.4228515625 0.953125 0.421875 0.9423828125 0.4091796875 0.927734375 0.3798828125 0.921875 0.36328125 0.9306640625 0.357421875 0.9619140625
2 0.5341796875 0.8671875 0.5546875 0.8564453125 0.5634765625 0.830078125 0.5478515625 0.8046875 0.5224609375 0.802734375 0.50390625 0.8154296875 0.498046875 0.8486328125 0.5107421875 0.8671875 0.5341796875 0.8671875
2 0.2880859375 0.1171875 0.314453125 0.1025390625 0.3193359375 0.078125 0.3076171875 0.0546875 0.2744140625 0.05078125 0.25390625 0.0654296875 0.25390625 0.0947265625 0.2646484375 0.11328125 0.2880859375 0.1171875
2 0.17578125 0.1982421875 0.177734375 0.2236328125 0.1884765625 0.236328125 0.2099609375 0.244140625 0.2236328125 0.244140625 0.234375 0.2353515625 0.2412109375 0.2109375 0.23828125 0.1962890625 0.2119140625 0.173828125 0.1943359375 0.1796875 0.17578125 0.1982421875
2 0.0126953125 0 0.009765625 0.0048828125 0.0146484375 0.046875 0.0595703125 0.046875 0.068359375 0.0380859375 0.0693359375 0.021484375 0.0654296875 0 0.0126953125 0
2 0.7001953125 0.40625 0.697265625 0.4365234375 0.7021484375 0.44140625 0.7158203125 0.439453125 0.7197265625 0.419921875 0.7138671875 0.40625 0.7001953125 0.40625
2 0.7099609375 0.572265625 0.6865234375 0.5546875 0.6689453125 0.55078125 0.66015625 0.5595703125 0.6650390625 0.572265625 0.6923828125 0.58203125 0.7099609375 0.578125 0.7099609375 0.572265625
2 0.7158203125 0.529296875 0.7041015625 0.51953125 0.6943359375 0.51953125 0.671875 0.5361328125 0.669921875 0.5458984375 0.6962890625 0.5546875 0.712890625 0.5439453125 0.7158203125 0.529296875
2 0.880859375 0.3330078125 0.876953125 0.3662109375 0.8818359375 0.37109375 0.900390625 0.3623046875 0.9052734375 0.337890625 0.8955078125 0.328125 0.880859375 0.3330078125
2 0.4462890625 0.826171875 0.45703125 0.8173828125 0.4658203125 0.78125 0.46484375 0.7705078125 0.4580078125 0.765625 0.4462890625 0.767578125 0.439453125 0.7763671875 0.435546875 0.8056640625 0.4462890625 0.826171875
2 0.5322265625 0.73828125 0.5146484375 0.734375 0.4970703125 0.744140625 0.4765625 0.7607421875 0.4765625 0.7705078125 0.4873046875 0.7734375 0.5302734375 0.75390625 0.5322265625 0.73828125
2 0.8701171875 0.25 0.8828125 0.2353515625 0.8837890625 0.21484375 0.8759765625 0.201171875 0.8544921875 0.201171875 0.837890625 0.2216796875 0.84765625 0.2451171875 0.8583984375 0.251953125 0.8701171875 0.25
2 0.4658203125 0.33984375 0.4697265625 0.326171875 0.4482421875 0.31640625 0.439453125 0.3310546875 0.4462890625 0.33984375 0.4658203125 0.33984375
2 0.3427734375 0 0.33984375 0.0107421875 0.3564453125 0.01953125 0.37109375 0.0087890625 0.3720703125 0 0.3427734375 0