2 0.4814453125 0.568359375 0.466796875 0.5869140625 0.466796875 0.6103515625 0.4755859375 0.62109375 0.5068359375 0.62109375 0.5205078125 0.6015625 0.521484375 0.5791015625 0.5087890625 0.560546875 0.4814453125 0.568359375
2 0.3349609375 0.76953125 0.322265625 0.7822265625 0.32421875 0.8134765625 0.3408203125 0.82421875 0.3720703125 0.81640625 0.3818359375 0.802734375 0.380859375 0.7861328125 0.3564453125 0.767578125 0.3349609375 0.76953125
2 0.201171875 0.5439453125 0.1953125 0.5693359375 0.2060546875 0.5859375 0.2275390625 0.591796875 0.25 0.5751953125 0.2548828125 0.55859375 0.2412109375 0.53515625 0.2216796875 0.52734375 0.201171875 0.5439453125
2 0.3486328125 0.421875 0.333984375 0.4462890625 0.3359375 0.4599609375 0.3505859375 0.478515625 0.3818359375 0.47265625 0.3955078125 0.453125 0.388671875 0.4248046875 0.3720703125 0.41796875 0.3486328125 0.421875
2 0.3505859375 0.283203125 0.330078125 0.3017578125 0.33203125 0.3291015625 0.3447265625 0.33984375 0.3681640625 0.341796875 0.3955078125 0.32421875 0.39453125 0.3017578125 0.3779296875 0.283203125 0.3505859375 0.283203125
2 0.51953125 0.2490234375 0.5078125 0.2763671875 0.5205078125 0.29296875 0.5478515625 0.296875 0.5673828125 0.275390625 0.568359375 0.2490234375 0.5400390625 0.240234375 0.51953125 0.2490234375
2 0.5634765625 0.400390625 0.546875 0.4287109375 0.548828125 0.4462890625 0.5751953125 0.466796875 0.6064453125 0.45703125 0.6142578125 0.439453125 0.615234375 0.4306640625 0.5869140625 0.3984375 0.5634765625 0.400390625
2 0.8056640625 0.22265625 0.7890625 0.2431640625 0.794921875 0.2666015625 0.8154296875 0.28125 0.8291015625 0.28125 0.8525390625 0.2578125 0.849609375 0.2373046875 0.8291015625 0.220703125 0.8056640625 0.22265625
2 0.8818359375 0.072265625 0.869140625 0.0869140625 0.869140625 0.1044921875 0.8779296875 0.12109375 0.9130859375 0.12109375 0.9248046875 0.103515625 0.92578125 0.0869140625 0.9111328125 0.068359375 0.8818359375 0.072265625
2 0.9033203125 0.017578125 0.892578125 0.0341796875 0.90234375 0.0615234375 0.9130859375 0.068359375 0.9345703125 0.064453125 0.943359375 0.0576171875 0.9462890625 0.044921875 0.9453125 0.0263671875 0.9287109375 0.013671875 0.9033203125 0.017578125
2 0.9345703125 0.216796875 0.91015625 0.2431640625 0.9150390625 0.2578125 0.9365234375 0.265625 0.9755859375 0.26171875 0.9853515625 0.248046875 0.9765625 0.2158203125 0.9638671875 0.212890625 0.9345703125 0.216796875
2 0.8818359375 0.494140625 0.8662109375 0.484375 0.8427734375 0.484375 0.8017578125 0.509765625 0.7880859375 0.50390625 0.771484375 0.5166015625 0.7939453125 0.53515625 0.8271484375 0.541015625 0.8779296875 0.529296875 0.9052734375 0.513671875 0.90234375 0.5009765625 0.8935546875 0.494140625 0.8818359375 0.494140625
2 0.78515625 0.6982421875 0.78125 0.7255859375 0.7919921875 0.736328125 0.8193359375 0.73828125 0.8359375 0.7294921875 0.8408203125 0.71484375 0.83984375 0.7001953125 0.8095703125 0.681640625 0.78515625 0.6982421875
2 0.7373046875 0.912109375 0.716796875 0.9267578125 0.716796875 0.9599609375 0.7314453125 0.974609375 0.7626953125 0.97265625 0.7744140625 0.953125 0.771484375 0.9287109375 0.7529296875 0.9140625 0.7373046875 0.912109375
2 0.4609375 0.9794921875 0.45703125 0.9990234375 0.4833984375 1 0.4912109375 0.990234375 0.4892578125 0.9765625 0.4716796875 0.974609375 0.4609375 0.9794921875
2 0.07421875 0.5791015625 0.068359375 0.6044921875 0.0849609375 0.62109375 0.1123046875 0.619140625 0.1318359375 0.58984375 0.1279296875 0.572265625 0.0927734375 0.5703125 0.07421875 0.5791015625
2 0.0869140625 0.08203125 0.068359375 0.1064453125 0.076171875 0.1357421875 0.0888671875 0.140625 0.1240234375 0.12890625 0.1298828125 0.115234375 0.130859375 0.0986328125 0.1103515625 0.08203125 0.0869140625 0.08203125
2 0.4052734375 0.009765625 0.388671875 0.0283203125 0.390625 0.0478515625 0.4072265625 0.064453125 0.4365234375 0.0625 0.4501953125 0.04296875 0.447265625 0.0166015625 0.4287109375 0.005859375 0.4052734375 0.009765625