2 0.2783203125 0.361328125 0.30078125 0.3486328125 0.30078125 0.3115234375 0.2783203125 0.28125 0.2392578125 0.28125 0.2265625 0.2919921875 0.2197265625 0.314453125 0.228515625 0.3427734375 0.2470703125 0.359375 0.2783203125 0.361328125
2 0.7861328125 0.28125 0.79296875 0.2685546875 0.7685546875 0.2578125 0.7353515625 0.28125 0.734375 0.2939453125 0.7470703125 0.296875 0.7861328125 0.28125
2 0.810546875 0.7314453125 0.8330078125 0.732421875 0.84375 0.7080078125 0.83984375 0.6943359375 0.8330078125 0.6875 0.7919921875 0.685546875 0.791015625 0.6962890625 0.806640625 0.7099609375 0.810546875 0.7314453125
2 0.5244140625 0.859375 0.53125 0.7998046875 0.5185546875 0.794921875 0.5048828125 0.818359375 0.505859375 0.8427734375 0.5166015625 0.859375 0.5244140625 0.859375
2 0.5244140625 0.912109375 0.5185546875 0.931640625 0.5185546875 0.953125 0.560546875 0.9482421875 0.5244140625 0.912109375
2 0.3017578125 0.630859375 0.31640625 0.6259765625 0.2900390625 0.5859375 0.2763671875 0.599609375 0.279296875 0.6162109375 0.2880859375 0.625 0.3017578125 0.630859375
2 0.162109375 0.4150390625 0.16015625 0.3955078125 0.1416015625 0.38671875 0.1376953125 0.41015625 0.138671875 0.4228515625 0.1513671875 0.427734375 0.162109375 0.4150390625
2 0.171875 0.4794921875 0.171875 0.4658203125 0.1630859375 0.451171875 0.1416015625 0.455078125 0.1337890625 0.462890625 0.1328125 0.4775390625 0.1396484375 0.48828125 0.171875 0.4794921875
2 0.1279296875 0.478515625 0.1142578125 0.47265625 0.0888671875 0.47265625 0.0810546875 0.478515625 0.0966796875 0.501953125 0.130859375 0.4892578125 0.1279296875 0.478515625
2 0.2138671875 0.7890625 0.2021484375 0.798828125 0.2060546875 0.8125 0.2265625 0.8076171875 0.2138671875 0.7890625
2 0.2802734375 0.98046875 0.291015625 0.9755859375 0.2763671875 0.955078125 0.2333984375 0.94140625 0.2216796875 0.9453125 0.220703125 0.9560546875 0.2431640625 0.9765625 0.2802734375 0.98046875
2 0.376953125 0.9541015625 0.3671875 0.9384765625 0.3662109375 0.900390625 0.353515625 0.9033203125 0.3486328125 0.92578125 0.35546875 0.9541015625 0.3740234375 0.962890625 0.376953125 0.9541015625
2 0.556640625 0.2490234375 0.556640625 0.2197265625 0.5341796875 0.205078125 0.5244140625 0.216796875 0.529296875 0.2490234375 0.5458984375 0.265625 0.556640625 0.2490234375
2 0.3291015625 0.72265625 0.388671875 0.7255859375 0.390625 0.6865234375 0.3857421875 0.681640625 0.3408203125 0.671875 0.3212890625 0.68359375 0.322265625 0.7041015625 0.33203125 0.7158203125 0.3291015625 0.72265625
2 0.2333984375 0.58984375 0.240234375 0.5771484375 0.2158203125 0.552734375 0.1669921875 0.572265625 0.1748046875 0.587890625 0.1943359375 0.59375 0.2333984375 0.58984375
2 0.111328125 0.5908203125 0.1083984375 0.55078125 0.0869140625 0.55078125 0.0751953125 0.568359375 0.0771484375 0.59375 0.1025390625 0.59765625 0.111328125 0.5908203125
2 0.0771484375 0.095703125 0.083984375 0.0986328125 0.08984375 0.0732421875 0.0810546875 0.0546875 0.0771484375 0.060546875 0.0634765625 0.044921875 0.0517578125 0.041015625 0.04296875 0.0673828125 0.0302734375 0.080078125 0.0400390625 0.099609375 0.0595703125 0.103515625 0.0771484375 0.095703125
2 0.662109375 0.4052734375 0.66015625 0.3701171875 0.6533203125 0.36328125 0.6357421875 0.36328125 0.6279296875 0.369140625 0.63671875 0.3935546875 0.6572265625 0.412109375 0.662109375 0.4052734375
2 0.0439453125 0.693359375 0.0546875 0.6787109375 0.0546875 0.6650390625 0.0478515625 0.658203125 0.0341796875 0.658203125 0.0029296875 0.6796875 0.00390625 0.6904296875 0.0126953125 0.6953125 0.0439453125 0.693359375