2 0.9072265625 0.87109375 0.908203125 0.8896484375 0.9345703125 0.9140625 0.95703125 0.8994140625 0.96484375 0.8837890625 0.9609375 0.8544921875 0.9423828125 0.841796875 0.9189453125 0.84765625 0.908203125 0.8603515625 0.9072265625 0.87109375
2 0.9072265625 0.736328125 0.9013671875 0.755859375 0.908203125 0.7841796875 0.9248046875 0.7890625 0.9482421875 0.78515625 0.958984375 0.7646484375 0.94921875 0.7412109375 0.9306640625 0.73046875 0.9072265625 0.736328125
2 0.9189453125 0.1875 0.9013671875 0.2109375 0.90625 0.2373046875 0.9326171875 0.25390625 0.9560546875 0.240234375 0.966796875 0.2216796875 0.9609375 0.1943359375 0.9482421875 0.185546875 0.9189453125 0.1875
2 0.7490234375 0.529296875 0.7392578125 0.54296875 0.740234375 0.5634765625 0.7548828125 0.572265625 0.7724609375 0.572265625 0.78515625 0.5537109375 0.78515625 0.5400390625 0.7724609375 0.52734375 0.7490234375 0.529296875
2 0.7138671875 0.5625 0.6904296875 0.583984375 0.6923828125 0.6015625 0.7041015625 0.609375 0.7236328125 0.609375 0.736328125 0.5966796875 0.73828125 0.5791015625 0.7314453125 0.568359375 0.7138671875 0.5625
2 0.6298828125 0.625 0.6123046875 0.646484375 0.615234375 0.6728515625 0.6318359375 0.685546875 0.6552734375 0.681640625 0.671875 0.6611328125 0.669921875 0.6376953125 0.6513671875 0.623046875 0.6298828125 0.625
2 0.7080078125 0.90625 0.6845703125 0.904296875 0.6689453125 0.91796875 0.6728515625 0.951171875 0.7001953125 0.953125 0.712890625 0.9462890625 0.71484375 0.9189453125 0.7080078125 0.90625
2 0.5283203125 0.880859375 0.5205078125 0.89453125 0.521484375 0.9169921875 0.5400390625 0.935546875 0.5654296875 0.93359375 0.5859375 0.9111328125 0.58203125 0.8876953125 0.5576171875 0.869140625 0.5283203125 0.880859375
2 0.6552734375 0.15234375 0.6298828125 0.169921875 0.62890625 0.1943359375 0.6416015625 0.212890625 0.6748046875 0.21484375 0.689453125 0.2060546875 0.69140625 0.1708984375 0.6826171875 0.158203125 0.6552734375 0.15234375
2 0.5654296875 0.31640625 0.56640625 0.3427734375 0.5732421875 0.3515625 0.6103515625 0.353515625 0.623046875 0.3388671875 0.625 0.3134765625 0.6064453125 0.29296875 0.5869140625 0.29296875 0.5712890625 0.30078125 0.5654296875 0.31640625
2 0.4267578125 0.19140625 0.4052734375 0.212890625 0.404296875 0.2333984375 0.4248046875 0.248046875 0.4580078125 0.2421875 0.46875 0.2294921875 0.46875 0.2099609375 0.4580078125 0.189453125 0.4267578125 0.19140625
2 0.3818359375 0.04296875 0.3662109375 0.060546875 0.369140625 0.0869140625 0.3935546875 0.103515625 0.4130859375 0.09765625 0.427734375 0.0771484375 0.42578125 0.0517578125 0.4150390625 0.04296875 0.3818359375 0.04296875
2 0.498046875 0.0771484375 0.4833984375 0.076171875 0.4677734375 0.095703125 0.466796875 0.1025390625 0.4755859375 0.109375 0.4912109375 0.10546875 0.498046875 0.0986328125 0.498046875 0.0771484375
2 0.8154296875 0.412109375 0.80078125 0.4208984375 0.7958984375 0.43359375 0.8017578125 0.451171875 0.8115234375 0.44921875 0.849609375 0.4033203125 0.8251953125 0.396484375 0.8154296875 0.412109375
2 0.27734375 0.6025390625 0.28515625 0.6201171875 0.2919921875 0.625 0.3115234375 0.619140625 0.333984375 0.5966796875 0.3359375 0.5576171875 0.3232421875 0.548828125 0.2998046875 0.55078125 0.279296875 0.5712890625 0.2783203125 0.58203125 0.27734375 0.6025390625
2 0.44140625 0.6181640625 0.443359375 0.6005859375 0.4287109375 0.59375 0.4169921875 0.603515625 0.41796875 0.6220703125 0.4267578125 0.634765625 0.44140625 0.6181640625
2 0.3349609375 0.890625 0.3193359375 0.9140625 0.326171875 0.9384765625 0.3447265625 0.94921875 0.3701171875 0.943359375 0.3828125 0.9228515625 0.3828125 0.9091796875 0.3583984375 0.884765625 0.3349609375 0.890625
2 0.2158203125 0.70703125 0.2001953125 0.72265625 0.20703125 0.7568359375 0.2138671875 0.763671875 0.2392578125 0.765625 0.259765625 0.7470703125 0.26171875 0.7138671875 0.2529296875 0.703125 0.2158203125 0.70703125
2 0.0458984375 0.802734375 0.0341796875 0.8203125 0.037109375 0.8447265625 0.0478515625 0.861328125 0.0751953125 0.86328125 0.091796875 0.8466796875 0.091796875 0.8193359375 0.0712890625 0.80078125 0.0458984375 0.802734375
2 0.0498046875 0.68359375 0.0517578125 0.6953125 0.0673828125 0.697265625 0.0791015625 0.7109375 0.1044921875 0.712890625 0.123046875 0.7021484375 0.130859375 0.6689453125 0.1005859375 0.65234375 0.0556640625 0.66796875 0.0498046875 0.68359375
2 0.1591796875 0.470703125 0.16015625 0.4990234375 0.1728515625 0.517578125 0.2080078125 0.515625 0.228515625 0.4912109375 0.2265625 0.4755859375 0.21484375 0.4599609375 0.1943359375 0.44921875 0.1689453125 0.455078125 0.1591796875 0.470703125
2 0.0263671875 0.30078125 0.0107421875 0.322265625 0.01171875 0.3525390625 0.0263671875 0.361328125 0.0537109375 0.359375 0.07421875 0.3369140625 0.068359375 0.3095703125 0.0498046875 0.30078125 0.0263671875 0.30078125