2 0.6171875 0.3740234375 0.623046875 0.4033203125 0.6455078125 0.416015625 0.6787109375 0.408203125 0.6826171875 0.39453125 0.6796875 0.3681640625 0.6630859375 0.3515625 0.6376953125 0.353515625 0.6171875 0.3740234375
2 0.2470703125 0.953125 0.24609375 0.9228515625 0.2236328125 0.880859375 0.1943359375 0.869140625 0.14453125 0.8837890625 0.13671875 0.9072265625 0.13671875 0.9326171875 0.158203125 0.9560546875 0.1591796875 0.974609375 0.2001953125 0.974609375 0.2275390625 0.9609375 0.2412109375 0.9609375 0.2470703125 0.953125
2 0.181640625 0.7255859375 0.18359375 0.7158203125 0.1748046875 0.70703125 0.1611328125 0.7109375 0.13671875 0.7353515625 0.1328125 0.7490234375 0.13671875 0.7724609375 0.1552734375 0.78515625 0.1826171875 0.783203125 0.193359375 0.7705078125 0.1943359375 0.755859375 0.181640625 0.7255859375
2 0.1298828125 0.310546875 0.1103515625 0.306640625 0.0986328125 0.310546875 0.0693359375 0.337890625 0.064453125 0.3525390625 0.1064453125 0.369140625 0.1240234375 0.369140625 0.14453125 0.3544921875 0.1455078125 0.3359375 0.142578125 0.3232421875 0.1298828125 0.310546875
2 0.103515625 0.6162109375 0.1142578125 0.630859375 0.1240234375 0.6328125 0.1484375 0.6162109375 0.1474609375 0.599609375 0.1396484375 0.591796875 0.1181640625 0.58984375 0.103515625 0.6064453125 0.103515625 0.6162109375
2 0.298828125 0.5537109375 0.3193359375 0.580078125 0.3388671875 0.583984375 0.361328125 0.5712890625 0.3623046875 0.5390625 0.3603515625 0.529296875 0.3251953125 0.51953125 0.306640625 0.5302734375 0.298828125 0.5537109375
2 0.23828125 0.4462890625 0.2607421875 0.462890625 0.2783203125 0.4609375 0.287109375 0.4501953125 0.2880859375 0.4140625 0.2744140625 0.400390625 0.2470703125 0.400390625 0.234375 0.4287109375 0.23828125 0.4462890625
2 0.2451171875 0.921875 0.224609375 0.8818359375 0.1982421875 0.869140625 0.1474609375 0.880859375 0.13671875 0.9072265625 0.13671875 0.9326171875 0.15625 0.9521484375 0.15625 0.9716796875 0.1630859375 0.9765625 0.2001953125 0.974609375 0.2275390625 0.9609375 0.2451171875 0.958984375 0.2451171875 0.921875
2 0.412109375 0.9033203125 0.416015625 0.9248046875 0.4306640625 0.939453125 0.4482421875 0.9453125 0.4619140625 0.9453125 0.470703125 0.9365234375 0.4697265625 0.908203125 0.4443359375 0.884765625 0.4208984375 0.888671875 0.412109375 0.9033203125
2 0.283203125 0.7490234375 0.2978515625 0.767578125 0.3212890625 0.771484375 0.333984375 0.7646484375 0.3447265625 0.740234375 0.3310546875 0.71484375 0.3017578125 0.712890625 0.291015625 0.7197265625 0.283203125 0.7490234375
2 0.6865234375 0.982421875 0.701171875 0.9658203125 0.7001953125 0.9453125 0.6787109375 0.9296875 0.6640625 0.9384765625 0.65234375 0.9580078125 0.6669921875 0.978515625 0.6865234375 0.982421875
2 0.5224609375 0.578125 0.5458984375 0.568359375 0.5595703125 0.53125 0.5380859375 0.51953125 0.5087890625 0.525390625 0.498046875 0.5419921875 0.5078125 0.5751953125 0.5224609375 0.578125
2 0.796875 0.7470703125 0.8134765625 0.7578125 0.8310546875 0.751953125 0.8359375 0.7451171875 0.8349609375 0.720703125 0.8291015625 0.712890625 0.8017578125 0.708984375 0.7890625 0.7255859375 0.796875 0.7470703125
2 0.607421875 0.1611328125 0.6240234375 0.173828125 0.6611328125 0.173828125 0.673828125 0.1533203125 0.6728515625 0.138671875 0.6611328125 0.11328125 0.6416015625 0.111328125 0.6171875 0.1298828125 0.607421875 0.1611328125
2 0.21484375 0.0478515625 0.2060546875 0.0390625 0.1728515625 0.041015625 0.15625 0.0615234375 0.162109375 0.0927734375 0.1728515625 0.1015625 0.2060546875 0.09765625 0.220703125 0.0830078125 0.2216796875 0.07421875 0.21484375 0.0634765625 0.21484375 0.0478515625
2 0.7509765625 0.234375 0.7685546875 0.228515625 0.7744140625 0.2109375 0.7685546875 0.203125 0.7568359375 0.203125 0.7421875 0.2177734375 0.7421875 0.2275390625 0.7509765625 0.234375
2 0.904296875 0.5205078125 0.9130859375 0.54296875 0.9287109375 0.548828125 0.9404296875 0.5390625 0.9248046875 0.51953125 0.904296875 0.5205078125
2 0.494140625 0.3388671875 0.5126953125 0.35546875 0.5283203125 0.35546875 0.53515625 0.3505859375 0.5400390625 0.328125 0.53515625 0.3095703125 0.5185546875 0.30078125 0.49609375 0.3193359375 0.494140625 0.3388671875