2 0.5185546875 0.431640625 0.533203125 0.4130859375 0.533203125 0.3896484375 0.5244140625 0.37890625 0.4931640625 0.37890625 0.4794921875 0.3984375 0.478515625 0.4208984375 0.4912109375 0.439453125 0.5185546875 0.431640625
2 0.6650390625 0.23046875 0.677734375 0.2177734375 0.67578125 0.1865234375 0.6591796875 0.17578125 0.6279296875 0.18359375 0.6181640625 0.197265625 0.619140625 0.2138671875 0.6435546875 0.232421875 0.6650390625 0.23046875
2 0.798828125 0.4560546875 0.8046875 0.4306640625 0.7939453125 0.4140625 0.7724609375 0.408203125 0.75 0.4248046875 0.7451171875 0.44140625 0.7587890625 0.46484375 0.7783203125 0.47265625 0.798828125 0.4560546875
2 0.6513671875 0.578125 0.666015625 0.5537109375 0.6640625 0.5400390625 0.6494140625 0.521484375 0.6181640625 0.52734375 0.6044921875 0.546875 0.611328125 0.5751953125 0.6279296875 0.58203125 0.6513671875 0.578125
2 0.6494140625 0.716796875 0.669921875 0.6982421875 0.66796875 0.6708984375 0.6552734375 0.66015625 0.6318359375 0.658203125 0.6044921875 0.67578125 0.60546875 0.6982421875 0.6220703125 0.716796875 0.6494140625 0.716796875
2 0.48046875 0.7509765625 0.4921875 0.7236328125 0.4794921875 0.70703125 0.4521484375 0.703125 0.4326171875 0.724609375 0.431640625 0.7509765625 0.4599609375 0.759765625 0.48046875 0.7509765625
2 0.4365234375 0.599609375 0.453125 0.5712890625 0.451171875 0.5537109375 0.4248046875 0.533203125 0.3935546875 0.54296875 0.3857421875 0.560546875 0.384765625 0.5693359375 0.4130859375 0.6015625 0.4365234375 0.599609375
2 0.1943359375 0.77734375 0.2109375 0.7568359375 0.205078125 0.7333984375 0.1845703125 0.71875 0.1708984375 0.71875 0.1474609375 0.7421875 0.150390625 0.7626953125 0.1708984375 0.779296875 0.1943359375 0.77734375
2 0.1181640625 0.927734375 0.130859375 0.9130859375 0.130859375 0.8955078125 0.1220703125 0.87890625 0.0869140625 0.87890625 0.0751953125 0.896484375 0.07421875 0.9130859375 0.0888671875 0.931640625 0.1181640625 0.927734375
2 0.0966796875 0.982421875 0.107421875 0.9658203125 0.09765625 0.9384765625 0.0869140625 0.931640625 0.0654296875 0.935546875 0.056640625 0.9423828125 0.0537109375 0.955078125 0.0546875 0.9736328125 0.0712890625 0.986328125 0.0966796875 0.982421875
2 0.0654296875 0.783203125 0.08984375 0.7568359375 0.0849609375 0.7421875 0.0634765625 0.734375 0.0244140625 0.73828125 0.0146484375 0.751953125 0.0234375 0.7841796875 0.0361328125 0.787109375 0.0654296875 0.783203125
2 0.1181640625 0.505859375 0.1337890625 0.515625 0.1572265625 0.515625 0.1982421875 0.490234375 0.2119140625 0.49609375 0.228515625 0.4833984375 0.2060546875 0.46484375 0.1728515625 0.458984375 0.1220703125 0.470703125 0.0947265625 0.486328125 0.09765625 0.4990234375 0.1064453125 0.505859375 0.1181640625 0.505859375
2 0.21484375 0.3017578125 0.21875 0.2744140625 0.2080078125 0.263671875 0.1806640625 0.26171875 0.1640625 0.2705078125 0.1591796875 0.28515625 0.16015625 0.2998046875 0.1904296875 0.318359375 0.21484375 0.3017578125
2 0.2626953125 0.087890625 0.283203125 0.0732421875 0.283203125 0.0400390625 0.2685546875 0.025390625 0.2373046875 0.02734375 0.2255859375 0.046875 0.228515625 0.0712890625 0.2470703125 0.0859375 0.2626953125 0.087890625
2 0.5390625 0.0205078125 0.54296875 0.0009765625 0.5166015625 0 0.5087890625 0.009765625 0.5107421875 0.0234375 0.5283203125 0.025390625 0.5390625 0.0205078125
2 0.92578125 0.4208984375 0.931640625 0.3955078125 0.9150390625 0.37890625 0.8876953125 0.380859375 0.8681640625 0.41015625 0.8720703125 0.427734375 0.9072265625 0.4296875 0.92578125 0.4208984375
2 0.9130859375 0.91796875 0.931640625 0.8935546875 0.923828125 0.8642578125 0.9111328125 0.859375 0.8759765625 0.87109375 0.8701171875 0.884765625 0.869140625 0.9013671875 0.8896484375 0.91796875 0.9130859375 0.91796875
2 0.5947265625 0.990234375 0.611328125 0.9716796875 0.609375 0.9521484375 0.5927734375 0.935546875 0.5634765625 0.9375 0.5498046875 0.95703125 0.552734375 0.9833984375 0.5712890625 0.994140625 0.5947265625 0.990234375