2 0.669921875 0.0693359375 0.66796875 0.0498046875 0.6474609375 0.029296875 0.6240234375 0.03515625 0.599609375 0.0712890625 0.630859375 0.0908203125 0.6591796875 0.0859375 0.669921875 0.0693359375
2 0.6630859375 0.0234375 0.67578125 0.0126953125 0.677734375 0.0009765625 0.6240234375 0 0.623046875 0.0087890625 0.638671875 0.0244140625 0.6630859375 0.0234375
2 0.2470703125 0.16796875 0.2138671875 0.1640625 0.203125 0.1826171875 0.205078125 0.2021484375 0.2197265625 0.220703125 0.234375 0.2236328125 0.2705078125 0.216796875 0.27734375 0.2080078125 0.248046875 0.1943359375 0.2470703125 0.16796875
2 0.53515625 0.4267578125 0.5185546875 0.41015625 0.4892578125 0.427734375 0.484375 0.4384765625 0.48828125 0.4638671875 0.5 0.4697265625 0.5224609375 0.46875 0.5390625 0.4541015625 0.53515625 0.4267578125
2 0.1455078125 0.41796875 0.1357421875 0.41796875 0.126953125 0.4267578125 0.126953125 0.4365234375 0.130859375 0.4482421875 0.14453125 0.4580078125 0.158203125 0.4521484375 0.16015625 0.4287109375 0.1455078125 0.41796875
2 0.087890625 0.2666015625 0.0654296875 0.25390625 0.0517578125 0.259765625 0.041015625 0.2763671875 0.046875 0.3056640625 0.060546875 0.3095703125 0.0751953125 0.306640625 0.08984375 0.2880859375 0.087890625 0.2666015625
2 0.365234375 0.3154296875 0.3583984375 0.30859375 0.3369140625 0.310546875 0.322265625 0.3232421875 0.3203125 0.3447265625 0.33984375 0.3603515625 0.3544921875 0.35546875 0.365234375 0.3408203125 0.365234375 0.3154296875
2 0.923828125 0.5048828125 0.923828125 0.4697265625 0.9052734375 0.4453125 0.873046875 0.4619140625 0.875 0.5009765625 0.884765625 0.5107421875 0.9169921875 0.51171875 0.923828125 0.5048828125
2 0.78515625 0.5751953125 0.7744140625 0.564453125 0.7451171875 0.56640625 0.73046875 0.5810546875 0.734375 0.6201171875 0.755859375 0.6298828125 0.7822265625 0.625 0.78515625 0.6181640625 0.78515625 0.5751953125
2 0.5771484375 0.56640625 0.5517578125 0.560546875 0.53515625 0.5751953125 0.529296875 0.5947265625 0.5439453125 0.615234375 0.556640625 0.6220703125 0.5673828125 0.623046875 0.58203125 0.6123046875 0.58984375 0.5869140625 0.5771484375 0.56640625
2 0.310546875 0.5498046875 0.302734375 0.5673828125 0.302734375 0.5791015625 0.3125 0.5908203125 0.3125 0.6103515625 0.322265625 0.6220703125 0.337890625 0.6142578125 0.33984375 0.5966796875 0.357421875 0.5849609375 0.353515625 0.5556640625 0.3447265625 0.544921875 0.3271484375 0.5390625 0.310546875 0.5498046875
2 0.63671875 0.4169921875 0.63671875 0.4033203125 0.6259765625 0.392578125 0.609375 0.3974609375 0.609375 0.4111328125 0.6171875 0.4228515625 0.6279296875 0.423828125 0.63671875 0.4169921875
2 0.474609375 0.8212890625 0.4697265625 0.80078125 0.4501953125 0.798828125 0.43359375 0.8095703125 0.431640625 0.8271484375 0.443359375 0.8349609375 0.4599609375 0.833984375 0.474609375 0.8212890625
2 0.716796875 0.8154296875 0.7119140625 0.8046875 0.6787109375 0.8046875 0.666015625 0.8115234375 0.66796875 0.8505859375 0.677734375 0.8583984375 0.7109375 0.8447265625 0.716796875 0.8154296875
2 0.83984375 0.7958984375 0.837890625 0.7783203125 0.8291015625 0.771484375 0.7998046875 0.77734375 0.796875 0.7958984375 0.806640625 0.8037109375 0.8349609375 0.802734375 0.83984375 0.7958984375
2 0.830078125 0.9208984375 0.8173828125 0.90234375 0.8076171875 0.900390625 0.796875 0.9072265625 0.794921875 0.9169921875 0.80859375 0.9384765625 0.8251953125 0.935546875 0.830078125 0.9208984375
2 0.216796875 0.8427734375 0.2060546875 0.83203125 0.1845703125 0.83203125 0.16796875 0.8505859375 0.173828125 0.8779296875 0.193359375 0.8935546875 0.20703125 0.8896484375 0.21875 0.8603515625 0.216796875 0.8427734375
2 0.41015625 0.9990234375 0.4462890625 1 0.447265625 0.9931640625 0.4267578125 0.974609375 0.419921875 0.9775390625 0.41015625 0.9990234375
2 0.751953125 0.4755859375 0.7236328125 0.4609375 0.712890625 0.4658203125 0.7109375 0.4912109375 0.705078125 0.4970703125 0.716796875 0.5126953125 0.7392578125 0.513671875 0.759765625 0.5029296875 0.751953125 0.4755859375
2 0.1064453125 0.61328125 0.11328125 0.6005859375 0.0927734375 0.568359375 0.0791015625 0.572265625 0.072265625 0.5830078125 0.09375 0.6181640625 0.1064453125 0.61328125