2 0.7861328125 0.806640625 0.7763671875 0.7890625 0.7548828125 0.7890625 0.740234375 0.8076171875 0.740234375 0.8251953125 0.7509765625 0.837890625 0.7724609375 0.837890625 0.78515625 0.8271484375 0.7861328125 0.806640625
2 0.9111328125 0.8984375 0.921875 0.8935546875 0.9248046875 0.87890625 0.8974609375 0.845703125 0.876953125 0.8408203125 0.88671875 0.8681640625 0.9111328125 0.8984375
2 0.6630859375 0.404296875 0.6572265625 0.388671875 0.6435546875 0.388671875 0.5966796875 0.423828125 0.595703125 0.4326171875 0.6103515625 0.44140625 0.6318359375 0.44140625 0.662109375 0.4208984375 0.6630859375 0.404296875
2 0.451171875 0.3251953125 0.451171875 0.3427734375 0.4736328125 0.359375 0.4951171875 0.369140625 0.5068359375 0.369140625 0.5087890625 0.359375 0.4716796875 0.33203125 0.451171875 0.3251953125
2 0.35546875 0.6357421875 0.3623046875 0.640625 0.4189453125 0.640625 0.423828125 0.6376953125 0.4228515625 0.623046875 0.4111328125 0.611328125 0.3876953125 0.609375 0.3681640625 0.59765625 0.357421875 0.6005859375 0.353515625 0.6201171875 0.35546875 0.6357421875
2 0.9208984375 0.69921875 0.9140625 0.7255859375 0.9248046875 0.736328125 0.9423828125 0.73828125 0.958984375 0.7275390625 0.9599609375 0.71875 0.9443359375 0.703125 0.9208984375 0.69921875
2 0.0732421875 0.37109375 0.1025390625 0.357421875 0.1025390625 0.3515625 0.0654296875 0.3203125 0.0341796875 0.318359375 0.029296875 0.3232421875 0.0732421875 0.37109375
2 0.0576171875 0.451171875 0.044921875 0.4619140625 0.0390625 0.4755859375 0.0439453125 0.490234375 0.064453125 0.4755859375 0.0673828125 0.4609375 0.06640625 0.4521484375 0.0576171875 0.451171875
2 0.0859375 0.2744140625 0.0751953125 0.26953125 0.0625 0.2880859375 0.1064453125 0.33984375 0.1142578125 0.341796875 0.1162109375 0.330078125 0.1015625 0.3134765625 0.0859375 0.2744140625
2 0.017578125 0.1318359375 0.0595703125 0.13671875 0.0634765625 0.125 0.052734375 0.1005859375 0.033203125 0.0810546875 0.02734375 0.0595703125 0.0146484375 0.05859375 0.009765625 0.0888671875 0.015625 0.0966796875 0.017578125 0.1318359375
2 0.1533203125 0.80859375 0.146484375 0.7900390625 0.1376953125 0.787109375 0.130859375 0.7958984375 0.130859375 0.8115234375 0.134765625 0.8271484375 0.1455078125 0.8359375 0.15234375 0.8271484375 0.1533203125 0.80859375
2 0.1142578125 0.689453125 0.1337890625 0.697265625 0.1376953125 0.689453125 0.1162109375 0.662109375 0.103515625 0.6650390625 0.103515625 0.6767578125 0.1142578125 0.689453125
2 0.0927734375 0.79296875 0.0849609375 0.78125 0.0576171875 0.767578125 0.05078125 0.7724609375 0.0576171875 0.791015625 0.0771484375 0.79296875 0.0888671875 0.802734375 0.09375 0.8017578125 0.0927734375 0.79296875
2 0.6357421875 0.6484375 0.6494140625 0.6484375 0.6513671875 0.642578125 0.6337890625 0.623046875 0.6171875 0.6240234375 0.6201171875 0.642578125 0.6357421875 0.6484375
2 0.9619140625 0.291015625 0.951171875 0.3037109375 0.951171875 0.3134765625 0.9951171875 0.310546875 0.9990234375 0.291015625 0.9619140625 0.291015625