2 0.5126953125 0.18359375 0.5537109375 0.1875 0.5634765625 0.16015625 0.5546875 0.1455078125 0.5341796875 0.130859375 0.5185546875 0.12890625 0.5078125 0.1376953125 0.5078125 0.1787109375 0.5126953125 0.18359375
2 0.7841796875 0.310546875 0.794921875 0.3017578125 0.7958984375 0.2734375 0.7841796875 0.25390625 0.7646484375 0.25 0.74609375 0.2646484375 0.744140625 0.2802734375 0.7568359375 0.3046875 0.7841796875 0.310546875
2 0.8818359375 0.33984375 0.853515625 0.3740234375 0.8876953125 0.400390625 0.9140625 0.3955078125 0.9169921875 0.365234375 0.8974609375 0.341796875 0.8818359375 0.33984375
2 0.650390625 0.8525390625 0.6748046875 0.875 0.6904296875 0.876953125 0.69921875 0.8681640625 0.7060546875 0.841796875 0.697265625 0.8232421875 0.6826171875 0.810546875 0.6591796875 0.814453125 0.650390625 0.8251953125 0.650390625 0.8525390625
2 0.4365234375 0.708984375 0.4267578125 0.69140625 0.4013671875 0.689453125 0.384765625 0.7099609375 0.388671875 0.7373046875 0.3935546875 0.7421875 0.4267578125 0.740234375 0.4365234375 0.708984375
2 0.3564453125 0.615234375 0.3447265625 0.6015625 0.3330078125 0.6015625 0.322265625 0.6103515625 0.322265625 0.6240234375 0.3310546875 0.634765625 0.3427734375 0.63671875 0.3564453125 0.615234375
2 0.1787109375 0.79296875 0.197265625 0.7744140625 0.1962890625 0.759765625 0.1748046875 0.7421875 0.1533203125 0.7421875 0.140625 0.7529296875 0.140625 0.7724609375 0.1513671875 0.787109375 0.1787109375 0.79296875
2 0.1416015625 0.953125 0.1708984375 0.953125 0.1767578125 0.939453125 0.16796875 0.9111328125 0.1552734375 0.904296875 0.1396484375 0.90625 0.12890625 0.9208984375 0.1328125 0.9423828125 0.1416015625 0.953125
2 0.1513671875 0.333984375 0.138671875 0.3701171875 0.1513671875 0.380859375 0.1748046875 0.384765625 0.1826171875 0.357421875 0.1708984375 0.33984375 0.1513671875 0.333984375
2 0.8232421875 0.998046875 0.8486328125 0.998046875 0.8525390625 0.982421875 0.8466796875 0.97265625 0.8271484375 0.962890625 0.8154296875 0.962890625 0.80859375 0.9697265625 0.8125 0.9892578125 0.8232421875 0.998046875
2 0.5244140625 0.37109375 0.5390625 0.3583984375 0.5419921875 0.345703125 0.5322265625 0.31640625 0.5048828125 0.310546875 0.490234375 0.3173828125 0.48828125 0.3486328125 0.5009765625 0.365234375 0.5244140625 0.37109375