2 0.1826171875 0.46875 0.1796875 0.4755859375 0.185546875 0.4814453125 0.1787109375 0.486328125 0.17578125 0.4736328125 0.16796875 0.4736328125 0.171875 0.4833984375 0.1640625 0.4892578125 0.16796875 0.4951171875 0.1611328125 0.50390625 0.15234375 0.5009765625 0.1533203125 0.51953125 0.16796875 0.5166015625 0.16796875 0.5341796875 0.1748046875 0.544921875 0.181640625 0.5400390625 0.1806640625 0.533203125 0.1884765625 0.5390625 0.1904296875 0.53125 0.20703125 0.5283203125 0.19921875 0.4775390625 0.1904296875 0.46484375 0.171875 0.4677734375 0.1826171875 0.46875
2 0.140625 0.0537109375 0.14453125 0.0283203125 0.1259765625 0.00390625 0.1123046875 0.001953125 0.09765625 0.0126953125 0.091796875 0.0263671875 0.0927734375 0.056640625 0.1044921875 0.064453125 0.1220703125 0.064453125 0.140625 0.0537109375
2 0.296875 0.1923828125 0.298828125 0.1708984375 0.28125 0.1416015625 0.2685546875 0.13671875 0.2490234375 0.14453125 0.240234375 0.1552734375 0.2392578125 0.181640625 0.2529296875 0.201171875 0.2744140625 0.205078125 0.296875 0.1923828125
2 0.1181640625 0.26953125 0.103515625 0.2783203125 0.0986328125 0.302734375 0.1162109375 0.31640625 0.1318359375 0.31640625 0.150390625 0.2900390625 0.1357421875 0.26953125 0.1181640625 0.26953125
2 0.388671875 0.3408203125 0.3701171875 0.3203125 0.3466796875 0.3203125 0.337890625 0.3271484375 0.3388671875 0.3515625 0.3583984375 0.3671875 0.3779296875 0.369140625 0.388671875 0.3525390625 0.388671875 0.3408203125
2 0.3330078125 0.767578125 0.34765625 0.7470703125 0.341796875 0.7216796875 0.3212890625 0.7109375 0.2900390625 0.71484375 0.27734375 0.7294921875 0.2783203125 0.744140625 0.2890625 0.7646484375 0.3056640625 0.771484375 0.3330078125 0.767578125
2 0.5 0.7685546875 0.4658203125 0.751953125 0.4482421875 0.751953125 0.427734375 0.7685546875 0.4267578125 0.796875 0.4404296875 0.81640625 0.4736328125 0.82421875 0.5 0.8076171875 0.5 0.7685546875
2 0.509765625 0.5185546875 0.4892578125 0.5 0.4658203125 0.5 0.453125 0.5244140625 0.4541015625 0.55078125 0.4599609375 0.55859375 0.4931640625 0.55859375 0.51171875 0.5341796875 0.509765625 0.5185546875
2 0.6298828125 0.837890625 0.650390625 0.8251953125 0.6484375 0.7978515625 0.6279296875 0.77734375 0.5927734375 0.783203125 0.583984375 0.7978515625 0.5849609375 0.80859375 0.591796875 0.8271484375 0.6123046875 0.837890625 0.6298828125 0.837890625
2 0.39453125 0.8408203125 0.3837890625 0.830078125 0.3505859375 0.828125 0.33984375 0.8369140625 0.3408203125 0.8515625 0.3466796875 0.87890625 0.3837890625 0.880859375 0.396484375 0.8642578125 0.39453125 0.8408203125
2 0.7783203125 0.41796875 0.7890625 0.3974609375 0.787109375 0.3681640625 0.7705078125 0.357421875 0.7470703125 0.359375 0.732421875 0.3759765625 0.7314453125 0.400390625 0.736328125 0.4111328125 0.7568359375 0.42578125 0.7783203125 0.41796875
2 0.662109375 0.3525390625 0.6513671875 0.337890625 0.6337890625 0.330078125 0.611328125 0.3388671875 0.6083984375 0.3671875 0.6201171875 0.3828125 0.6416015625 0.3828125 0.66015625 0.3681640625 0.662109375 0.3525390625
2 0.8173828125 0.0234375 0.8330078125 0.04296875 0.8642578125 0.04296875 0.880859375 0.0224609375 0.8828125 0.0009765625 0.8173828125 0 0.8173828125 0.0234375
2 0.6201171875 0.078125 0.63671875 0.0693359375 0.642578125 0.0380859375 0.6279296875 0.01953125 0.5986328125 0.013671875 0.578125 0.0302734375 0.5771484375 0.046875 0.578125 0.0576171875 0.5908203125 0.072265625 0.6201171875 0.078125
2 0.501953125 0.1513671875 0.4892578125 0.1328125 0.4658203125 0.1328125 0.4453125 0.1435546875 0.4365234375 0.169921875 0.4521484375 0.1953125 0.4775390625 0.197265625 0.49609375 0.1845703125 0.501953125 0.1513671875
2 0.74609375 0.9052734375 0.7353515625 0.88671875 0.7119140625 0.8828125 0.685546875 0.8974609375 0.6806640625 0.921875 0.6923828125 0.9453125 0.7255859375 0.94921875 0.74609375 0.9345703125 0.74609375 0.9052734375
2 0.7880859375 0.826171875 0.8056640625 0.8203125 0.82421875 0.8017578125 0.822265625 0.7763671875 0.8115234375 0.763671875 0.7900390625 0.755859375 0.7763671875 0.755859375 0.765625 0.7646484375 0.7587890625 0.7890625 0.76171875 0.8037109375 0.7880859375 0.826171875
2 0.9873046875 1 0.990234375 0.9951171875 0.9853515625 0.953125 0.9404296875 0.953125 0.931640625 0.9619140625 0.9306640625 0.978515625 0.9345703125 1 0.9873046875 1
2 0.2802734375 0.580078125 0.2861328125 0.59375 0.2998046875 0.59375 0.302734375 0.5634765625 0.2978515625 0.55859375 0.2841796875 0.560546875 0.2802734375 0.580078125
2 0.3076171875 0.41796875 0.2900390625 0.421875 0.2900390625 0.427734375 0.3134765625 0.4453125 0.3310546875 0.44921875 0.33984375 0.4404296875 0.3349609375 0.427734375 0.3076171875 0.41796875
2 0.3037109375 0.4453125 0.287109375 0.4560546875 0.2841796875 0.470703125 0.2958984375 0.48046875 0.3056640625 0.48046875 0.328125 0.4638671875 0.330078125 0.4541015625 0.3037109375 0.4453125
2 0.0947265625 0.662109375 0.1044921875 0.671875 0.119140625 0.6669921875 0.123046875 0.6337890625 0.1181640625 0.62890625 0.099609375 0.6376953125 0.0947265625 0.662109375
2 0.560546875 0.2236328125 0.564453125 0.1943359375 0.5537109375 0.173828125 0.54296875 0.1826171875 0.5341796875 0.21875 0.53515625 0.2294921875 0.5419921875 0.234375 0.5537109375 0.232421875 0.560546875 0.2236328125
2 0.5126953125 0.2265625 0.4697265625 0.24609375 0.4677734375 0.26171875 0.4853515625 0.265625 0.5029296875 0.255859375 0.5234375 0.2392578125 0.5234375 0.2294921875 0.5126953125 0.2265625
2 0.15234375 0.7548828125 0.1416015625 0.748046875 0.1298828125 0.75 0.1171875 0.7646484375 0.1162109375 0.78515625 0.1240234375 0.798828125 0.1455078125 0.798828125 0.162109375 0.7783203125 0.15234375 0.7548828125
2 0.560546875 0.6689453125 0.5537109375 0.66015625 0.5341796875 0.66015625 0.5302734375 0.673828125 0.5517578125 0.68359375 0.560546875 0.6689453125
2 0.6572265625 1 0.66015625 0.9892578125 0.6435546875 0.98046875 0.62890625 0.9912109375 0.6279296875 1 0.6572265625 1