2 0.251953125 0.7861328125 0.2666015625 0.796875 0.2958984375 0.798828125 0.3125 0.7880859375 0.306640625 0.7568359375 0.287109375 0.7451171875 0.2685546875 0.744140625 0.25 0.7646484375 0.251953125 0.7861328125
2 0.3603515625 0.91796875 0.3857421875 0.919921875 0.3984375 0.9130859375 0.40234375 0.8818359375 0.3896484375 0.869140625 0.365234375 0.8603515625 0.345703125 0.8701171875 0.33984375 0.8935546875 0.3603515625 0.91796875
2 0.8125 0.6845703125 0.8408203125 0.70703125 0.8544921875 0.70703125 0.87890625 0.6904296875 0.87109375 0.6650390625 0.849609375 0.6494140625 0.8212890625 0.65234375 0.8125 0.6767578125 0.8125 0.6845703125
2 0.76953125 0.9462890625 0.7744140625 0.955078125 0.7998046875 0.962890625 0.810546875 0.9501953125 0.8125 0.9208984375 0.796875 0.9033203125 0.779296875 0.9052734375 0.76953125 0.9287109375 0.76953125 0.9462890625
2 0.9755859375 0.849609375 0.9970703125 0.85546875 1 0.8154296875 0.978515625 0.8056640625 0.96484375 0.8115234375 0.962890625 0.8271484375 0.9755859375 0.849609375
2 0.6953125 0.4345703125 0.7138671875 0.4453125 0.744140625 0.4248046875 0.7421875 0.3916015625 0.720703125 0.3857421875 0.7080078125 0.38671875 0.689453125 0.4072265625 0.6953125 0.4345703125
2 0.3212890625 0.537109375 0.3544921875 0.54296875 0.369140625 0.5322265625 0.373046875 0.5205078125 0.369140625 0.5009765625 0.345703125 0.4873046875 0.314453125 0.4931640625 0.314453125 0.5263671875 0.3212890625 0.537109375
2 0.138671875 0.5439453125 0.1611328125 0.5625 0.1728515625 0.5625 0.1875 0.5517578125 0.185546875 0.5185546875 0.16796875 0.5107421875 0.1396484375 0.509765625 0.12890625 0.5224609375 0.138671875 0.5439453125
2 0.7509765625 0.19140625 0.7763671875 0.19921875 0.796875 0.1728515625 0.7890625 0.1513671875 0.7763671875 0.140625 0.765625 0.1396484375 0.748046875 0.1435546875 0.7421875 0.1728515625 0.7509765625 0.19140625
2 0.9150390625 0.169921875 0.9501953125 0.17578125 0.95703125 0.1474609375 0.9443359375 0.1328125 0.931640625 0.1298828125 0.908203125 0.1396484375 0.908203125 0.1611328125 0.9150390625 0.169921875
2 0.31640625 0.1533203125 0.33984375 0.1689453125 0.3603515625 0.197265625 0.3798828125 0.201171875 0.4052734375 0.21875 0.4228515625 0.21875 0.43359375 0.1826171875 0.443359375 0.1708984375 0.435546875 0.1513671875 0.4248046875 0.140625 0.4072265625 0.142578125 0.3974609375 0.15234375 0.3818359375 0.150390625 0.3623046875 0.12109375 0.345703125 0.1142578125 0.3388671875 0.11328125 0.3203125 0.1298828125 0.31640625 0.1533203125
2 0.5791015625 0.087890625 0.6025390625 0.091796875 0.615234375 0.0791015625 0.6171875 0.0576171875 0.6064453125 0.044921875 0.58984375 0.0400390625 0.5703125 0.0458984375 0.568359375 0.0654296875 0.5791015625 0.087890625
2 0.6142578125 0.357421875 0.6259765625 0.35546875 0.638671875 0.3427734375 0.638671875 0.3330078125 0.626953125 0.3232421875 0.6123046875 0.322265625 0.6015625 0.3369140625 0.6142578125 0.357421875
2 0.029296875 0.3916015625 0.0390625 0.4013671875 0.015625 0.4169921875 0.015625 0.4287109375 0.0263671875 0.44140625 0.0654296875 0.447265625 0.0908203125 0.41796875 0.10546875 0.4267578125 0.1142578125 0.443359375 0.1328125 0.4384765625 0.130859375 0.3994140625 0.12109375 0.3818359375 0.1064453125 0.3671875 0.080078125 0.3564453125 0.0458984375 0.357421875 0.033203125 0.3681640625 0.029296875 0.3916015625
2 0.17578125 0.9462890625 0.2021484375 0.96875 0.2216796875 0.966796875 0.23828125 0.9501953125 0.236328125 0.9326171875 0.2109375 0.9150390625 0.1982421875 0.9140625 0.17578125 0.9326171875 0.17578125 0.9462890625