2 0.8642578125 0.265625 0.9111328125 0.267578125 0.916015625 0.2626953125 0.923828125 0.2451171875 0.919921875 0.2197265625 0.89453125 0.2080078125 0.8818359375 0.208984375 0.857421875 0.2255859375 0.859375 0.2607421875 0.8642578125 0.265625
2 0.9287109375 0 0.9296875 0.0244140625 0.9404296875 0.03515625 0.9755859375 0.037109375 0.98828125 0.0205078125 0.98828125 0.0009765625 0.9287109375 0
2 0.7890625 0.4951171875 0.8076171875 0.509765625 0.8310546875 0.50390625 0.845703125 0.4853515625 0.84375 0.4638671875 0.82421875 0.4560546875 0.8056640625 0.45703125 0.783203125 0.4755859375 0.7890625 0.4951171875
2 0.7275390625 0.47265625 0.7568359375 0.482421875 0.76953125 0.4716796875 0.771484375 0.4580078125 0.76171875 0.4384765625 0.748046875 0.4287109375 0.7236328125 0.4296875 0.716796875 0.4541015625 0.7275390625 0.47265625
2 0.529296875 0.3310546875 0.5380859375 0.341796875 0.5712890625 0.349609375 0.591796875 0.3369140625 0.59375 0.3115234375 0.572265625 0.2919921875 0.5537109375 0.291015625 0.53515625 0.3017578125 0.529296875 0.3310546875
2 0.0341796875 0.3828125 0.0673828125 0.3828125 0.080078125 0.3642578125 0.08203125 0.3408203125 0.0693359375 0.328125 0.056640625 0.3251953125 0.0380859375 0.32421875 0.017578125 0.3427734375 0.021484375 0.3642578125 0.0341796875 0.3828125
2 0.0166015625 0.24609375 0.0439453125 0.25 0.05859375 0.2373046875 0.0625 0.2138671875 0.0556640625 0.19921875 0.029296875 0.1826171875 0.0224609375 0.181640625 0.005859375 0.2001953125 0.00390625 0.2294921875 0.0166015625 0.24609375
2 0.02734375 0.0517578125 0.0341796875 0.0625 0.0693359375 0.068359375 0.080078125 0.0595703125 0.08203125 0.0302734375 0.0625 0.0146484375 0.0380859375 0.013671875 0.03125 0.0205078125 0.02734375 0.0517578125
2 0.267578125 0.1650390625 0.2744140625 0.1875 0.3173828125 0.18359375 0.33203125 0.1767578125 0.33984375 0.1474609375 0.310546875 0.1318359375 0.2900390625 0.130859375 0.2734375 0.1435546875 0.267578125 0.1650390625
2 0.2490234375 0.59765625 0.2744140625 0.599609375 0.28515625 0.5869140625 0.28515625 0.5634765625 0.2763671875 0.548828125 0.263671875 0.5439453125 0.2470703125 0.544921875 0.236328125 0.5537109375 0.23046875 0.5791015625 0.2490234375 0.59765625
2 0.009765625 0.5771484375 0.0283203125 0.595703125 0.0517578125 0.595703125 0.064453125 0.5830078125 0.064453125 0.5556640625 0.048828125 0.5419921875 0.0224609375 0.544921875 0.009765625 0.5556640625 0.009765625 0.5771484375
2 0.20703125 0.7197265625 0.2197265625 0.734375 0.2490234375 0.736328125 0.26171875 0.7236328125 0.265625 0.6982421875 0.251953125 0.6826171875 0.2314453125 0.681640625 0.20703125 0.6962890625 0.20703125 0.7197265625
2 0.154296875 0.8466796875 0.1708984375 0.865234375 0.1923828125 0.8671875 0.2109375 0.8525390625 0.208984375 0.8193359375 0.189453125 0.8076171875 0.1708984375 0.810546875 0.15234375 0.8291015625 0.154296875 0.8466796875
2 0.28125 0.8876953125 0.28125 0.9091796875 0.2919921875 0.921875 0.32421875 0.9072265625 0.322265625 0.8759765625 0.3125 0.8701171875 0.2900390625 0.875 0.28125 0.8876953125
2 0.5302734375 0.744140625 0.5537109375 0.75390625 0.572265625 0.7451171875 0.578125 0.7236328125 0.572265625 0.7060546875 0.556640625 0.6962890625 0.5322265625 0.69921875 0.521484375 0.7236328125 0.5302734375 0.744140625
2 0.369140625 0.5439453125 0.3818359375 0.5546875 0.3935546875 0.552734375 0.41015625 0.5380859375 0.4033203125 0.52734375 0.388671875 0.5244140625 0.3671875 0.5263671875 0.369140625 0.5439453125
2 0.3408203125 0.974609375 0.330078125 0.9814453125 0.3330078125 1 0.369140625 0.9990234375 0.365234375 0.9833984375 0.353515625 0.9755859375 0.3408203125 0.974609375
2 0.638671875 0.9091796875 0.6474609375 0.923828125 0.6748046875 0.92578125 0.69140625 0.9169921875 0.6953125 0.8857421875 0.681640625 0.8759765625 0.6591796875 0.875 0.640625 0.8857421875 0.638671875 0.9091796875
2 0.771484375 0.9775390625 0.7802734375 0.986328125 0.8076171875 0.984375 0.830078125 0.9638671875 0.82421875 0.9404296875 0.80859375 0.9287109375 0.7919921875 0.927734375 0.767578125 0.9501953125 0.771484375 0.9775390625
2 0.962890625 0.8095703125 0.958984375 0.8408203125 0.9736328125 0.85546875 0.9990234375 0.859375 1 0.8037109375 0.9921875 0.8017578125 0.9697265625 0.802734375 0.962890625 0.8095703125
2 1 0.5087890625 0.9873046875 0.5078125 0.978515625 0.5185546875 0.978515625 0.5498046875 0.9970703125 0.564453125 1 0.5087890625
2 0.90234375 0.3818359375 0.8779296875 0.38671875 0.869140625 0.3994140625 0.9091796875 0.419921875 0.923828125 0.4091796875 0.90234375 0.3818359375
2 0.6494140625 0.263671875 0.6826171875 0.263671875 0.6875 0.2587890625 0.6953125 0.2451171875 0.6953125 0.2294921875 0.6796875 0.2138671875 0.6533203125 0.212890625 0.640625 0.2236328125 0.638671875 0.2451171875 0.6494140625 0.263671875