2 0.4052734375 0.375 0.416015625 0.3603515625 0.416015625 0.3388671875 0.4033203125 0.318359375 0.3720703125 0.3203125 0.353515625 0.3369140625 0.357421875 0.3662109375 0.3681640625 0.376953125 0.38671875 0.3818359375 0.4052734375 0.375
2 0.177734375 0.3447265625 0.1650390625 0.328125 0.1455078125 0.322265625 0.1171875 0.3388671875 0.11328125 0.3564453125 0.1279296875 0.37890625 0.1640625 0.3876953125 0.17578125 0.3740234375 0.177734375 0.3447265625
2 0.771484375 0.6748046875 0.7509765625 0.65625 0.7294921875 0.658203125 0.71484375 0.6728515625 0.716796875 0.7041015625 0.7314453125 0.71484375 0.755859375 0.7158203125 0.7734375 0.6943359375 0.771484375 0.6748046875
2 0.943359375 0.5654296875 0.947265625 0.5400390625 0.9384765625 0.529296875 0.9111328125 0.529296875 0.88671875 0.5556640625 0.890625 0.5791015625 0.9140625 0.5869140625 0.9267578125 0.583984375 0.943359375 0.5654296875
2 0.955078125 0.7822265625 0.9404296875 0.765625 0.9189453125 0.763671875 0.900390625 0.7763671875 0.896484375 0.7958984375 0.9111328125 0.8203125 0.9296875 0.8232421875 0.951171875 0.8076171875 0.955078125 0.7822265625
2 0.701171875 0.8134765625 0.703125 0.8232421875 0.6953125 0.8408203125 0.70703125 0.8583984375 0.7353515625 0.875 0.755859375 0.8740234375 0.7841796875 0.865234375 0.814453125 0.8349609375 0.8203125 0.7939453125 0.7919921875 0.76953125 0.7783203125 0.775390625 0.7568359375 0.765625 0.7294921875 0.76953125 0.720703125 0.7783203125 0.712890625 0.8076171875 0.701171875 0.8134765625
2 0.6328125 0.8740234375 0.6181640625 0.8515625 0.6025390625 0.8515625 0.591796875 0.8642578125 0.591796875 0.8837890625 0.6083984375 0.896484375 0.619140625 0.8955078125 0.62890625 0.8896484375 0.6328125 0.8740234375
2 0.369140625 0.8701171875 0.3525390625 0.85546875 0.3330078125 0.85546875 0.3125 0.8701171875 0.30859375 0.8935546875 0.3427734375 0.93359375 0.35546875 0.9326171875 0.37109375 0.8916015625 0.369140625 0.8701171875
2 0.4130859375 0.712890625 0.40234375 0.7255859375 0.400390625 0.7509765625 0.4130859375 0.76171875 0.44140625 0.7646484375 0.46484375 0.7451171875 0.462890625 0.7177734375 0.4130859375 0.712890625
2 0.5673828125 0.63671875 0.5341796875 0.638671875 0.521484375 0.6728515625 0.5322265625 0.693359375 0.55859375 0.6982421875 0.58203125 0.6787109375 0.580078125 0.6474609375 0.5673828125 0.63671875
2 0.578125 0.4873046875 0.578125 0.4736328125 0.5654296875 0.44921875 0.5341796875 0.4375 0.525390625 0.4443359375 0.521484375 0.4638671875 0.525390625 0.4892578125 0.5439453125 0.501953125 0.5546875 0.5009765625 0.578125 0.4873046875
2 0.7578125 0.1923828125 0.7578125 0.1708984375 0.7509765625 0.162109375 0.7236328125 0.1640625 0.71484375 0.1708984375 0.7109375 0.1962890625 0.728515625 0.2080078125 0.7470703125 0.203125 0.7578125 0.1923828125
2 0.2197265625 0.224609375 0.2060546875 0.228515625 0.203125 0.2412109375 0.212890625 0.2529296875 0.232421875 0.2568359375 0.236328125 0.2431640625 0.23046875 0.2314453125 0.2197265625 0.224609375
2 0.046875 0.8330078125 0.0537109375 0.83984375 0.07421875 0.8427734375 0.0947265625 0.837890625 0.107421875 0.8193359375 0.1015625 0.7958984375 0.08984375 0.7861328125 0.0830078125 0.765625 0.0732421875 0.765625 0.0634765625 0.783203125 0.0478515625 0.78515625 0.041015625 0.7939453125 0.046875 0.8330078125
2 0.5419921875 0.05859375 0.5263671875 0.068359375 0.517578125 0.0830078125 0.5224609375 0.095703125 0.533203125 0.0947265625 0.54296875 0.0888671875 0.548828125 0.0751953125 0.5419921875 0.05859375
2 0.748046875 0.0537109375 0.7587890625 0.064453125 0.765625 0.0634765625 0.77734375 0.0400390625 0.7685546875 0.033203125 0.7529296875 0.033203125 0.748046875 0.0537109375
2 0.423828125 0.0556640625 0.421875 0.0712890625 0.4453125 0.0751953125 0.451171875 0.0537109375 0.4482421875 0.048828125 0.4326171875 0.048828125 0.423828125 0.0556640625
2 0.9736328125 0.302734375 0.9482421875 0.298828125 0.931640625 0.3212890625 0.9541015625 0.34765625 0.9609375 0.3466796875 0.978515625 0.3349609375 0.984375 0.3193359375 0.9736328125 0.302734375