2 0.5966796875 0.376953125 0.6259765625 0.3828125 0.646484375 0.3623046875 0.6484375 0.3369140625 0.6318359375 0.3203125 0.60546875 0.3173828125 0.591796875 0.3212890625 0.583984375 0.3544921875 0.5966796875 0.376953125
2 0.025390625 0.7998046875 0.025390625 0.8408203125 0.0439453125 0.841796875 0.0673828125 0.86328125 0.0927734375 0.86328125 0.1162109375 0.85546875 0.130859375 0.8056640625 0.119140625 0.7763671875 0.0771484375 0.75390625 0.046875 0.7529296875 0.0390625 0.7587890625 0.0390625 0.7724609375 0.025390625 0.7998046875
2 0.21484375 0.8447265625 0.2275390625 0.86328125 0.2509765625 0.8671875 0.2646484375 0.86328125 0.2890625 0.8388671875 0.29296875 0.8251953125 0.2841796875 0.81640625 0.2744140625 0.818359375 0.244140625 0.8056640625 0.2294921875 0.806640625 0.216796875 0.8173828125 0.21484375 0.8447265625
2 0.630859375 0.8935546875 0.6474609375 0.935546875 0.662109375 0.9306640625 0.689453125 0.9013671875 0.693359375 0.8896484375 0.689453125 0.8701171875 0.6767578125 0.857421875 0.6640625 0.8544921875 0.6455078125 0.85546875 0.630859375 0.8759765625 0.630859375 0.8935546875
2 0.369140625 0.8857421875 0.3837890625 0.896484375 0.3935546875 0.896484375 0.41015625 0.8818359375 0.408203125 0.8603515625 0.400390625 0.8525390625 0.3837890625 0.8515625 0.3671875 0.8759765625 0.369140625 0.8857421875
2 0.419921875 0.6806640625 0.4462890625 0.701171875 0.4697265625 0.693359375 0.48046875 0.6748046875 0.470703125 0.6396484375 0.4609375 0.6376953125 0.4287109375 0.638671875 0.416015625 0.6611328125 0.419921875 0.6806640625
2 0.537109375 0.7392578125 0.5537109375 0.76171875 0.5712890625 0.765625 0.599609375 0.7529296875 0.599609375 0.7255859375 0.5859375 0.7119140625 0.5498046875 0.712890625 0.5390625 0.7216796875 0.537109375 0.7392578125
2 0.025390625 0.7998046875 0.0234375 0.8369140625 0.0283203125 0.84375 0.0478515625 0.84375 0.0673828125 0.86328125 0.0927734375 0.86328125 0.119140625 0.8525390625 0.130859375 0.8017578125 0.1181640625 0.775390625 0.078125 0.7548828125 0.041015625 0.7548828125 0.0390625 0.7724609375 0.025390625 0.7998046875
2 0.0546875 0.5517578125 0.060546875 0.5693359375 0.0751953125 0.583984375 0.0966796875 0.587890625 0.111328125 0.5791015625 0.115234375 0.5556640625 0.091796875 0.5302734375 0.0634765625 0.529296875 0.0546875 0.5380859375 0.0546875 0.5517578125
2 0.232421875 0.7021484375 0.2509765625 0.716796875 0.2802734375 0.708984375 0.287109375 0.6982421875 0.28515625 0.6689453125 0.259765625 0.6552734375 0.2353515625 0.666015625 0.228515625 0.6787109375 0.232421875 0.7021484375
2 0.021484375 0.3330078125 0.0419921875 0.34765625 0.0615234375 0.3359375 0.0703125 0.3212890625 0.0546875 0.2998046875 0.0341796875 0.298828125 0.017578125 0.3134765625 0.021484375 0.3330078125
2 0.4248046875 0.4921875 0.4580078125 0.501953125 0.474609375 0.4912109375 0.48046875 0.4619140625 0.46875 0.4404296875 0.431640625 0.4541015625 0.421875 0.4775390625 0.4248046875 0.4921875
2 0.2421875 0.1865234375 0.2529296875 0.203125 0.2744140625 0.2109375 0.291015625 0.1982421875 0.287109375 0.1708984375 0.279296875 0.1650390625 0.2548828125 0.1640625 0.248046875 0.1689453125 0.2421875 0.1865234375
2 0.826171875 0.3759765625 0.8388671875 0.392578125 0.8701171875 0.3828125 0.888671875 0.3583984375 0.88671875 0.3388671875 0.861328125 0.3271484375 0.8466796875 0.326171875 0.826171875 0.3388671875 0.826171875 0.3759765625
2 0.8984375 0.8271484375 0.9072265625 0.837890625 0.9384765625 0.84375 0.958984375 0.8271484375 0.9609375 0.7939453125 0.9521484375 0.78515625 0.9365234375 0.78515625 0.92578125 0.7783203125 0.9169921875 0.779296875 0.90234375 0.7939453125 0.8984375 0.8271484375
2 0.7724609375 0.2578125 0.7822265625 0.2578125 0.796875 0.2431640625 0.796875 0.2314453125 0.7890625 0.2255859375 0.771484375 0.2314453125 0.765625 0.2490234375 0.7724609375 0.2578125
2 0.4794921875 0.095703125 0.48046875 0.0751953125 0.4609375 0.0595703125 0.451171875 0.0712890625 0.45703125 0.0869140625 0.4794921875 0.095703125
2 0.64453125 0.4873046875 0.6611328125 0.505859375 0.6806640625 0.50390625 0.69921875 0.4814453125 0.6904296875 0.46484375 0.671875 0.4599609375 0.6494140625 0.46484375 0.64453125 0.4716796875 0.64453125 0.4873046875