2 0.39453125 0.3173828125 0.3681640625 0.3203125 0.3515625 0.3369140625 0.353515625 0.3623046875 0.3740234375 0.3828125 0.4033203125 0.376953125 0.416015625 0.3544921875 0.408203125 0.3212890625 0.39453125 0.3173828125
2 0.8837890625 0.85546875 0.9072265625 0.86328125 0.9326171875 0.86328125 0.9560546875 0.841796875 0.974609375 0.8408203125 0.974609375 0.7998046875 0.9609375 0.7724609375 0.9609375 0.7587890625 0.953125 0.7529296875 0.9228515625 0.75390625 0.880859375 0.7763671875 0.869140625 0.8056640625 0.8837890625 0.85546875
2 0.7353515625 0.86328125 0.7490234375 0.8671875 0.7724609375 0.86328125 0.78515625 0.8447265625 0.783203125 0.8173828125 0.7705078125 0.806640625 0.755859375 0.8056640625 0.7255859375 0.818359375 0.7158203125 0.81640625 0.70703125 0.8251953125 0.7109375 0.8388671875 0.7353515625 0.86328125
2 0.3525390625 0.935546875 0.369140625 0.8935546875 0.369140625 0.8759765625 0.3544921875 0.85546875 0.3359375 0.8544921875 0.3232421875 0.857421875 0.310546875 0.8701171875 0.306640625 0.8896484375 0.310546875 0.9013671875 0.337890625 0.9306640625 0.3525390625 0.935546875
2 0.599609375 0.8525390625 0.591796875 0.8603515625 0.58984375 0.8818359375 0.6064453125 0.896484375 0.6162109375 0.896484375 0.630859375 0.8857421875 0.6328125 0.8759765625 0.6162109375 0.8515625 0.599609375 0.8525390625
2 0.5390625 0.6376953125 0.529296875 0.6396484375 0.51953125 0.6748046875 0.5302734375 0.693359375 0.5537109375 0.701171875 0.580078125 0.6806640625 0.583984375 0.6611328125 0.5712890625 0.638671875 0.5390625 0.6376953125
2 0.4140625 0.7119140625 0.400390625 0.7255859375 0.400390625 0.7529296875 0.4287109375 0.765625 0.4462890625 0.76171875 0.462890625 0.7392578125 0.4609375 0.7216796875 0.4501953125 0.712890625 0.4140625 0.7119140625
2 0.9072265625 0.86328125 0.9326171875 0.86328125 0.9521484375 0.84375 0.9716796875 0.84375 0.9765625 0.8369140625 0.974609375 0.7998046875 0.9609375 0.7724609375 0.958984375 0.7548828125 0.921875 0.7548828125 0.8818359375 0.775390625 0.869140625 0.8017578125 0.880859375 0.8525390625 0.9072265625 0.86328125
2 0.9453125 0.5380859375 0.9365234375 0.529296875 0.908203125 0.5302734375 0.884765625 0.5556640625 0.888671875 0.5791015625 0.9033203125 0.587890625 0.9248046875 0.583984375 0.939453125 0.5693359375 0.9453125 0.5517578125 0.9453125 0.5380859375
2 0.740234375 0.6552734375 0.71484375 0.6689453125 0.712890625 0.6982421875 0.7197265625 0.708984375 0.7490234375 0.716796875 0.767578125 0.7021484375 0.771484375 0.6787109375 0.7646484375 0.666015625 0.740234375 0.6552734375
2 0.9384765625 0.3359375 0.9580078125 0.34765625 0.978515625 0.3330078125 0.982421875 0.3134765625 0.9658203125 0.298828125 0.9453125 0.2998046875 0.9296875 0.3212890625 0.9384765625 0.3359375
2 0.525390625 0.4912109375 0.5419921875 0.501953125 0.5751953125 0.4921875 0.578125 0.4775390625 0.568359375 0.4541015625 0.53125 0.4404296875 0.51953125 0.4619140625 0.525390625 0.4912109375
2 0.720703125 0.1650390625 0.712890625 0.1708984375 0.708984375 0.1982421875 0.7255859375 0.2109375 0.7470703125 0.203125 0.7578125 0.1865234375 0.751953125 0.1689453125 0.7451171875 0.1640625 0.720703125 0.1650390625
2 0.138671875 0.3271484375 0.11328125 0.3388671875 0.111328125 0.3583984375 0.1298828125 0.3828125 0.1611328125 0.392578125 0.173828125 0.3759765625 0.173828125 0.3388671875 0.1533203125 0.326171875 0.138671875 0.3271484375
2 0.0927734375 0.837890625 0.1015625 0.8271484375 0.09765625 0.7939453125 0.0830078125 0.779296875 0.07421875 0.7783203125 0.0634765625 0.78515625 0.0478515625 0.78515625 0.0390625 0.7939453125 0.041015625 0.8271484375 0.0615234375 0.84375 0.0927734375 0.837890625
2 0.203125 0.2431640625 0.2177734375 0.2578125 0.2275390625 0.2578125 0.234375 0.2490234375 0.228515625 0.2314453125 0.2109375 0.2255859375 0.203125 0.2314453125 0.203125 0.2431640625
2 0.51953125 0.0751953125 0.5205078125 0.095703125 0.54296875 0.0869140625 0.548828125 0.0712890625 0.5390625 0.0595703125 0.51953125 0.0751953125
2 0.328125 0.4599609375 0.3095703125 0.46484375 0.30078125 0.4814453125 0.3193359375 0.50390625 0.3388671875 0.505859375 0.35546875 0.4873046875 0.35546875 0.4716796875 0.3505859375 0.46484375 0.328125 0.4599609375