2 1 0.1240234375 0.9794921875 0.107421875 0.9501953125 0.111328125 0.94140625 0.1220703125 0.9404296875 0.146484375 0.947265625 0.1591796875 0.9619140625 0.16796875 0.9873046875 0.166015625 1 0.1572265625 1 0.1240234375
2 0.9189453125 0.271484375 0.921875 0.2958984375 0.9365234375 0.3125 0.9677734375 0.318359375 0.982421875 0.3076171875 0.982421875 0.2587890625 0.9716796875 0.240234375 0.9306640625 0.236328125 0.919921875 0.2509765625 0.9189453125 0.271484375
2 0.7587890625 0.169921875 0.7783203125 0.189453125 0.7978515625 0.1875 0.80859375 0.1767578125 0.810546875 0.1513671875 0.7939453125 0.13671875 0.7724609375 0.13671875 0.76171875 0.1494140625 0.7587890625 0.169921875
2 0.6748046875 0.158203125 0.6943359375 0.169921875 0.7197265625 0.166015625 0.7265625 0.1572265625 0.73046875 0.1259765625 0.7236328125 0.12109375 0.6845703125 0.125 0.67578125 0.1376953125 0.6748046875 0.158203125
2 0.6630859375 0.25 0.6923828125 0.259765625 0.697265625 0.2568359375 0.69921875 0.2333984375 0.6826171875 0.224609375 0.6669921875 0.2265625 0.6630859375 0.25
2 0.6982421875 0.7890625 0.7099609375 0.806640625 0.7373046875 0.810546875 0.76171875 0.7958984375 0.771484375 0.7705078125 0.7568359375 0.751953125 0.7236328125 0.7421875 0.701171875 0.7587890625 0.6982421875 0.7890625
2 0.7138671875 0.484375 0.7275390625 0.501953125 0.7490234375 0.5 0.76171875 0.4912109375 0.763671875 0.4716796875 0.7529296875 0.455078125 0.7314453125 0.453125 0.71484375 0.4619140625 0.7138671875 0.484375
2 0.8583984375 0.5703125 0.8701171875 0.5859375 0.8818359375 0.5859375 0.896484375 0.5732421875 0.904296875 0.5517578125 0.8994140625 0.544921875 0.8681640625 0.537109375 0.857421875 0.5537109375 0.8583984375 0.5703125
2 1 0.5419921875 0.9833984375 0.533203125 0.9501953125 0.53515625 0.9453125 0.5400390625 0.9462890625 0.564453125 0.9521484375 0.576171875 0.9697265625 0.580078125 1 0.5576171875 1 0.5419921875
2 0.5595703125 0.595703125 0.5986328125 0.60546875 0.61328125 0.5888671875 0.61328125 0.5595703125 0.5966796875 0.548828125 0.5693359375 0.552734375 0.55859375 0.5693359375 0.5595703125 0.595703125
2 0.4072265625 0.75 0.4267578125 0.7734375 0.4501953125 0.7734375 0.46484375 0.7529296875 0.46484375 0.7373046875 0.4462890625 0.720703125 0.4189453125 0.71875 0.4072265625 0.75
2 0.0068359375 0.76953125 0.0205078125 0.78515625 0.0478515625 0.77734375 0.05859375 0.7568359375 0.05859375 0.7412109375 0.05078125 0.7275390625 0.0126953125 0.72265625 0.005859375 0.7294921875 0.0068359375 0.76953125
2 0.0810546875 0.595703125 0.087890625 0.6201171875 0.1103515625 0.63671875 0.140625 0.6298828125 0.1484375 0.5869140625 0.1279296875 0.568359375 0.1142578125 0.5625 0.0908203125 0.56640625 0.08203125 0.5771484375 0.0810546875 0.595703125
2 0.1083984375 0.41796875 0.123046875 0.4501953125 0.1337890625 0.455078125 0.1572265625 0.447265625 0.17578125 0.4248046875 0.177734375 0.4130859375 0.1611328125 0.3828125 0.1416015625 0.375 0.1201171875 0.375 0.109375 0.3935546875 0.1083984375 0.41796875
2 0.1748046875 0.248046875 0.1826171875 0.26171875 0.2060546875 0.26171875 0.220703125 0.2509765625 0.2294921875 0.234375 0.2431640625 0.236328125 0.2646484375 0.2265625 0.26953125 0.2021484375 0.263671875 0.1865234375 0.2529296875 0.177734375 0.1923828125 0.185546875 0.1796875 0.1982421875 0.1748046875 0.248046875
2 0.2763671875 0.345703125 0.2919921875 0.3671875 0.3173828125 0.376953125 0.3427734375 0.37109375 0.359375 0.3525390625 0.35546875 0.3271484375 0.3271484375 0.30859375 0.3076171875 0.310546875 0.283203125 0.3310546875 0.2763671875 0.345703125
2 0.0400390625 0.16015625 0.0634765625 0.1640625 0.076171875 0.1552734375 0.078125 0.1416015625 0.0693359375 0.126953125 0.04296875 0.1357421875 0.0400390625 0.16015625
2 0.0400390625 0.162109375 0.0732421875 0.16015625 0.080078125 0.1435546875 0.09375 0.1337890625 0.09375 0.1201171875 0.0732421875 0.109375 0.0634765625 0.123046875 0.0478515625 0.12890625 0.0390625 0.1455078125 0.0400390625 0.162109375
2 0.5439453125 0.6796875 0.5576171875 0.689453125 0.5791015625 0.6875 0.599609375 0.6572265625 0.5869140625 0.65234375 0.5654296875 0.66015625 0.5439453125 0.671875 0.5439453125 0.6796875
2 0.5107421875 0.890625 0.5263671875 0.91015625 0.5419921875 0.91015625 0.5419921875 0.904296875 0.5595703125 0.900390625 0.56640625 0.8935546875 0.5625 0.8896484375 0.572265625 0.8857421875 0.568359375 0.8642578125 0.5556640625 0.85546875 0.5224609375 0.853515625 0.509765625 0.8701171875 0.5107421875 0.890625