2 0.1357421875 0.443359375 0.0927734375 0.4375 0.076171875 0.4716796875 0.076171875 0.4912109375 0.0927734375 0.515625 0.11328125 0.5166015625 0.1376953125 0.513671875 0.1513671875 0.50390625 0.1484375 0.4970703125 0.158203125 0.4892578125 0.1640625 0.4716796875 0.154296875 0.4638671875 0.15234375 0.4521484375 0.1357421875 0.443359375
2 0.0458984375 0.701171875 0.06640625 0.7001953125 0.0830078125 0.69140625 0.091796875 0.6748046875 0.08984375 0.6533203125 0.0712890625 0.640625 0.0419921875 0.650390625 0.033203125 0.6650390625 0.037109375 0.6943359375 0.0458984375 0.701171875
2 0.576171875 0.3349609375 0.5859375 0.3271484375 0.5859375 0.3154296875 0.5791015625 0.306640625 0.5673828125 0.3046875 0.55859375 0.3115234375 0.556640625 0.3232421875 0.5634765625 0.333984375 0.576171875 0.3349609375
2 0.484375 0.2392578125 0.4794921875 0.234375 0.4462890625 0.236328125 0.44140625 0.2646484375 0.474609375 0.2841796875 0.482421875 0.2705078125 0.484375 0.2392578125
2 0.515625 0.1552734375 0.537109375 0.1298828125 0.529296875 0.1044921875 0.5087890625 0.09375 0.4755859375 0.09375 0.46875 0.1083984375 0.470703125 0.1396484375 0.5009765625 0.15625 0.515625 0.1552734375
2 0.2421875 0.2236328125 0.2421875 0.2392578125 0.24609375 0.2607421875 0.2568359375 0.2734375 0.30078125 0.2783203125 0.326171875 0.2666015625 0.337890625 0.2431640625 0.33984375 0.2216796875 0.3359375 0.2099609375 0.3193359375 0.1953125 0.2900390625 0.19140625 0.2529296875 0.208984375 0.2421875 0.2236328125
2 0.93359375 0.5576171875 0.9189453125 0.546875 0.9052734375 0.548828125 0.904296875 0.5732421875 0.919921875 0.5771484375 0.9375 0.5732421875 0.93359375 0.5576171875
2 0.9990234375 0.5234375 0.9833984375 0.525390625 0.9609375 0.5419921875 0.953125 0.5693359375 0.974609375 0.5712890625 0.98828125 0.5595703125 0.9990234375 0.5234375
2 0.78515625 0.9560546875 0.814453125 0.9560546875 0.83984375 0.9189453125 0.841796875 0.8837890625 0.8349609375 0.873046875 0.7958984375 0.87890625 0.78515625 0.8857421875 0.77734375 0.9013671875 0.77734375 0.9345703125 0.78515625 0.9560546875
2 0.2734375 0.5107421875 0.279296875 0.5029296875 0.27734375 0.4931640625 0.2626953125 0.470703125 0.2294921875 0.453125 0.2109375 0.4541015625 0.205078125 0.4775390625 0.2099609375 0.509765625 0.2734375 0.5107421875
2 0.390625 0.6494140625 0.412109375 0.6376953125 0.431640625 0.5986328125 0.4306640625 0.58984375 0.4033203125 0.591796875 0.388671875 0.6025390625 0.375 0.6416015625 0.3798828125 0.6484375 0.390625 0.6494140625
2 0.1787109375 0.759765625 0.201171875 0.7587890625 0.208984375 0.7548828125 0.224609375 0.7255859375 0.2216796875 0.708984375 0.1650390625 0.7109375 0.15625 0.7158203125 0.1552734375 0.73828125 0.1708984375 0.744140625 0.1787109375 0.759765625
2 0.3115234375 0.669921875 0.2841796875 0.671875 0.26171875 0.6904296875 0.2626953125 0.70703125 0.283203125 0.7099609375 0.31640625 0.6845703125 0.3115234375 0.669921875
2 0.71875 0.7392578125 0.732421875 0.7138671875 0.7216796875 0.6953125 0.7021484375 0.705078125 0.69140625 0.7197265625 0.689453125 0.7490234375 0.701171875 0.7529296875 0.71875 0.7392578125
2 0.744140625 0.7685546875 0.7412109375 0.728515625 0.724609375 0.7412109375 0.716796875 0.7646484375 0.716796875 0.7900390625 0.7236328125 0.8046875 0.732421875 0.8037109375 0.744140625 0.7685546875
2 0.76953125 0.8388671875 0.7568359375 0.830078125 0.7392578125 0.828125 0.740234375 0.8583984375 0.759765625 0.8603515625 0.76953125 0.8544921875 0.76953125 0.8388671875
2 0.6884765625 0.83984375 0.66796875 0.8603515625 0.65625 0.9013671875 0.6630859375 0.908203125 0.681640625 0.9091796875 0.693359375 0.8642578125 0.6884765625 0.83984375
2 0.7265625 0.8876953125 0.724609375 0.8720703125 0.7158203125 0.86328125 0.70703125 0.8662109375 0.697265625 0.8896484375 0.697265625 0.9072265625 0.70703125 0.9091796875 0.7265625 0.8876953125