2 0.77734375 0.1943359375 0.794921875 0.2138671875 0.8095703125 0.21484375 0.828125 0.1982421875 0.826171875 0.1728515625 0.8076171875 0.162109375 0.7861328125 0.1640625 0.77734375 0.1767578125 0.77734375 0.1943359375
2 0.3291015625 0.20703125 0.3173828125 0.205078125 0.2763671875 0.216796875 0.2568359375 0.24609375 0.2294921875 0.255859375 0.21875 0.2685546875 0.22265625 0.2998046875 0.2529296875 0.30859375 0.25 0.3349609375 0.275390625 0.3486328125 0.3369140625 0.34375 0.3515625 0.3271484375 0.35546875 0.2958984375 0.375 0.2822265625 0.376953125 0.2451171875 0.3505859375 0.23046875 0.3291015625 0.20703125
2 0.080078125 0.4306640625 0.0947265625 0.431640625 0.1171875 0.4189453125 0.1171875 0.3994140625 0.0986328125 0.369140625 0.0888671875 0.369140625 0.0673828125 0.384765625 0.05859375 0.4052734375 0.05859375 0.4228515625 0.080078125 0.4306640625
2 0.251953125 0.4853515625 0.271484375 0.5029296875 0.2939453125 0.5 0.310546875 0.4833984375 0.3125 0.4658203125 0.3017578125 0.453125 0.2724609375 0.451171875 0.248046875 0.4658203125 0.251953125 0.4853515625
2 0.2509765625 0.703125 0.259765625 0.6943359375 0.259765625 0.6748046875 0.2451171875 0.654296875 0.2197265625 0.638671875 0.2099609375 0.638671875 0.19921875 0.6474609375 0.197265625 0.6943359375 0.2119140625 0.705078125 0.234375 0.7060546875 0.2509765625 0.703125
2 0.037109375 0.8095703125 0.052734375 0.8291015625 0.0810546875 0.826171875 0.095703125 0.8095703125 0.095703125 0.7900390625 0.0654296875 0.7734375 0.0419921875 0.78125 0.037109375 0.7861328125 0.037109375 0.8095703125
2 0.18359375 0.9052734375 0.19921875 0.9130859375 0.2236328125 0.91015625 0.23046875 0.9013671875 0.23046875 0.8876953125 0.2119140625 0.875 0.1982421875 0.876953125 0.185546875 0.8916015625 0.18359375 0.9052734375
2 0.6904296875 0.677734375 0.6796875 0.6865234375 0.681640625 0.7197265625 0.7060546875 0.71875 0.71875 0.7080078125 0.720703125 0.6884765625 0.7138671875 0.677734375 0.6904296875 0.677734375
2 0.900390625 0.4951171875 0.900390625 0.5146484375 0.9140625 0.5302734375 0.9443359375 0.521484375 0.955078125 0.4951171875 0.9326171875 0.482421875 0.9091796875 0.484375 0.900390625 0.4951171875
2 0.6259765625 0.4375 0.6435546875 0.4296875 0.642578125 0.3994140625 0.5966796875 0.40234375 0.5830078125 0.390625 0.5537109375 0.392578125 0.544921875 0.4052734375 0.544921875 0.4306640625 0.5576171875 0.44921875 0.57421875 0.4560546875 0.5908203125 0.453125 0.6083984375 0.435546875 0.6259765625 0.4375
2 0.390625 0.5986328125 0.408203125 0.6142578125 0.4228515625 0.615234375 0.4453125 0.6025390625 0.435546875 0.5791015625 0.4208984375 0.56640625 0.4033203125 0.56640625 0.388671875 0.5830078125 0.390625 0.5986328125
2 0.6064453125 0.7109375 0.5947265625 0.7109375 0.568359375 0.7314453125 0.583984375 0.7490234375 0.61328125 0.7392578125 0.61328125 0.7216796875 0.6064453125 0.7109375
2 0.392578125 0.7529296875 0.421875 0.7685546875 0.4306640625 0.76953125 0.44140625 0.7587890625 0.44140625 0.7431640625 0.4208984375 0.71484375 0.4111328125 0.71484375 0.39453125 0.7373046875 0.392578125 0.7529296875
2 0.400390625 0.8720703125 0.400390625 0.9013671875 0.41015625 0.9150390625 0.4306640625 0.91015625 0.439453125 0.8955078125 0.4365234375 0.85546875 0.4189453125 0.85546875 0.400390625 0.8720703125
2 0.908203125 0.8681640625 0.908203125 0.8798828125 0.92578125 0.9033203125 0.966796875 0.8974609375 0.966796875 0.8701171875 0.9443359375 0.84375 0.9208984375 0.8515625 0.908203125 0.8681640625
2 0.7314453125 0.962890625 0.7138671875 0.962890625 0.701171875 0.9736328125 0.705078125 0.9990234375 0.7421875 0.9990234375 0.7421875 0.9775390625 0.7314453125 0.962890625