2 0.8818359375 0.12109375 0.8603515625 0.130859375 0.853515625 0.1474609375 0.857421875 0.1708984375 0.87890625 0.1826171875 0.912109375 0.1689453125 0.908203125 0.1357421875 0.8818359375 0.12109375
2 0.068359375 0.1083984375 0.0439453125 0.080078125 0.0068359375 0.07421875 0.001953125 0.0791015625 0.00390625 0.1220703125 0.0224609375 0.146484375 0.044921875 0.1474609375 0.068359375 0.1318359375 0.068359375 0.1083984375
2 0.068359375 0.3447265625 0.1025390625 0.333984375 0.10546875 0.3173828125 0.0791015625 0.287109375 0.0556640625 0.2734375 0.0322265625 0.2734375 0.025390625 0.2822265625 0.025390625 0.3173828125 0.033203125 0.3330078125 0.0478515625 0.345703125 0.068359375 0.3447265625
2 0.125 0.4853515625 0.12109375 0.4677734375 0.0966796875 0.431640625 0.0771484375 0.427734375 0.060546875 0.4736328125 0.0830078125 0.5 0.10546875 0.5009765625 0.1181640625 0.498046875 0.125 0.4853515625
2 0.0927734375 0.767578125 0.107421875 0.7666015625 0.12109375 0.7470703125 0.13671875 0.7373046875 0.140625 0.7216796875 0.1123046875 0.68359375 0.0849609375 0.685546875 0.0751953125 0.689453125 0.06640625 0.7041015625 0.06640625 0.7294921875 0.087890625 0.7509765625 0.0927734375 0.767578125
2 0.3984375 0.7255859375 0.4169921875 0.716796875 0.423828125 0.7001953125 0.416015625 0.6787109375 0.400390625 0.6611328125 0.400390625 0.6513671875 0.3916015625 0.6484375 0.35546875 0.6787109375 0.3515625 0.6943359375 0.3681640625 0.72265625 0.3984375 0.7255859375
2 0.876953125 0.8134765625 0.8984375 0.7998046875 0.90234375 0.7373046875 0.8828125 0.7333984375 0.884765625 0.7060546875 0.8525390625 0.685546875 0.8203125 0.7138671875 0.83203125 0.7353515625 0.83203125 0.7724609375 0.8564453125 0.8046875 0.876953125 0.8134765625
2 0.8837890625 0.59375 0.9033203125 0.603515625 0.9140625 0.6025390625 0.9541015625 0.59765625 0.9609375 0.5849609375 0.9609375 0.5478515625 0.9560546875 0.54296875 0.9404296875 0.544921875 0.931640625 0.5283203125 0.9150390625 0.515625 0.8671875 0.5576171875 0.8671875 0.5693359375 0.8837890625 0.59375
2 0.06640625 0.8955078125 0.0712890625 0.912109375 0.0859375 0.9111328125 0.095703125 0.9013671875 0.0888671875 0.876953125 0.0751953125 0.8828125 0.06640625 0.8955078125
2 0.1640625 0.9423828125 0.173828125 0.9208984375 0.1533203125 0.9140625 0.14453125 0.9345703125 0.1533203125 0.943359375 0.1640625 0.9423828125
2 0.033203125 0.9873046875 0.0400390625 1 0.109375 0.9990234375 0.103515625 0.9716796875 0.0810546875 0.95703125 0.0556640625 0.958984375 0.033203125 0.9873046875
2 0.484375 0.1240234375 0.486328125 0.1416015625 0.501953125 0.1435546875 0.525390625 0.1240234375 0.5185546875 0.109375 0.4970703125 0.11328125 0.484375 0.1240234375