2 0.9306640625 0.298828125 0.908203125 0.3232421875 0.91015625 0.3505859375 0.9287109375 0.36328125 0.9541015625 0.359375 0.9736328125 0.341796875 0.97265625 0.3134765625 0.9580078125 0.298828125 0.9306640625 0.298828125
2 0.8779296875 0.537109375 0.8974609375 0.529296875 0.8935546875 0.5078125 0.873046875 0.5146484375 0.8779296875 0.537109375
2 0.625 0.3583984375 0.6103515625 0.3515625 0.580078125 0.3837890625 0.5703125 0.4091796875 0.6005859375 0.40625 0.6259765625 0.373046875 0.625 0.3583984375
2 0.1904296875 0.060546875 0.17578125 0.0791015625 0.173828125 0.1083984375 0.1826171875 0.1171875 0.1962890625 0.119140625 0.2177734375 0.095703125 0.212890625 0.0673828125 0.1904296875 0.060546875
2 0.2763671875 0.20703125 0.26171875 0.2177734375 0.255859375 0.2412109375 0.2607421875 0.2734375 0.2734375 0.2646484375 0.2861328125 0.224609375 0.28515625 0.2119140625 0.2763671875 0.20703125
2 0.2548828125 0.140625 0.2373046875 0.142578125 0.23046875 0.1513671875 0.232421875 0.1669921875 0.2529296875 0.17578125 0.2626953125 0.173828125 0.26171875 0.1455078125 0.2548828125 0.140625
2 0.2880859375 0.095703125 0.2734375 0.1162109375 0.275390625 0.1298828125 0.2841796875 0.138671875 0.2939453125 0.138671875 0.3017578125 0.115234375 0.302734375 0.0966796875 0.2880859375 0.095703125
2 0.3193359375 0.091796875 0.314453125 0.0966796875 0.306640625 0.1396484375 0.3095703125 0.1640625 0.333984375 0.1455078125 0.3466796875 0.1015625 0.3447265625 0.09375 0.3193359375 0.091796875
2 0.0244140625 0.431640625 0.009765625 0.4541015625 0.0078125 0.4716796875 0.0166015625 0.4765625 0.0283203125 0.470703125 0.0478515625 0.443359375 0.048828125 0.4365234375 0.0380859375 0.4296875 0.0244140625 0.431640625
2 0.0927734375 0.42578125 0.064453125 0.4287109375 0.064453125 0.4404296875 0.0771484375 0.453125 0.0869140625 0.45703125 0.0966796875 0.44921875 0.09765625 0.4306640625 0.0927734375 0.42578125
2 0.17578125 0.4130859375 0.1630859375 0.4140625 0.158203125 0.4326171875 0.1640625 0.4501953125 0.1708984375 0.45703125 0.1806640625 0.44140625 0.17578125 0.4130859375
2 0.2138671875 0.400390625 0.19921875 0.4033203125 0.197265625 0.4228515625 0.2021484375 0.4296875 0.2138671875 0.4296875 0.2216796875 0.41796875 0.22265625 0.4091796875 0.2138671875 0.400390625
2 0.7841796875 0.498046875 0.7421875 0.4990234375 0.7421875 0.5185546875 0.7529296875 0.53125 0.7763671875 0.5390625 0.7880859375 0.53515625 0.7890625 0.5068359375 0.7841796875 0.498046875
2 0.3046875 0.2626953125 0.2939453125 0.2578125 0.28125 0.2666015625 0.267578125 0.2939453125 0.2822265625 0.306640625 0.3056640625 0.2890625 0.3046875 0.2626953125
2 0.55859375 0.7353515625 0.5341796875 0.71875 0.53125 0.7392578125 0.54296875 0.7646484375 0.5517578125 0.765625 0.5595703125 0.751953125 0.55859375 0.7353515625
2 0.4326171875 0.7265625 0.4404296875 0.73828125 0.4677734375 0.736328125 0.482421875 0.7236328125 0.484375 0.7060546875 0.4931640625 0.693359375 0.486328125 0.6533203125 0.4736328125 0.638671875 0.4267578125 0.62890625 0.40234375 0.6396484375 0.404296875 0.6669921875 0.39453125 0.6884765625 0.396484375 0.7080078125 0.4052734375 0.72265625 0.4189453125 0.73046875 0.4326171875 0.7265625
2 0.4775390625 0.849609375 0.46484375 0.8701171875 0.46484375 0.8837890625 0.4794921875 0.91015625 0.5263671875 0.91015625 0.5322265625 0.880859375 0.53125 0.8642578125 0.5009765625 0.845703125 0.4775390625 0.849609375
2 0.7158203125 0.29296875 0.689453125 0.3115234375 0.685546875 0.3271484375 0.7080078125 0.33203125 0.7255859375 0.32421875 0.7392578125 0.30859375 0.740234375 0.2998046875 0.7333984375 0.29296875 0.7158203125 0.29296875
2 0.8212890625 0.2421875 0.8017578125 0.2421875 0.791015625 0.2490234375 0.77734375 0.2861328125 0.8408203125 0.287109375 0.8466796875 0.279296875 0.845703125 0.2646484375 0.8271484375 0.2578125 0.8212890625 0.2421875
2 0.2060546875 0.466796875 0.1689453125 0.470703125 0.162109375 0.4814453125 0.1640625 0.4990234375 0.1982421875 0.49609375 0.2080078125 0.474609375 0.2060546875 0.466796875