2 0.18359375 0.1591796875 0.2099609375 0.177734375 0.2236328125 0.17578125 0.234375 0.1650390625 0.2353515625 0.14453125 0.2265625 0.1240234375 0.2158203125 0.1171875 0.1982421875 0.115234375 0.1796875 0.1279296875 0.18359375 0.1591796875
2 0.1611328125 0.673828125 0.173828125 0.6591796875 0.1748046875 0.640625 0.1689453125 0.619140625 0.1337890625 0.611328125 0.12109375 0.6240234375 0.12109375 0.6591796875 0.1337890625 0.67578125 0.1611328125 0.673828125
2 0.1142578125 0.2734375 0.1103515625 0.267578125 0.0927734375 0.265625 0.080078125 0.2783203125 0.08203125 0.2958984375 0.0986328125 0.30078125 0.11328125 0.2841796875 0.1142578125 0.2734375
2 0.19140625 0.5341796875 0.1875 0.5615234375 0.1923828125 0.56640625 0.2138671875 0.564453125 0.2177734375 0.552734375 0.2060546875 0.533203125 0.19140625 0.5341796875
2 0.4638671875 0.67578125 0.484375 0.6591796875 0.4853515625 0.640625 0.484375 0.6103515625 0.4697265625 0.603515625 0.43359375 0.6318359375 0.4296875 0.6513671875 0.4404296875 0.66796875 0.4638671875 0.67578125
2 0.5224609375 0.830078125 0.529296875 0.8193359375 0.5302734375 0.796875 0.5205078125 0.779296875 0.4951171875 0.775390625 0.478515625 0.7939453125 0.482421875 0.8212890625 0.4970703125 0.83203125 0.5224609375 0.830078125
2 0.646484375 0.7216796875 0.6611328125 0.744140625 0.6845703125 0.744140625 0.701171875 0.7314453125 0.7041015625 0.7109375 0.6943359375 0.689453125 0.6787109375 0.6796875 0.6669921875 0.6796875 0.6484375 0.6962890625 0.646484375 0.7216796875
2 0.7255859375 0.58984375 0.755859375 0.5654296875 0.7626953125 0.525390625 0.7529296875 0.51171875 0.724609375 0.5185546875 0.7265625 0.5498046875 0.712890625 0.5634765625 0.6982421875 0.59375 0.7255859375 0.58984375
2 0.787109375 0.3623046875 0.8056640625 0.37890625 0.8291015625 0.37890625 0.841796875 0.3642578125 0.8408203125 0.3515625 0.8359375 0.3310546875 0.8193359375 0.3203125 0.7919921875 0.32421875 0.78515625 0.3310546875 0.787109375 0.3623046875
2 0.6787109375 0.212890625 0.69140625 0.1962890625 0.6943359375 0.181640625 0.6748046875 0.14453125 0.6552734375 0.146484375 0.640625 0.1611328125 0.642578125 0.1982421875 0.6591796875 0.212890625 0.6787109375 0.212890625
2 0.6103515625 0.103515625 0.625 0.0830078125 0.6240234375 0.07421875 0.6181640625 0.06640625 0.5986328125 0.06640625 0.58203125 0.0791015625 0.578125 0.0947265625 0.5888671875 0.10546875 0.6103515625 0.103515625
2 0.796875 0.0615234375 0.80859375 0.0439453125 0.8076171875 0.03515625 0.7919921875 0.013671875 0.7802734375 0.009765625 0.75390625 0.0263671875 0.76171875 0.0517578125 0.7802734375 0.064453125 0.796875 0.0615234375
2 0.9169921875 0.115234375 0.935546875 0.0986328125 0.9404296875 0.080078125 0.9248046875 0.060546875 0.9052734375 0.056640625 0.88671875 0.0810546875 0.88671875 0.0966796875 0.9013671875 0.111328125 0.9169921875 0.115234375
2 0.8798828125 0.96484375 0.8984375 0.9423828125 0.8974609375 0.921875 0.8779296875 0.900390625 0.8564453125 0.90234375 0.841796875 0.9248046875 0.845703125 0.9599609375 0.8544921875 0.966796875 0.8798828125 0.96484375
2 0.728515625 0.8271484375 0.728515625 0.8408203125 0.7470703125 0.849609375 0.7578125 0.8388671875 0.7587890625 0.826171875 0.7392578125 0.8203125 0.728515625 0.8271484375
2 0.4912109375 0.943359375 0.4697265625 0.9296875 0.439453125 0.9345703125 0.44140625 0.9462890625 0.4599609375 0.958984375 0.4853515625 0.955078125 0.4921875 0.9501953125 0.4912109375 0.943359375
2 0.3720703125 0.984375 0.3447265625 0.986328125 0.3359375 0.9951171875 0.3369140625 1 0.4111328125 0.998046875 0.3955078125 0.98828125 0.3720703125 0.984375
2 0.259765625 0.8642578125 0.259765625 0.8720703125 0.2744140625 0.875 0.3076171875 0.865234375 0.3115234375 0.8515625 0.2763671875 0.8515625 0.259765625 0.8642578125
2 0.2392578125 0.99609375 0.24609375 0.9873046875 0.2451171875 0.970703125 0.2392578125 0.953125 0.2119140625 0.951171875 0.1953125 0.9638671875 0.193359375 0.9892578125 0.2099609375 1 0.2392578125 0.99609375
2 0.435546875 0.1982421875 0.435546875 0.2080078125 0.4462890625 0.21484375 0.4638671875 0.21484375 0.4716796875 0.1875 0.4560546875 0.177734375 0.435546875 0.1982421875