2 0.0859375 0.8583984375 0.072265625 0.8525390625 0.0458984375 0.85546875 0.037109375 0.8623046875 0.04296875 0.8974609375 0.0537109375 0.908203125 0.0771484375 0.91015625 0.09375 0.8837890625 0.0859375 0.8583984375
2 0.85546875 0.8388671875 0.84375 0.8310546875 0.8154296875 0.833984375 0.80078125 0.8466796875 0.80078125 0.8740234375 0.8154296875 0.892578125 0.8466796875 0.88671875 0.865234375 0.8662109375 0.85546875 0.8388671875
2 0.38671875 0.8623046875 0.341796875 0.8681640625 0.3505859375 0.916015625 0.3759765625 0.921875 0.3984375 0.9091796875 0.40234375 0.8896484375 0.39453125 0.8662109375 0.38671875 0.8623046875
2 0.359375 0.6337890625 0.3359375 0.6435546875 0.33984375 0.7021484375 0.3779296875 0.712890625 0.39453125 0.7021484375 0.396484375 0.6826171875 0.37890625 0.6455078125 0.359375 0.6337890625
2 0.1787109375 0.7109375 0.2041015625 0.7109375 0.22265625 0.7001953125 0.228515625 0.6630859375 0.240234375 0.6474609375 0.23046875 0.6220703125 0.2177734375 0.638671875 0.1806640625 0.640625 0.1640625 0.6494140625 0.16015625 0.6611328125 0.16796875 0.6748046875 0.171875 0.7041015625 0.1787109375 0.7109375
2 0.2255859375 0.794921875 0.220703125 0.8134765625 0.2529296875 0.81640625 0.25390625 0.7861328125 0.2412109375 0.78515625 0.2255859375 0.794921875
2 0.15234375 0.5556640625 0.107421875 0.5634765625 0.10546875 0.5732421875 0.1162109375 0.599609375 0.1474609375 0.607421875 0.158203125 0.5986328125 0.166015625 0.5751953125 0.15234375 0.5556640625
2 0.30078125 0.5185546875 0.2890625 0.5400390625 0.2919921875 0.5703125 0.3046875 0.5634765625 0.30859375 0.5537109375 0.310546875 0.5185546875 0.30078125 0.5185546875
2 0.3359375 0.3759765625 0.3291015625 0.41015625 0.3447265625 0.404296875 0.359375 0.3876953125 0.359375 0.3779296875 0.34765625 0.3701171875 0.3359375 0.3759765625
2 0.37109375 0.3408203125 0.3564453125 0.33984375 0.345703125 0.3525390625 0.3623046875 0.373046875 0.3740234375 0.369140625 0.37890625 0.3583984375 0.37890625 0.3466796875 0.37109375 0.3408203125
2 0.5048828125 0.1640625 0.505859375 0.1845703125 0.5224609375 0.189453125 0.548828125 0.1611328125 0.55078125 0.1552734375 0.54296875 0.1513671875 0.5048828125 0.1640625
2 0.412109375 0.0400390625 0.3935546875 0.0390625 0.384765625 0.0458984375 0.3896484375 0.0703125 0.4033203125 0.0703125 0.412109375 0.0634765625 0.41796875 0.0478515625 0.412109375 0.0400390625
2 0.3515625 0.1533203125 0.3740234375 0.15625 0.375 0.1318359375 0.359375 0.1201171875 0.3515625 0.1201171875 0.3515625 0.1533203125
2 0.57421875 0.7236328125 0.5625 0.7119140625 0.5498046875 0.7109375 0.5166015625 0.7265625 0.509765625 0.7392578125 0.513671875 0.7548828125 0.5302734375 0.765625 0.5654296875 0.7421875 0.57421875 0.7236328125
2 0.943359375 0.9091796875 0.927734375 0.9033203125 0.9169921875 0.90234375 0.8720703125 0.92578125 0.861328125 0.9345703125 0.861328125 0.9462890625 0.8818359375 0.94921875 0.9384765625 0.919921875 0.943359375 0.9091796875
2 0.923828125 0.5576171875 0.896484375 0.5947265625 0.8955078125 0.607421875 0.919921875 0.6064453125 0.94921875 0.5673828125 0.943359375 0.5537109375 0.923828125 0.5576171875
2 0.42578125 0.5419921875 0.4140625 0.5205078125 0.3857421875 0.5234375 0.3671875 0.5458984375 0.369140625 0.5712890625 0.3935546875 0.595703125 0.4091796875 0.595703125 0.423828125 0.5830078125 0.42578125 0.5419921875
2 0.4501953125 0.705078125 0.4375 0.7216796875 0.4375 0.7294921875 0.4462890625 0.736328125 0.466796875 0.7353515625 0.45703125 0.7060546875 0.4501953125 0.705078125
2 0.828125 0.1162109375 0.828125 0.1005859375 0.822265625 0.0947265625 0.7978515625 0.095703125 0.7890625 0.1044921875 0.77734375 0.1318359375 0.7822265625 0.14453125 0.8115234375 0.146484375 0.818359375 0.1396484375 0.828125 0.1162109375
2 0.98046875 0.1005859375 0.9765625 0.0927734375 0.9638671875 0.091796875 0.94140625 0.1123046875 0.939453125 0.1240234375 0.9501953125 0.134765625 0.9658203125 0.13671875 0.970703125 0.1318359375 0.98046875 0.1005859375
2 0.41015625 0.7685546875 0.40234375 0.7568359375 0.3662109375 0.7578125 0.33984375 0.7685546875 0.337890625 0.8037109375 0.3466796875 0.818359375 0.3818359375 0.822265625 0.404296875 0.8134765625 0.41015625 0.7685546875