2 0.892578125 0.0224609375 0.89453125 0.0302734375 0.921875 0.0537109375 0.935546875 0.0498046875 0.935546875 0.0380859375 0.9189453125 0.015625 0.8994140625 0.015625 0.892578125 0.0224609375
2 0.9052734375 0.056640625 0.8955078125 0.0546875 0.88671875 0.0693359375 0.90625 0.0888671875 0.919921875 0.0849609375 0.919921875 0.0751953125 0.9052734375 0.056640625
2 0.8828125 0.1181640625 0.87890625 0.1357421875 0.912109375 0.1630859375 0.923828125 0.1552734375 0.9375 0.1220703125 0.9287109375 0.109375 0.9033203125 0.1015625 0.8828125 0.1181640625
2 0.904296875 0.2568359375 0.931640625 0.2783203125 0.935546875 0.2939453125 0.9560546875 0.287109375 0.962890625 0.2705078125 0.9267578125 0.2421875 0.9111328125 0.240234375 0.904296875 0.2568359375
2 0.923828125 0.3056640625 0.9052734375 0.296875 0.892578125 0.3115234375 0.900390625 0.3251953125 0.9189453125 0.326171875 0.927734375 0.3173828125 0.923828125 0.3056640625
2 0.837890625 0.3291015625 0.8408203125 0.337890625 0.84765625 0.3388671875 0.8818359375 0.330078125 0.88671875 0.3193359375 0.8779296875 0.3125 0.8544921875 0.31640625 0.837890625 0.3291015625
2 0.921875 0.5458984375 0.9482421875 0.54296875 0.95703125 0.5341796875 0.95703125 0.4892578125 0.9521484375 0.48046875 0.9267578125 0.482421875 0.9208984375 0.494140625 0.91015625 0.4970703125 0.90625 0.5322265625 0.921875 0.5458984375
2 0.9013671875 0.75 0.9091796875 0.734375 0.919921875 0.7412109375 0.91015625 0.7294921875 0.91796875 0.7060546875 0.9072265625 0.693359375 0.8662109375 0.6875 0.841796875 0.7001953125 0.853515625 0.7373046875 0.875 0.7490234375 0.9013671875 0.75
2 0.9443359375 0.759765625 0.9287109375 0.76171875 0.9140625 0.7744140625 0.91796875 0.7978515625 0.953125 0.7822265625 0.953125 0.7705078125 0.9443359375 0.759765625
2 0.986328125 0.7744140625 0.9736328125 0.771484375 0.9580078125 0.783203125 0.953125 0.7666015625 0.9423828125 0.7578125 0.9189453125 0.767578125 0.912109375 0.7802734375 0.9140625 0.7978515625 0.919921875 0.8154296875 0.927734375 0.8193359375 0.9658203125 0.814453125 0.986328125 0.7841796875 0.986328125 0.7744140625
2 0.90234375 0.8525390625 0.8984375 0.8818359375 0.9140625 0.8876953125 0.939453125 0.8857421875 0.951171875 0.8623046875 0.9501953125 0.84765625 0.9091796875 0.84765625 0.90234375 0.8525390625
2 0.4619140625 0.931640625 0.501953125 0.9521484375 0.5234375 0.9521484375 0.5224609375 0.9140625 0.4833984375 0.90234375 0.4541015625 0.90234375 0.447265625 0.9072265625 0.44921875 0.9189453125 0.4619140625 0.931640625
2 0.57421875 0.9404296875 0.5595703125 0.916015625 0.5126953125 0.912109375 0.4853515625 0.90234375 0.4521484375 0.90234375 0.447265625 0.9150390625 0.4599609375 0.931640625 0.4951171875 0.951171875 0.521484375 0.9580078125 0.5234375 0.9990234375 0.5888671875 1 0.595703125 0.9912109375 0.595703125 0.9619140625 0.58984375 0.9501953125 0.57421875 0.9404296875
2 0.5888671875 0.421875 0.5712890625 0.421875 0.5546875 0.4306640625 0.548828125 0.4541015625 0.55078125 0.4892578125 0.537109375 0.4951171875 0.537109375 0.5068359375 0.55078125 0.5146484375 0.5576171875 0.5390625 0.58203125 0.5439453125 0.5947265625 0.544921875 0.6064453125 0.537109375 0.6474609375 0.54296875 0.650390625 0.5361328125 0.609375 0.4892578125 0.62109375 0.4697265625 0.619140625 0.4560546875 0.59765625 0.4384765625 0.5888671875 0.421875
2 0.5634765625 0.28515625 0.552734375 0.3095703125 0.5634765625 0.32421875 0.578125 0.3291015625 0.58984375 0.3251953125 0.595703125 0.3056640625 0.5634765625 0.28515625
2 0.5927734375 0.328125 0.583984375 0.3388671875 0.58984375 0.3544921875 0.6015625 0.3603515625 0.6171875 0.3544921875 0.6171875 0.3427734375 0.5927734375 0.328125
2 0.357421875 0.4892578125 0.341796875 0.4716796875 0.341796875 0.4501953125 0.3330078125 0.431640625 0.31640625 0.4501953125 0.31640625 0.4873046875 0.310546875 0.4970703125 0.3125 0.5087890625 0.322265625 0.5166015625 0.326171875 0.5498046875 0.3525390625 0.546875 0.365234375 0.5126953125 0.357421875 0.4892578125
2 0.2919921875 0.578125 0.2822265625 0.576171875 0.2666015625 0.583984375 0.2451171875 0.576171875 0.236328125 0.5791015625 0.236328125 0.5966796875 0.2451171875 0.609375 0.2646484375 0.615234375 0.2841796875 0.60546875 0.298828125 0.6162109375 0.3173828125 0.61328125 0.3359375 0.5966796875 0.333984375 0.5869140625 0.3173828125 0.5703125 0.3017578125 0.568359375 0.2919921875 0.578125
2 0.498046875 0.6982421875 0.5 0.7138671875 0.515625 0.7314453125 0.5234375 0.7255859375 0.5234375 0.7080078125 0.5146484375 0.693359375 0.5068359375 0.69140625 0.498046875 0.6982421875
2 0.5029296875 0.783203125 0.51953125 0.7587890625 0.4990234375 0.75390625 0.484375 0.7724609375 0.4921875 0.7841796875 0.5029296875 0.783203125
2 0.037109375 0.8271484375 0.037109375 0.8388671875 0.052734375 0.8525390625 0.064453125 0.8525390625 0.068359375 0.8330078125 0.0576171875 0.818359375 0.0478515625 0.81640625 0.037109375 0.8271484375
2 0.373046875 0.3212890625 0.369140625 0.3037109375 0.390625 0.2841796875 0.3818359375 0.26171875 0.3720703125 0.26171875 0.3642578125 0.26953125 0.3525390625 0.2578125 0.33984375 0.2626953125 0.33984375 0.3056640625 0.3515625 0.3251953125 0.3681640625 0.326171875 0.373046875 0.3212890625
2 0.3681640625 0.095703125 0.3486328125 0.09375 0.34375 0.1103515625 0.35546875 0.1357421875 0.373046875 0.1318359375 0.376953125 0.1044921875 0.3681640625 0.095703125
2 0.32421875 0.0146484375 0.32421875 0.0498046875 0.330078125 0.0537109375 0.3486328125 0.0546875 0.3515625 0.0498046875 0.3515625 0.0361328125 0.3349609375 0.009765625 0.32421875 0.0146484375
2 0.2392578125 0.111328125 0.2177734375 0.10546875 0.21484375 0.1201171875 0.22265625 0.1396484375 0.2431640625 0.138671875 0.248046875 0.1259765625 0.2392578125 0.111328125
2 0.236328125 0.1630859375 0.236328125 0.1748046875 0.251953125 0.1982421875 0.2607421875 0.19921875 0.271484375 0.1904296875 0.267578125 0.1650390625 0.2607421875 0.158203125 0.236328125 0.1630859375
2 0.1611328125 0.095703125 0.134765625 0.1005859375 0.134765625 0.1181640625 0.146484375 0.1259765625 0.1552734375 0.125 0.166015625 0.1103515625 0.1611328125 0.095703125
2 0.197265625 0.0009765625 0.1767578125 0 0.17578125 0.0107421875 0.1875 0.0263671875 0.1943359375 0.02734375 0.19921875 0.0205078125 0.197265625 0.0009765625
2 0.748046875 0.0146484375 0.7412109375 0.005859375 0.716796875 0.0244140625 0.724609375 0.0419921875 0.7333984375 0.04296875 0.7421875 0.0341796875 0.748046875 0.0146484375
2 0.31640625 0.3623046875 0.326171875 0.3740234375 0.33203125 0.4013671875 0.35546875 0.3720703125 0.349609375 0.3505859375 0.3388671875 0.34375 0.3291015625 0.345703125 0.31640625 0.3623046875
2 0.3818359375 0.384765625 0.390625 0.3759765625 0.3818359375 0.357421875 0.373046875 0.3583984375 0.37109375 0.3857421875 0.3818359375 0.384765625
2 0.51953125 0.7626953125 0.5234375 0.7021484375 0.509765625 0.6845703125 0.50390625 0.6494140625 0.4873046875 0.642578125 0.474609375 0.6904296875 0.48046875 0.7216796875 0.494140625 0.7490234375 0.484375 0.7705078125 0.4921875 0.7841796875 0.5029296875 0.783203125 0.51953125 0.7626953125
2 0.2158203125 0.662109375 0.205078125 0.6748046875 0.20703125 0.6884765625 0.2275390625 0.689453125 0.232421875 0.6845703125 0.232421875 0.6708984375 0.2236328125 0.662109375 0.2158203125 0.662109375