2 0.2802734375 0.73828125 0.33984375 0.6787109375 0.337890625 0.6591796875 0.3251953125 0.6484375 0.3134765625 0.6484375 0.283203125 0.6748046875 0.275390625 0.6943359375 0.2421875 0.7236328125 0.2373046875 0.73828125 0.2451171875 0.744140625 0.2802734375 0.73828125
2 0.0068359375 0.96875 0.0166015625 0.9765625 0.0458984375 0.9765625 0.0546875 0.9560546875 0.0302734375 0.947265625 0.0166015625 0.953125 0.0068359375 0.96875
2 0.4296875 0.8916015625 0.4111328125 0.88671875 0.3505859375 0.896484375 0.341796875 0.9072265625 0.3427734375 0.927734375 0.3623046875 0.9296875 0.3876953125 0.912109375 0.4111328125 0.908203125 0.4296875 0.8916015625
2 0.0732421875 0.525390625 0.0986328125 0.529296875 0.1083984375 0.525390625 0.111328125 0.5166015625 0.1064453125 0.51171875 0.0849609375 0.51171875 0.0732421875 0.525390625
2 0.072265625 0.1259765625 0.0634765625 0.11328125 0.0283203125 0.111328125 0.0263671875 0.119140625 0.0478515625 0.13671875 0.072265625 0.1259765625
2 0.1015625 0.0791015625 0.0869140625 0.064453125 0.0634765625 0.064453125 0.052734375 0.0732421875 0.0537109375 0.0859375 0.0654296875 0.099609375 0.0810546875 0.1015625 0.09765625 0.0927734375 0.1015625 0.0791015625
2 0.193359375 0.1162109375 0.18359375 0.1259765625 0.1826171875 0.142578125 0.1982421875 0.154296875 0.2236328125 0.154296875 0.2314453125 0.146484375 0.2353515625 0.15234375 0.2421875 0.1396484375 0.236328125 0.1279296875 0.23828125 0.1123046875 0.2236328125 0.10546875 0.2197265625 0.095703125 0.1865234375 0.09765625 0.18359375 0.1064453125 0.193359375 0.1162109375
2 0.2294921875 0.3046875 0.2509765625 0.33984375 0.263671875 0.3330078125 0.265625 0.3212890625 0.2529296875 0.30859375 0.2353515625 0.30078125 0.2294921875 0.3046875
2 0.4736328125 0.36328125 0.451171875 0.3818359375 0.4501953125 0.40234375 0.4775390625 0.40625 0.486328125 0.3994140625 0.48828125 0.3720703125 0.4833984375 0.365234375 0.4736328125 0.36328125
2 0.4033203125 0.314453125 0.390625 0.3251953125 0.3916015625 0.3359375 0.4111328125 0.345703125 0.42578125 0.3369140625 0.42578125 0.3212890625 0.4130859375 0.3125 0.4033203125 0.314453125
2 0.5439453125 0.025390625 0.5751953125 0.0546875 0.591796875 0.0322265625 0.5830078125 0.015625 0.5712890625 0.013671875 0.5458984375 0.015625 0.5439453125 0.025390625
2 0.4931640625 0.0390625 0.5107421875 0.056640625 0.5205078125 0.0625 0.529296875 0.0576171875 0.533203125 0.0380859375 0.5146484375 0.017578125 0.4794921875 0.00390625 0.466796875 0.0087890625 0.4677734375 0.017578125 0.4775390625 0.033203125 0.4931640625 0.0390625
2 0.4755859375 0.06640625 0.4892578125 0.0859375 0.509765625 0.0966796875 0.50390625 0.0693359375 0.4892578125 0.0546875 0.4775390625 0.05078125 0.4755859375 0.06640625
2 0.5703125 0.0927734375 0.5615234375 0.0859375 0.5498046875 0.087890625 0.541015625 0.0966796875 0.5380859375 0.115234375 0.5478515625 0.123046875 0.5693359375 0.123046875 0.57421875 0.1162109375 0.5703125 0.0927734375
2 0.7705078125 0.19921875 0.7783203125 0.216796875 0.81640625 0.2255859375 0.81640625 0.2060546875 0.7958984375 0.1875 0.7724609375 0.1796875 0.7705078125 0.19921875
2 0.7822265625 0.16015625 0.8115234375 0.185546875 0.822265625 0.1728515625 0.814453125 0.1455078125 0.8017578125 0.13671875 0.78515625 0.1416015625 0.7822265625 0.16015625
2 0.7158203125 0.181640625 0.724609375 0.2216796875 0.7392578125 0.2265625 0.755859375 0.1708984375 0.7333984375 0.140625 0.716796875 0.1494140625 0.7158203125 0.181640625
2 0.931640625 0.2412109375 0.9267578125 0.224609375 0.9091796875 0.22265625 0.8984375 0.2314453125 0.8955078125 0.2578125 0.9013671875 0.267578125 0.9189453125 0.265625 0.92578125 0.2587890625 0.931640625 0.2412109375
2 0.966796875 0.1201171875 0.9599609375 0.099609375 0.9365234375 0.1015625 0.9326171875 0.115234375 0.9482421875 0.126953125 0.966796875 0.1201171875
2 0.9482421875 0.4140625 0.9677734375 0.431640625 0.9765625 0.4052734375 0.9501953125 0.400390625 0.9482421875 0.4140625
2 0.7548828125 0.455078125 0.73828125 0.4716796875 0.7373046875 0.5 0.7490234375 0.501953125 0.76171875 0.4892578125 0.767578125 0.4677734375 0.7646484375 0.453125 0.7548828125 0.455078125
2 0.6787109375 0.556640625 0.6923828125 0.580078125 0.7109375 0.5771484375 0.7109375 0.5634765625 0.6943359375 0.544921875 0.6806640625 0.54296875 0.6787109375 0.556640625
2 0.9287109375 0.90625 0.94921875 0.8876953125 0.96484375 0.8466796875 0.9521484375 0.8359375 0.9111328125 0.83984375 0.8984375 0.8544921875 0.8955078125 0.876953125 0.90234375 0.8798828125 0.9091796875 0.90625 0.9287109375 0.90625
2 0.8837890625 0.916015625 0.87890625 0.9189453125 0.8798828125 0.9375 0.890625 0.9873046875 0.9072265625 0.990234375 0.912109375 0.9697265625 0.89453125 0.9267578125 0.8837890625 0.916015625
2 0.8662109375 1 0.865234375 0.9814453125 0.8525390625 0.982421875 0.8408203125 1 0.8662109375 1
2 0.7802734375 0.5234375 0.7919921875 0.548828125 0.8203125 0.5556640625 0.80859375 0.5146484375 0.7978515625 0.498046875 0.779296875 0.5126953125 0.7802734375 0.5234375
2 0.9375 0.5732421875 0.953125 0.5537109375 0.9404296875 0.53125 0.9287109375 0.529296875 0.923828125 0.5341796875 0.908203125 0.5615234375 0.9091796875 0.578125 0.9169921875 0.58984375 0.9375 0.5966796875 0.9375 0.5732421875
2 0.5380859375 0.54296875 0.5244140625 0.544921875 0.5224609375 0.552734375 0.5810546875 0.564453125 0.5908203125 0.5625 0.59375 0.5556640625 0.5888671875 0.546875 0.5380859375 0.54296875
2 0.5244140625 0.53125 0.5595703125 0.54296875 0.5703125 0.5400390625 0.5673828125 0.529296875 0.5380859375 0.521484375 0.5263671875 0.521484375 0.5244140625 0.53125
2 0.0087890625 0.41015625 0.0302734375 0.4375 0.044921875 0.4248046875 0.046875 0.3994140625 0.0244140625 0.388671875 0.0078125 0.4013671875 0.0087890625 0.41015625