2 0.0693359375 0.013671875 0.052734375 0.0341796875 0.052734375 0.0498046875 0.0771484375 0.072265625 0.1083984375 0.068359375 0.1142578125 0.05859375 0.11328125 0.0302734375 0.0986328125 0.017578125 0.0693359375 0.013671875
2 0.052734375 0.5595703125 0.0302734375 0.564453125 0.01171875 0.5849609375 0.01171875 0.6357421875 0.0322265625 0.646484375 0.0693359375 0.64453125 0.091796875 0.6298828125 0.1025390625 0.59375 0.0927734375 0.560546875 0.0458984375 0.556640625 0.052734375 0.5595703125
2 0.1552734375 0.9140625 0.138671875 0.9423828125 0.1416015625 0.955078125 0.1669921875 0.962890625 0.2060546875 0.953125 0.201171875 0.9208984375 0.1806640625 0.908203125 0.1552734375 0.9140625
2 0.1806640625 0.494140625 0.166015625 0.5029296875 0.15625 0.5283203125 0.1748046875 0.546875 0.2001953125 0.548828125 0.22265625 0.5341796875 0.2255859375 0.515625 0.220703125 0.5029296875 0.2080078125 0.494140625 0.1806640625 0.494140625
2 0.2509765625 0.5703125 0.23828125 0.5888671875 0.23828125 0.6142578125 0.2783203125 0.640625 0.298828125 0.6220703125 0.3056640625 0.60546875 0.302734375 0.5810546875 0.2802734375 0.564453125 0.2509765625 0.5703125
2 0.1689453125 0.62109375 0.1552734375 0.623046875 0.146484375 0.6298828125 0.1484375 0.6494140625 0.138671875 0.6591796875 0.138671875 0.6708984375 0.1533203125 0.677734375 0.1689453125 0.673828125 0.1884765625 0.6484375 0.2001953125 0.642578125 0.1982421875 0.6328125 0.1904296875 0.63671875 0.1689453125 0.62109375
2 0.4619140625 0.783203125 0.439453125 0.7919921875 0.43359375 0.8232421875 0.4482421875 0.84375 0.4716796875 0.84765625 0.4951171875 0.826171875 0.49609375 0.8056640625 0.4775390625 0.787109375 0.4619140625 0.783203125
2 0.3818359375 0.927734375 0.376953125 0.9326171875 0.375 0.9619140625 0.3818359375 0.9765625 0.4150390625 0.982421875 0.427734375 0.9736328125 0.4287109375 0.9609375 0.4296875 0.9423828125 0.4228515625 0.931640625 0.3818359375 0.927734375
2 0.6435546875 0.732421875 0.6240234375 0.734375 0.61328125 0.7431640625 0.611328125 0.7685546875 0.6240234375 0.791015625 0.6552734375 0.7890625 0.6708984375 0.775390625 0.671875 0.7509765625 0.6669921875 0.744140625 0.6435546875 0.732421875
2 0.7626953125 0.806640625 0.73828125 0.8232421875 0.7421875 0.8466796875 0.7666015625 0.8671875 0.7861328125 0.861328125 0.8017578125 0.841796875 0.802734375 0.8271484375 0.7783203125 0.806640625 0.7626953125 0.806640625
2 0.6650390625 0.8984375 0.654296875 0.9052734375 0.6708984375 0.923828125 0.6923828125 0.923828125 0.693359375 0.9111328125 0.6826171875 0.90234375 0.6650390625 0.8984375
2 0.8798828125 0.55859375 0.861328125 0.5810546875 0.861328125 0.5986328125 0.8759765625 0.615234375 0.9033203125 0.607421875 0.9169921875 0.59375 0.91796875 0.5693359375 0.9033203125 0.548828125 0.8798828125 0.55859375
2 0.5419921875 0.24609375 0.53125 0.2744140625 0.5390625 0.3017578125 0.5712890625 0.3125 0.595703125 0.2958984375 0.5986328125 0.265625 0.5830078125 0.24609375 0.5693359375 0.240234375 0.5419921875 0.24609375
2 0.9189453125 0.216796875 0.9013671875 0.23046875 0.884765625 0.2294921875 0.8828125 0.2607421875 0.8916015625 0.275390625 0.9013671875 0.2734375 0.9345703125 0.287109375 0.9501953125 0.283203125 0.9599609375 0.267578125 0.9609375 0.2490234375 0.953125 0.2373046875 0.9189453125 0.216796875
2 0.1748046875 0.13671875 0.162109375 0.1591796875 0.162109375 0.1728515625 0.171875 0.1845703125 0.1640625 0.1904296875 0.2158203125 0.1875 0.212890625 0.1435546875 0.1962890625 0.1328125 0.1748046875 0.13671875
2 0.390625 0.5029296875 0.392578125 0.5302734375 0.4013671875 0.53515625 0.4267578125 0.533203125 0.4462890625 0.5078125 0.4404296875 0.478515625 0.4033203125 0.478515625 0.390625 0.5029296875
2 0.47265625 0.5615234375 0.4775390625 0.572265625 0.5107421875 0.568359375 0.5068359375 0.541015625 0.4873046875 0.546875 0.47265625 0.5615234375
2 0.529296875 0.4345703125 0.53125 0.4501953125 0.5517578125 0.451171875 0.5625 0.4443359375 0.5654296875 0.43359375 0.5634765625 0.423828125 0.5380859375 0.42578125 0.529296875 0.4345703125
2 0.6416015625 0.138671875 0.630859375 0.1572265625 0.6435546875 0.166015625 0.7470703125 0.13671875 0.7451171875 0.125 0.6708984375 0.12890625 0.6416015625 0.138671875
2 0.171875 0.0595703125 0.2119140625 0.046875 0.2119140625 0.029296875 0.1787109375 0.03125 0.171875 0.0595703125