2 0.685546875 0.1025390625 0.677734375 0.0751953125 0.6357421875 0.064453125 0.6171875 0.0830078125 0.62109375 0.1044921875 0.6376953125 0.126953125 0.662109375 0.1279296875 0.685546875 0.1025390625
2 0.732421875 0.0517578125 0.7265625 0.0283203125 0.7216796875 0.0234375 0.6845703125 0.021484375 0.677734375 0.0712890625 0.6982421875 0.08203125 0.708984375 0.0810546875 0.732421875 0.0517578125
2 0.7216796875 0.39453125 0.748046875 0.3974609375 0.763671875 0.3837890625 0.763671875 0.3505859375 0.7470703125 0.333984375 0.7353515625 0.333984375 0.716796875 0.3447265625 0.7109375 0.3564453125 0.712890625 0.3759765625 0.7216796875 0.39453125
2 0.7998046875 0.28125 0.8125 0.2626953125 0.7998046875 0.25 0.7802734375 0.25 0.767578125 0.2646484375 0.7744140625 0.283203125 0.7890625 0.2841796875 0.7998046875 0.28125
2 0.64453125 0.9912109375 0.662109375 0.9775390625 0.662109375 0.9501953125 0.6376953125 0.931640625 0.6064453125 0.931640625 0.595703125 0.9443359375 0.595703125 0.9736328125 0.6142578125 0.9921875 0.64453125 0.9912109375
2 0.9169921875 0.86328125 0.9091796875 0.873046875 0.8798828125 0.87890625 0.87109375 0.8876953125 0.86328125 0.9072265625 0.87890625 0.9541015625 0.8876953125 0.96484375 0.8984375 0.9638671875 0.9150390625 0.94921875 0.9580078125 0.9296875 0.974609375 0.9091796875 0.978515625 0.8876953125 0.9541015625 0.8671875 0.9306640625 0.875 0.9248046875 0.86328125 0.9169921875 0.86328125
2 0.7001953125 0.85546875 0.7119140625 0.861328125 0.734375 0.8603515625 0.75390625 0.8525390625 0.759765625 0.8154296875 0.755859375 0.7978515625 0.7294921875 0.783203125 0.6982421875 0.796875 0.6875 0.8173828125 0.689453125 0.8408203125 0.7001953125 0.85546875
2 0.76953125 0.7119140625 0.80078125 0.6865234375 0.8046875 0.6669921875 0.7724609375 0.646484375 0.7412109375 0.6484375 0.734375 0.6630859375 0.736328125 0.6943359375 0.7529296875 0.712890625 0.76953125 0.7119140625
2 0.5703125 0.6064453125 0.5947265625 0.6015625 0.619140625 0.5751953125 0.6171875 0.5693359375 0.5947265625 0.56640625 0.5556640625 0.548828125 0.529296875 0.5927734375 0.5576171875 0.607421875 0.5703125 0.6064453125
2 0.880859375 0.4814453125 0.9130859375 0.4765625 0.91796875 0.4541015625 0.8876953125 0.427734375 0.8662109375 0.42578125 0.8515625 0.4365234375 0.8515625 0.4697265625 0.8642578125 0.482421875 0.880859375 0.4814453125
2 0.17578125 0.4208984375 0.205078125 0.4033203125 0.20703125 0.3818359375 0.1923828125 0.36328125 0.1611328125 0.361328125 0.146484375 0.3701171875 0.14453125 0.4033203125 0.1630859375 0.419921875 0.17578125 0.4208984375
2 0.185546875 0.8056640625 0.193359375 0.7841796875 0.189453125 0.7587890625 0.1416015625 0.755859375 0.123046875 0.7900390625 0.1396484375 0.80859375 0.173828125 0.8095703125 0.185546875 0.8056640625
2 0.2392578125 0.896484375 0.2158203125 0.8984375 0.1953125 0.9111328125 0.2001953125 0.927734375 0.232421875 0.9306640625 0.244140625 0.9072265625 0.2392578125 0.896484375
2 0.916015625 0.8056640625 0.9052734375 0.796875 0.8779296875 0.80078125 0.87109375 0.8232421875 0.88671875 0.8232421875 0.9091796875 0.8203125 0.916015625 0.8056640625