2 0.337890625 0.8720703125 0.314453125 0.8974609375 0.322265625 0.9248046875 0.3642578125 0.935546875 0.3828125 0.9169921875 0.37890625 0.8955078125 0.3623046875 0.873046875 0.337890625 0.8720703125
2 0.291015625 0.9189453125 0.267578125 0.9482421875 0.2734375 0.9716796875 0.2783203125 0.9765625 0.3154296875 0.978515625 0.322265625 0.9287109375 0.3017578125 0.91796875 0.291015625 0.9189453125
2 0.283203125 0.6552734375 0.2890625 0.6435546875 0.287109375 0.6240234375 0.2783203125 0.60546875 0.251953125 0.6025390625 0.236328125 0.6162109375 0.236328125 0.6494140625 0.2529296875 0.666015625 0.2646484375 0.666015625 0.283203125 0.6552734375
2 0.2109375 0.7158203125 0.2001953125 0.71875 0.1875 0.7373046875 0.2001953125 0.75 0.2197265625 0.75 0.232421875 0.7353515625 0.2255859375 0.716796875 0.2109375 0.7158203125
2 0.404296875 0.0263671875 0.3857421875 0.0078125 0.35546875 0.0087890625 0.337890625 0.0224609375 0.337890625 0.0498046875 0.3623046875 0.068359375 0.3935546875 0.068359375 0.404296875 0.0556640625 0.404296875 0.0263671875
2 0.1123046875 0.03515625 0.1015625 0.0361328125 0.0849609375 0.05078125 0.0419921875 0.0703125 0.025390625 0.0908203125 0.021484375 0.1123046875 0.0458984375 0.1328125 0.0693359375 0.125 0.0751953125 0.13671875 0.0830078125 0.13671875 0.0908203125 0.126953125 0.1201171875 0.12109375 0.12890625 0.1123046875 0.13671875 0.0927734375 0.12109375 0.0458984375 0.1123046875 0.03515625
2 0.2705078125 0.216796875 0.3017578125 0.203125 0.3125 0.1826171875 0.310546875 0.1591796875 0.2998046875 0.14453125 0.2880859375 0.138671875 0.265625 0.1396484375 0.24609375 0.1474609375 0.240234375 0.1845703125 0.244140625 0.2021484375 0.2705078125 0.216796875
2 0.263671875 0.3056640625 0.2470703125 0.287109375 0.23046875 0.2880859375 0.19921875 0.3134765625 0.1953125 0.3330078125 0.2275390625 0.353515625 0.2587890625 0.3515625 0.265625 0.3369140625 0.263671875 0.3056640625
2 0.470703125 0.4072265625 0.4423828125 0.392578125 0.4296875 0.3935546875 0.4052734375 0.3984375 0.380859375 0.4248046875 0.3828125 0.4306640625 0.4052734375 0.43359375 0.4443359375 0.451171875 0.470703125 0.4072265625
2 0.1484375 0.5302734375 0.1357421875 0.517578125 0.119140625 0.5185546875 0.0869140625 0.5234375 0.08203125 0.5458984375 0.1123046875 0.572265625 0.1337890625 0.57421875 0.1484375 0.5634765625 0.1484375 0.5302734375
2 0.85546875 0.5966796875 0.8369140625 0.580078125 0.82421875 0.5791015625 0.794921875 0.5966796875 0.79296875 0.6181640625 0.8076171875 0.63671875 0.8388671875 0.638671875 0.853515625 0.6298828125 0.85546875 0.5966796875
2 0.826171875 0.1904296875 0.814453125 0.1943359375 0.806640625 0.2158203125 0.810546875 0.2412109375 0.8583984375 0.244140625 0.876953125 0.2099609375 0.8603515625 0.19140625 0.826171875 0.1904296875
2 0.7607421875 0.103515625 0.7841796875 0.1015625 0.8046875 0.0888671875 0.7998046875 0.072265625 0.767578125 0.0693359375 0.755859375 0.0927734375 0.7607421875 0.103515625
2 0.083984375 0.1943359375 0.0947265625 0.203125 0.1220703125 0.19921875 0.12890625 0.1767578125 0.11328125 0.1767578125 0.0908203125 0.1796875 0.083984375 0.1943359375