2 0.9248046875 0.501953125 0.9365234375 0.513671875 0.9541015625 0.51171875 0.962890625 0.4912109375 0.9443359375 0.4765625 0.9326171875 0.4765625 0.923828125 0.4833984375 0.9248046875 0.501953125
2 0.6826171875 0.220703125 0.7021484375 0.265625 0.7314453125 0.26953125 0.73828125 0.2646484375 0.732421875 0.2177734375 0.7197265625 0.203125 0.6884765625 0.203125 0.6826171875 0.220703125
2 0.5439453125 0.34375 0.552734375 0.3681640625 0.5693359375 0.373046875 0.57421875 0.3642578125 0.572265625 0.3232421875 0.5673828125 0.318359375 0.5498046875 0.3203125 0.5439453125 0.34375
2 0.5380859375 0.30859375 0.5693359375 0.30859375 0.572265625 0.2939453125 0.5517578125 0.283203125 0.541015625 0.2900390625 0.5380859375 0.30859375
2 0.5732421875 0.265625 0.5927734375 0.26953125 0.599609375 0.2646484375 0.60546875 0.2333984375 0.63671875 0.1962890625 0.6337890625 0.189453125 0.6103515625 0.1875 0.603515625 0.2041015625 0.580078125 0.2236328125 0.583984375 0.2314453125 0.5732421875 0.265625
2 0.7021484375 0.453125 0.7099609375 0.466796875 0.7197265625 0.466796875 0.7265625 0.4599609375 0.7265625 0.4384765625 0.7138671875 0.43359375 0.7021484375 0.453125
2 0.5888671875 0.646484375 0.5986328125 0.65625 0.623046875 0.6279296875 0.6240234375 0.59375 0.6015625 0.5986328125 0.5888671875 0.646484375
2 0.6162109375 0.78515625 0.6220703125 0.796875 0.6337890625 0.796875 0.642578125 0.7880859375 0.646484375 0.7646484375 0.6396484375 0.755859375 0.6318359375 0.75390625 0.62109375 0.7626953125 0.6162109375 0.78515625
2 0.6416015625 0.818359375 0.6474609375 0.830078125 0.6611328125 0.83203125 0.6708984375 0.845703125 0.6787109375 0.845703125 0.689453125 0.8291015625 0.685546875 0.8154296875 0.6708984375 0.80859375 0.6552734375 0.7890625 0.642578125 0.8017578125 0.6416015625 0.818359375
2 0.7294921875 0.849609375 0.7431640625 0.87109375 0.76171875 0.8720703125 0.7626953125 0.849609375 0.7353515625 0.83984375 0.728515625 0.8427734375 0.7294921875 0.849609375
2 0.8603515625 0.970703125 0.8759765625 0.98046875 0.8828125 0.9775390625 0.884765625 0.9560546875 0.8779296875 0.947265625 0.86328125 0.9482421875 0.8603515625 0.970703125
2 0.8369140625 0.73046875 0.83984375 0.7431640625 0.8662109375 0.771484375 0.9091796875 0.7734375 0.935546875 0.7529296875 0.947265625 0.7333984375 0.947265625 0.6845703125 0.9267578125 0.666015625 0.8564453125 0.66796875 0.83984375 0.6904296875 0.8369140625 0.73046875
2 0.3681640625 0.251953125 0.3798828125 0.265625 0.39453125 0.2587890625 0.3857421875 0.23046875 0.37109375 0.2333984375 0.3681640625 0.251953125
2 0.4384765625 0.345703125 0.4580078125 0.36328125 0.474609375 0.3525390625 0.470703125 0.3408203125 0.4560546875 0.333984375 0.4423828125 0.333984375 0.4384765625 0.345703125
2 0.4228515625 0.65625 0.4306640625 0.666015625 0.4404296875 0.666015625 0.455078125 0.6533203125 0.45703125 0.6435546875 0.4326171875 0.638671875 0.423828125 0.6455078125 0.4228515625 0.65625
2 0.1298828125 0.888671875 0.142578125 0.9287109375 0.1552734375 0.93359375 0.16015625 0.9150390625 0.15234375 0.9091796875 0.1484375 0.8876953125 0.1318359375 0.880859375 0.1298828125 0.888671875
2 0.1044921875 0.16796875 0.1162109375 0.17578125 0.1328125 0.1591796875 0.130859375 0.1337890625 0.1240234375 0.125 0.109375 0.1298828125 0.1044921875 0.16796875
2 0.0009765625 0.744140625 0.0146484375 0.744140625 0.021484375 0.7373046875 0.013671875 0.7197265625 0.0029296875 0.712890625 0.0009765625 0.744140625
2 0.4423828125 0.751953125 0.4619140625 0.7734375 0.470703125 0.7724609375 0.478515625 0.7138671875 0.4697265625 0.677734375 0.4619140625 0.6796875 0.443359375 0.7041015625 0.4423828125 0.751953125
2 0.5185546875 0.8046875 0.5244140625 0.81640625 0.5380859375 0.818359375 0.546875 0.8115234375 0.546875 0.7998046875 0.5341796875 0.7890625 0.5244140625 0.7890625 0.5185546875 0.8046875