2 0.2275390625 0.08984375 0.2490234375 0.0859375 0.25390625 0.0751953125 0.2314453125 0.052734375 0.2236328125 0.052734375 0.2080078125 0.06640625 0.2109375 0.0830078125 0.2275390625 0.08984375
2 0.2705078125 0.19921875 0.28125 0.1904296875 0.279296875 0.1728515625 0.2724609375 0.166015625 0.2587890625 0.16796875 0.2529296875 0.177734375 0.251953125 0.1943359375 0.2587890625 0.19921875 0.2705078125 0.19921875
2 0.0009765625 0.427734375 0.0498046875 0.427734375 0.056640625 0.4208984375 0.0498046875 0.41015625 0.0224609375 0.40234375 0.0009765625 0.408203125 0.0009765625 0.427734375
2 0.1015625 0.7841796875 0.1103515625 0.78515625 0.1328125 0.7666015625 0.138671875 0.7509765625 0.1201171875 0.75390625 0.1025390625 0.767578125 0.1015625 0.7841796875
2 0.0693359375 0.841796875 0.0966796875 0.82421875 0.109375 0.7900390625 0.1044921875 0.78515625 0.0927734375 0.7890625 0.0576171875 0.83203125 0.0576171875 0.841796875 0.0693359375 0.841796875
2 0.0341796875 0.951171875 0.04296875 0.9443359375 0.044921875 0.9306640625 0.033203125 0.9072265625 0.0205078125 0.896484375 0.0029296875 0.9375 0.0029296875 0.943359375 0.0166015625 0.951171875 0.0341796875 0.951171875
2 0.2353515625 0.990234375 0.2568359375 0.9921875 0.26171875 0.9873046875 0.2509765625 0.955078125 0.2392578125 0.953125 0.2314453125 0.96875 0.2353515625 0.990234375
2 0.5830078125 0.3828125 0.6240234375 0.359375 0.630859375 0.3486328125 0.6142578125 0.3359375 0.5966796875 0.3359375 0.5732421875 0.365234375 0.57421875 0.3798828125 0.5830078125 0.3828125
2 0.892578125 0.1748046875 0.896484375 0.1455078125 0.8818359375 0.140625 0.8701171875 0.146484375 0.83203125 0.1845703125 0.8037109375 0.2265625 0.8037109375 0.236328125 0.8193359375 0.23828125 0.833984375 0.2294921875 0.8583984375 0.19921875 0.8779296875 0.1953125 0.892578125 0.1748046875
2 0.78515625 0.5185546875 0.7802734375 0.501953125 0.7568359375 0.498046875 0.7470703125 0.48828125 0.7177734375 0.48046875 0.7041015625 0.490234375 0.705078125 0.5029296875 0.7275390625 0.517578125 0.7607421875 0.52734375 0.7744140625 0.52734375 0.78515625 0.5185546875
2 1 0.5654296875 0.9912109375 0.5625 0.9775390625 0.5703125 0.9638671875 0.587890625 0.9716796875 0.599609375 0.9931640625 0.59765625 1 0.5908203125 1 0.5654296875
2 0.97265625 0.3095703125 0.9833984375 0.3203125 1 0.3232421875 0.9990234375 0.28125 0.9873046875 0.28125 0.9716796875 0.298828125 0.97265625 0.3095703125
2 1 0.1162109375 0.9794921875 0.11328125 0.9677734375 0.09765625 0.9521484375 0.095703125 0.923828125 0.1220703125 0.9130859375 0.142578125 0.9140625 0.1572265625 0.9208984375 0.1640625 0.9599609375 0.17578125 0.9853515625 0.146484375 0.99609375 0.1572265625 1 0.1162109375
2 0.9091796875 0.265625 0.9296875 0.2373046875 0.92578125 0.1923828125 0.9208984375 0.181640625 0.9052734375 0.1796875 0.8935546875 0.197265625 0.900390625 0.2373046875 0.896484375 0.2607421875 0.9091796875 0.265625
2 0.861328125 0.6650390625 0.8662109375 0.671875 0.890625 0.6591796875 0.8857421875 0.63671875 0.8681640625 0.634765625 0.8623046875 0.642578125 0.861328125 0.6650390625
2 0.8486328125 0.689453125 0.859375 0.6748046875 0.8486328125 0.6640625 0.8369140625 0.6640625 0.82421875 0.6708984375 0.8134765625 0.689453125 0.8125 0.6962890625 0.8232421875 0.703125 0.8486328125 0.689453125
2 0.7216796875 0.734375 0.7392578125 0.732421875 0.748046875 0.7236328125 0.759765625 0.6845703125 0.7373046875 0.69140625 0.7138671875 0.716796875 0.7216796875 0.734375
2 0.4140625 0.2490234375 0.4384765625 0.2578125 0.44921875 0.2470703125 0.453125 0.2216796875 0.4384765625 0.212890625 0.4150390625 0.232421875 0.4140625 0.2490234375
2 0.3984375 0.3427734375 0.40234375 0.3095703125 0.3974609375 0.302734375 0.3896484375 0.30078125 0.373046875 0.3134765625 0.3603515625 0.3515625 0.3701171875 0.359375 0.3984375 0.3427734375
2 0.37890625 0.4130859375 0.3779296875 0.365234375 0.34765625 0.3916015625 0.349609375 0.4384765625 0.33984375 0.4501953125 0.3369140625 0.466796875 0.33984375 0.4912109375 0.3525390625 0.4921875 0.3671875 0.4345703125 0.37890625 0.4130859375
2 0.375 0.7451171875 0.3681640625 0.728515625 0.359375 0.7333984375 0.3515625 0.7568359375 0.33203125 0.7705078125 0.3251953125 0.806640625 0.3251953125 0.8125 0.3349609375 0.810546875 0.375 0.7705078125 0.375 0.7451171875
2 0.3173828125 0.740234375 0.345703125 0.7197265625 0.349609375 0.7060546875 0.3232421875 0.689453125 0.310546875 0.6982421875 0.3037109375 0.71875 0.3046875 0.7373046875 0.3173828125 0.740234375
2 0.2158203125 1 0.23046875 0.9833984375 0.23046875 0.9501953125 0.2138671875 0.93359375 0.1962890625 0.94140625 0.1396484375 0.935546875 0.130859375 0.9384765625 0.1279296875 0.966796875 0.1357421875 0.982421875 0.1630859375 1 0.2158203125 1