2 0.10546875 0.0302734375 0.107421875 0.0224609375 0.1005859375 0.015625 0.0810546875 0.015625 0.064453125 0.0380859375 0.064453125 0.0498046875 0.078125 0.0537109375 0.10546875 0.0302734375
2 0.1044921875 0.0546875 0.0947265625 0.056640625 0.080078125 0.0751953125 0.080078125 0.0849609375 0.09375 0.0888671875 0.11328125 0.0693359375 0.1044921875 0.0546875
2 0.12109375 0.1357421875 0.1171875 0.1181640625 0.0966796875 0.1015625 0.0712890625 0.109375 0.0625 0.1220703125 0.076171875 0.1552734375 0.087890625 0.1630859375 0.12109375 0.1357421875
2 0.068359375 0.2783203125 0.095703125 0.2568359375 0.0888671875 0.240234375 0.0732421875 0.2421875 0.037109375 0.2705078125 0.0439453125 0.287109375 0.064453125 0.2939453125 0.068359375 0.2783203125
2 0.0947265625 0.296875 0.076171875 0.3056640625 0.072265625 0.3173828125 0.0810546875 0.326171875 0.099609375 0.3251953125 0.107421875 0.3115234375 0.0947265625 0.296875
2 0.1591796875 0.337890625 0.162109375 0.3291015625 0.1455078125 0.31640625 0.1220703125 0.3125 0.11328125 0.3193359375 0.1181640625 0.330078125 0.15234375 0.3388671875 0.1591796875 0.337890625
2 0.0517578125 0.54296875 0.078125 0.5458984375 0.09375 0.5322265625 0.08984375 0.4970703125 0.0791015625 0.494140625 0.0732421875 0.482421875 0.0478515625 0.48046875 0.04296875 0.4892578125 0.04296875 0.5341796875 0.0517578125 0.54296875
2 0.0908203125 0.734375 0.0986328125 0.75 0.125 0.7490234375 0.146484375 0.7373046875 0.158203125 0.7001953125 0.1337890625 0.6875 0.0927734375 0.693359375 0.08203125 0.7060546875 0.08984375 0.7294921875 0.080078125 0.7412109375 0.0908203125 0.734375
2 0.0712890625 0.76171875 0.0556640625 0.759765625 0.046875 0.7705078125 0.046875 0.7822265625 0.08203125 0.7978515625 0.0859375 0.7744140625 0.0712890625 0.76171875
2 0.0263671875 0.771484375 0.013671875 0.7744140625 0.013671875 0.7841796875 0.0341796875 0.814453125 0.072265625 0.8193359375 0.080078125 0.8154296875 0.0859375 0.7978515625 0.087890625 0.7802734375 0.0810546875 0.767578125 0.0576171875 0.7578125 0.046875 0.7666015625 0.0419921875 0.783203125 0.0263671875 0.771484375
2 0.1015625 0.8818359375 0.09765625 0.8525390625 0.0908203125 0.84765625 0.0498046875 0.84765625 0.048828125 0.8623046875 0.060546875 0.8857421875 0.0859375 0.8876953125 0.1015625 0.8818359375
2 0.498046875 0.9521484375 0.5380859375 0.931640625 0.55078125 0.9189453125 0.552734375 0.9072265625 0.5458984375 0.90234375 0.5166015625 0.90234375 0.4775390625 0.9140625 0.4765625 0.9521484375 0.498046875 0.9521484375
2 0.4404296875 0.916015625 0.42578125 0.9404296875 0.41015625 0.9501953125 0.404296875 0.9619140625 0.404296875 0.9912109375 0.4111328125 1 0.4765625 0.9990234375 0.478515625 0.9580078125 0.5048828125 0.951171875 0.5400390625 0.931640625 0.552734375 0.9150390625 0.5478515625 0.90234375 0.5146484375 0.90234375 0.4873046875 0.912109375 0.4404296875 0.916015625
2 0.4287109375 0.421875 0.4111328125 0.421875 0.40234375 0.4384765625 0.380859375 0.4560546875 0.37890625 0.4697265625 0.390625 0.4892578125 0.349609375 0.5361328125 0.3525390625 0.54296875 0.3935546875 0.537109375 0.4052734375 0.544921875 0.41796875 0.5439453125 0.4423828125 0.5390625 0.44921875 0.5146484375 0.462890625 0.5068359375 0.462890625 0.4951171875 0.44921875 0.4892578125 0.451171875 0.4541015625 0.4453125 0.4306640625 0.4287109375 0.421875
2 0.447265625 0.3095703125 0.4365234375 0.28515625 0.404296875 0.3056640625 0.41015625 0.3251953125 0.421875 0.3291015625 0.4365234375 0.32421875 0.447265625 0.3095703125
2 0.416015625 0.3388671875 0.4072265625 0.328125 0.3828125 0.3427734375 0.3828125 0.3544921875 0.3984375 0.3603515625 0.41015625 0.3544921875 0.416015625 0.3388671875
2 0.658203125 0.4716796875 0.642578125 0.4892578125 0.634765625 0.5126953125 0.6474609375 0.546875 0.673828125 0.5498046875 0.677734375 0.5166015625 0.6875 0.5087890625 0.689453125 0.4970703125 0.68359375 0.4873046875 0.68359375 0.4501953125 0.6669921875 0.431640625 0.658203125 0.4501953125 0.658203125 0.4716796875
2 0.7177734375 0.576171875 0.7080078125 0.578125 0.6982421875 0.568359375 0.6826171875 0.5703125 0.666015625 0.5869140625 0.6640625 0.5966796875 0.6826171875 0.61328125 0.701171875 0.6162109375 0.7158203125 0.60546875 0.7353515625 0.615234375 0.7548828125 0.609375 0.763671875 0.5966796875 0.763671875 0.5791015625 0.7548828125 0.576171875 0.7333984375 0.583984375 0.7177734375 0.576171875
2 0.5 0.7138671875 0.501953125 0.6982421875 0.4931640625 0.69140625 0.4853515625 0.693359375 0.4765625 0.7080078125 0.4765625 0.7255859375 0.484375 0.7314453125 0.5 0.7138671875
2 0.48046875 0.7587890625 0.4970703125 0.783203125 0.5078125 0.7841796875 0.515625 0.7724609375 0.5009765625 0.75390625 0.48046875 0.7587890625
2 0.962890625 0.8388671875 0.962890625 0.8271484375 0.9521484375 0.81640625 0.9423828125 0.818359375 0.931640625 0.8330078125 0.935546875 0.8525390625 0.947265625 0.8525390625 0.962890625 0.8388671875
2 0.630859375 0.3037109375 0.626953125 0.3212890625 0.6318359375 0.326171875 0.6484375 0.3251953125 0.66015625 0.3056640625 0.66015625 0.2626953125 0.6474609375 0.2578125 0.6357421875 0.26953125 0.6279296875 0.26171875 0.6181640625 0.26171875 0.609375 0.2841796875 0.630859375 0.3037109375
2 0.6513671875 0.09375 0.6318359375 0.095703125 0.623046875 0.1044921875 0.626953125 0.1318359375 0.64453125 0.1357421875 0.65625 0.1103515625 0.6513671875 0.09375
2 0.67578125 0.0498046875 0.67578125 0.0146484375 0.6650390625 0.009765625 0.6484375 0.0361328125 0.6484375 0.0498046875 0.6513671875 0.0546875 0.669921875 0.0537109375 0.67578125 0.0498046875
2 0.7822265625 0.10546875 0.7607421875 0.111328125 0.751953125 0.1259765625 0.7568359375 0.138671875 0.77734375 0.1396484375 0.78515625 0.1201171875 0.7822265625 0.10546875
2 0.763671875 0.1748046875 0.763671875 0.1630859375 0.7392578125 0.158203125 0.732421875 0.1650390625 0.728515625 0.1904296875 0.7392578125 0.19921875 0.748046875 0.1982421875 0.763671875 0.1748046875
2 0.865234375 0.1005859375 0.8388671875 0.095703125 0.833984375 0.1103515625 0.8447265625 0.125 0.853515625 0.1259765625 0.865234375 0.1181640625 0.865234375 0.1005859375
2 0.8232421875 0 0.802734375 0.0009765625 0.80078125 0.0205078125 0.8056640625 0.02734375 0.8125 0.0263671875 0.82421875 0.0107421875 0.8232421875 0
2 0.2587890625 0.005859375 0.251953125 0.0146484375 0.2578125 0.0341796875 0.2666015625 0.04296875 0.275390625 0.0419921875 0.283203125 0.0244140625 0.2587890625 0.005859375
2 0.673828125 0.3740234375 0.68359375 0.3623046875 0.6708984375 0.345703125 0.6611328125 0.34375 0.650390625 0.3505859375 0.64453125 0.3720703125 0.66796875 0.4013671875 0.673828125 0.3740234375
2 0.609375 0.3759765625 0.6181640625 0.384765625 0.62890625 0.3857421875 0.626953125 0.3583984375 0.6181640625 0.357421875 0.609375 0.3759765625
2 0.4765625 0.7021484375 0.48046875 0.7626953125 0.4970703125 0.783203125 0.5078125 0.7841796875 0.515625 0.7705078125 0.505859375 0.7490234375 0.51953125 0.7216796875 0.525390625 0.6904296875 0.5126953125 0.642578125 0.49609375 0.6494140625 0.490234375 0.6845703125 0.4765625 0.7021484375
2 0.794921875 0.6748046875 0.7841796875 0.662109375 0.7763671875 0.662109375 0.767578125 0.6708984375 0.767578125 0.6845703125 0.7724609375 0.689453125 0.79296875 0.6884765625 0.794921875 0.6748046875