2 0.1474609375 0.9296875 0.125 0.9287109375 0.0927734375 0.9296875 0.091796875 0.9521484375 0.1044921875 0.95703125 0.154296875 0.9462890625 0.1474609375 0.9296875
2 0.23046875 0.9228515625 0.228515625 0.9072265625 0.234375 0.8974609375 0.212890625 0.8720703125 0.1953125 0.8837890625 0.19140625 0.9130859375 0.2099609375 0.935546875 0.2197265625 0.9375 0.23046875 0.9228515625
2 0.236328125 0.7861328125 0.232421875 0.7802734375 0.1650390625 0.779296875 0.15625 0.7958984375 0.2138671875 0.81640625 0.228515625 0.8017578125 0.236328125 0.7861328125
2 0.3291015625 0.791015625 0.3486328125 0.80078125 0.3642578125 0.798828125 0.384765625 0.7744140625 0.34375 0.7314453125 0.3095703125 0.732421875 0.302734375 0.7412109375 0.3046875 0.7529296875 0.32421875 0.7724609375 0.3291015625 0.791015625
2 0.357421875 0.6591796875 0.357421875 0.6357421875 0.34375 0.6220703125 0.33203125 0.6259765625 0.326171875 0.6669921875 0.3310546875 0.677734375 0.3466796875 0.67578125 0.357421875 0.6591796875
2 0.115234375 0.6142578125 0.115234375 0.5849609375 0.1015625 0.5693359375 0.0859375 0.5732421875 0.076171875 0.6064453125 0.0810546875 0.6171875 0.1103515625 0.62109375 0.115234375 0.6142578125
2 0.0849609375 0.427734375 0.1005859375 0.421875 0.123046875 0.3974609375 0.12109375 0.3798828125 0.1015625 0.3681640625 0.083984375 0.3720703125 0.083984375 0.3955078125 0.068359375 0.4033203125 0.072265625 0.4169921875 0.0849609375 0.427734375
2 0.5400390625 0.265625 0.548828125 0.2451171875 0.544921875 0.2373046875 0.5283203125 0.23828125 0.5087890625 0.25 0.498046875 0.2763671875 0.5185546875 0.279296875 0.5400390625 0.265625
2 0.69921875 0.7470703125 0.705078125 0.7216796875 0.6953125 0.7158203125 0.6787109375 0.71875 0.646484375 0.7470703125 0.6533203125 0.7734375 0.6650390625 0.775390625 0.69921875 0.7470703125
2 1 0.7275390625 0.9853515625 0.73046875 0.9716796875 0.74609375 0.9580078125 0.74609375 0.951171875 0.7529296875 0.951171875 0.7880859375 0.9599609375 0.794921875 1 0.8017578125 1 0.7275390625
2 1 0.4033203125 0.9873046875 0.404296875 0.9609375 0.4326171875 0.9716796875 0.43359375 0.974609375 0.4404296875 0.96484375 0.4619140625 0.970703125 0.4736328125 0.962890625 0.4794921875 0.9716796875 0.490234375 0.9931640625 0.498046875 1 0.4970703125 1 0.4033203125
2 0.806640625 0.2216796875 0.80859375 0.2060546875 0.798828125 0.2001953125 0.78515625 0.2060546875 0.783203125 0.2255859375 0.7880859375 0.232421875 0.7998046875 0.232421875 0.806640625 0.2216796875
2 0.71484375 0.1025390625 0.70703125 0.0966796875 0.693359375 0.1025390625 0.693359375 0.1162109375 0.7021484375 0.12109375 0.71484375 0.1142578125 0.71484375 0.1025390625
2 0.4140625 0.1162109375 0.41796875 0.0888671875 0.40625 0.0751953125 0.392578125 0.0810546875 0.376953125 0.1181640625 0.3837890625 0.138671875 0.3974609375 0.13671875 0.4140625 0.1162109375
2 0.412109375 0.1689453125 0.4169921875 0.181640625 0.4345703125 0.18359375 0.46484375 0.1552734375 0.474609375 0.1376953125 0.46875 0.1083984375 0.4580078125 0.107421875 0.4296875 0.1279296875 0.419921875 0.1455078125 0.419921875 0.1611328125 0.412109375 0.1689453125
2 0.279296875 0.3291015625 0.298828125 0.3017578125 0.30078125 0.2880859375 0.291015625 0.2802734375 0.279296875 0.2822265625 0.26171875 0.3095703125 0.2578125 0.3271484375 0.2666015625 0.3359375 0.279296875 0.3291015625