2 0.984375 0.9189453125 0.984375 0.8994140625 0.9775390625 0.892578125 0.9697265625 0.89453125 0.9462890625 0.921875 0.9501953125 0.935546875 0.9619140625 0.935546875 0.984375 0.9189453125
2 0.943359375 0.9052734375 0.9453125 0.8955078125 0.9306640625 0.88671875 0.9111328125 0.90625 0.9150390625 0.919921875 0.9248046875 0.919921875 0.943359375 0.9052734375
2 0.890625 0.9287109375 0.8984375 0.9033203125 0.8818359375 0.8828125 0.8642578125 0.87890625 0.8369140625 0.912109375 0.8447265625 0.923828125 0.8779296875 0.9375 0.890625 0.9287109375
2 0.7578125 0.9267578125 0.759765625 0.9111328125 0.7431640625 0.904296875 0.7216796875 0.931640625 0.7060546875 0.935546875 0.712890625 0.9560546875 0.7294921875 0.962890625 0.7578125 0.9267578125
2 0.6943359375 0.923828125 0.703125 0.9052734375 0.6884765625 0.892578125 0.6748046875 0.900390625 0.673828125 0.9189453125 0.6826171875 0.927734375 0.6943359375 0.923828125
2 0.6875 0.8779296875 0.68359375 0.8544921875 0.6708984375 0.837890625 0.662109375 0.8408203125 0.6611328125 0.84765625 0.669921875 0.8818359375 0.6806640625 0.88671875 0.6875 0.8779296875
2 0.5107421875 0.95703125 0.51953125 0.9521484375 0.517578125 0.9267578125 0.505859375 0.9208984375 0.5029296875 0.91015625 0.4677734375 0.90625 0.4541015625 0.921875 0.45703125 0.9482421875 0.4658203125 0.95703125 0.5107421875 0.95703125
2 0.2587890625 0.919921875 0.2705078125 0.91015625 0.2939453125 0.91796875 0.306640625 0.9072265625 0.3125 0.8662109375 0.2998046875 0.841796875 0.2626953125 0.853515625 0.2509765625 0.875 0.25 0.9013671875 0.265625 0.9091796875 0.2587890625 0.919921875
2 0.240234375 0.9443359375 0.23828125 0.9287109375 0.2255859375 0.9140625 0.2021484375 0.91796875 0.2177734375 0.953125 0.2294921875 0.953125 0.240234375 0.9443359375
2 0.2255859375 0.986328125 0.228515625 0.9736328125 0.216796875 0.9580078125 0.2333984375 0.953125 0.2421875 0.9423828125 0.232421875 0.9189453125 0.2197265625 0.912109375 0.2021484375 0.9140625 0.1845703125 0.919921875 0.1806640625 0.927734375 0.185546875 0.9658203125 0.2158203125 0.986328125 0.2255859375 0.986328125
2 0.15234375 0.9501953125 0.15234375 0.9091796875 0.1474609375 0.90234375 0.1181640625 0.8984375 0.1123046875 0.9140625 0.1142578125 0.939453125 0.1376953125 0.951171875 0.15234375 0.9501953125
2 0.09765625 0.4833984375 0.09765625 0.4541015625 0.0927734375 0.447265625 0.0810546875 0.44921875 0.068359375 0.4619140625 0.0478515625 0.501953125 0.0478515625 0.5234375 0.0859375 0.5224609375 0.09765625 0.4833984375
2 0.0380859375 0.595703125 0.0498046875 0.58984375 0.0595703125 0.57421875 0.083984375 0.5595703125 0.087890625 0.5126953125 0.09765625 0.4853515625 0.09765625 0.4521484375 0.0849609375 0.447265625 0.068359375 0.4599609375 0.048828125 0.4951171875 0.0419921875 0.521484375 0.0009765625 0.5234375 0 0.5888671875 0.0087890625 0.595703125 0.0380859375 0.595703125
2 0.45703125 0.6474609375 0.4638671875 0.650390625 0.5107421875 0.609375 0.5302734375 0.62109375 0.5439453125 0.619140625 0.5615234375 0.59765625 0.578125 0.5888671875 0.578125 0.5712890625 0.5693359375 0.5546875 0.5458984375 0.548828125 0.5107421875 0.55078125 0.5048828125 0.537109375 0.4931640625 0.537109375 0.4853515625 0.55078125 0.4609375 0.5576171875 0.4560546875 0.58203125 0.455078125 0.5947265625 0.462890625 0.6064453125 0.45703125 0.6474609375
2 0.71484375 0.5634765625 0.6904296875 0.552734375 0.67578125 0.5634765625 0.6708984375 0.578125 0.6748046875 0.58984375 0.6943359375 0.595703125 0.71484375 0.5634765625
2 0.671875 0.5927734375 0.6611328125 0.583984375 0.6455078125 0.58984375 0.6396484375 0.6015625 0.6455078125 0.6171875 0.6572265625 0.6171875 0.671875 0.5927734375
2 0.5107421875 0.357421875 0.5283203125 0.341796875 0.5498046875 0.341796875 0.568359375 0.3330078125 0.5498046875 0.31640625 0.5126953125 0.31640625 0.5029296875 0.310546875 0.4912109375 0.3125 0.4833984375 0.322265625 0.4501953125 0.326171875 0.453125 0.3525390625 0.4873046875 0.365234375 0.5107421875 0.357421875
2 0.4130859375 0.333984375 0.4296875 0.3173828125 0.431640625 0.3017578125 0.421875 0.2919921875 0.423828125 0.2822265625 0.416015625 0.2666015625 0.423828125 0.2451171875 0.4208984375 0.236328125 0.4033203125 0.236328125 0.390625 0.2451171875 0.384765625 0.2646484375 0.39453125 0.2841796875 0.3837890625 0.298828125 0.38671875 0.3173828125 0.4033203125 0.3359375 0.4130859375 0.333984375
2 0.306640625 0.5146484375 0.30859375 0.5068359375 0.3017578125 0.498046875 0.2861328125 0.5 0.2685546875 0.515625 0.2744140625 0.5234375 0.2919921875 0.5234375 0.306640625 0.5146484375
2 0.24609375 0.4990234375 0.2275390625 0.484375 0.2158203125 0.4921875 0.216796875 0.5029296875 0.2412109375 0.51953125 0.24609375 0.4990234375
2 0.181640625 0.0576171875 0.18359375 0.0478515625 0.1728515625 0.037109375 0.1611328125 0.037109375 0.1474609375 0.052734375 0.1474609375 0.064453125 0.1669921875 0.068359375 0.181640625 0.0576171875
2 0.6962890625 0.369140625 0.7158203125 0.390625 0.73828125 0.3818359375 0.73828125 0.3720703125 0.73046875 0.3642578125 0.7421875 0.3525390625 0.7373046875 0.33984375 0.6943359375 0.33984375 0.6748046875 0.3515625 0.673828125 0.3681640625 0.6787109375 0.373046875 0.6962890625 0.369140625
2 0.904296875 0.3681640625 0.90625 0.3486328125 0.8896484375 0.34375 0.8642578125 0.35546875 0.8681640625 0.373046875 0.8955078125 0.376953125 0.904296875 0.3681640625
2 0.9638671875 0.3515625 0.990234375 0.3349609375 0.9853515625 0.32421875 0.9501953125 0.32421875 0.9462890625 0.330078125 0.9453125 0.3486328125 0.9501953125 0.3515625 0.9638671875 0.3515625
2 0.888671875 0.2392578125 0.89453125 0.2177734375 0.8798828125 0.21484375 0.8603515625 0.22265625 0.861328125 0.2431640625 0.8740234375 0.248046875 0.888671875 0.2392578125
2 0.8349609375 0.267578125 0.841796875 0.2607421875 0.8369140625 0.236328125 0.8251953125 0.236328125 0.8017578125 0.251953125 0.80078125 0.2607421875 0.8095703125 0.271484375 0.8349609375 0.267578125
2 0.904296875 0.1611328125 0.8994140625 0.134765625 0.8818359375 0.134765625 0.8740234375 0.146484375 0.875 0.1552734375 0.8896484375 0.166015625 0.904296875 0.1611328125
2 0.9990234375 0.197265625 1 0.1767578125 0.9892578125 0.17578125 0.9736328125 0.1875 0.97265625 0.1943359375 0.9794921875 0.19921875 0.9990234375 0.197265625
2 0.9853515625 0.748046875 0.994140625 0.7412109375 0.9755859375 0.716796875 0.9580078125 0.724609375 0.95703125 0.7333984375 0.9658203125 0.7421875 0.9853515625 0.748046875
2 0.65625 0.3388671875 0.654296875 0.3291015625 0.6376953125 0.31640625 0.6259765625 0.326171875 0.5986328125 0.33203125 0.6279296875 0.35546875 0.6494140625 0.349609375 0.65625 0.3388671875
2 0.642578125 0.3818359375 0.6416015625 0.373046875 0.6142578125 0.37109375 0.615234375 0.3818359375 0.6240234375 0.390625 0.642578125 0.3818359375
2 0.2978515625 0.5234375 0.3154296875 0.509765625 0.3505859375 0.50390625 0.357421875 0.4873046875 0.3095703125 0.474609375 0.2783203125 0.48046875 0.2509765625 0.494140625 0.2294921875 0.484375 0.2158203125 0.4921875 0.216796875 0.5029296875 0.2373046875 0.51953125 0.2978515625 0.5234375
2 0.3291015625 0.232421875 0.337890625 0.2236328125 0.337890625 0.2158203125 0.3251953125 0.205078125 0.3115234375 0.20703125 0.310546875 0.2275390625 0.3154296875 0.232421875 0.3291015625 0.232421875