2 0.662109375 0.8720703125 0.6376953125 0.873046875 0.62109375 0.8955078125 0.6171875 0.9169921875 0.6357421875 0.935546875 0.677734375 0.9248046875 0.685546875 0.8974609375 0.662109375 0.8720703125
2 0.708984375 0.9189453125 0.6982421875 0.91796875 0.677734375 0.9287109375 0.6845703125 0.978515625 0.7216796875 0.9765625 0.7265625 0.9716796875 0.732421875 0.9482421875 0.708984375 0.9189453125
2 0.712890625 0.6240234375 0.7109375 0.6435546875 0.716796875 0.6552734375 0.7353515625 0.666015625 0.7470703125 0.666015625 0.763671875 0.6494140625 0.763671875 0.6162109375 0.748046875 0.6025390625 0.7216796875 0.60546875 0.712890625 0.6240234375
2 0.7890625 0.7158203125 0.7744140625 0.716796875 0.767578125 0.7353515625 0.7802734375 0.75 0.7998046875 0.75 0.8125 0.7373046875 0.7998046875 0.71875 0.7890625 0.7158203125
2 0.6142578125 0.0078125 0.595703125 0.0263671875 0.595703125 0.0556640625 0.6064453125 0.068359375 0.6376953125 0.068359375 0.662109375 0.0498046875 0.662109375 0.0224609375 0.64453125 0.0087890625 0.6142578125 0.0078125
2 0.9248046875 0.13671875 0.9306640625 0.125 0.9541015625 0.1328125 0.978515625 0.1123046875 0.974609375 0.0908203125 0.9580078125 0.0703125 0.9150390625 0.05078125 0.8984375 0.0361328125 0.8876953125 0.03515625 0.87890625 0.0458984375 0.86328125 0.0927734375 0.87109375 0.1123046875 0.8798828125 0.12109375 0.9091796875 0.126953125 0.9169921875 0.13671875 0.9248046875 0.13671875
2 0.689453125 0.1591796875 0.6875 0.1826171875 0.6982421875 0.203125 0.7294921875 0.216796875 0.755859375 0.2021484375 0.759765625 0.1845703125 0.75390625 0.1474609375 0.734375 0.1396484375 0.7119140625 0.138671875 0.7001953125 0.14453125 0.689453125 0.1591796875
2 0.7529296875 0.287109375 0.736328125 0.3056640625 0.734375 0.3369140625 0.7412109375 0.3515625 0.7724609375 0.353515625 0.8046875 0.3330078125 0.80078125 0.3134765625 0.76953125 0.2880859375 0.7529296875 0.287109375
2 0.5576171875 0.392578125 0.529296875 0.4072265625 0.5556640625 0.451171875 0.5947265625 0.43359375 0.6171875 0.4306640625 0.619140625 0.4248046875 0.5947265625 0.3984375 0.5703125 0.3935546875 0.5576171875 0.392578125
2 0.8642578125 0.517578125 0.8515625 0.5302734375 0.8515625 0.5634765625 0.8662109375 0.57421875 0.8876953125 0.572265625 0.91796875 0.5458984375 0.9130859375 0.5234375 0.880859375 0.5185546875 0.8642578125 0.517578125
2 0.1630859375 0.580078125 0.14453125 0.5966796875 0.146484375 0.6298828125 0.1611328125 0.638671875 0.1923828125 0.63671875 0.20703125 0.6181640625 0.205078125 0.5966796875 0.17578125 0.5791015625 0.1630859375 0.580078125
2 0.173828125 0.1904296875 0.1396484375 0.19140625 0.123046875 0.2099609375 0.1416015625 0.244140625 0.189453125 0.2412109375 0.193359375 0.2158203125 0.185546875 0.1943359375 0.173828125 0.1904296875
2 0.244140625 0.0927734375 0.232421875 0.0693359375 0.2001953125 0.072265625 0.1953125 0.0888671875 0.2158203125 0.1015625 0.2392578125 0.103515625 0.244140625 0.0927734375
2 0.9091796875 0.1796875 0.88671875 0.1767578125 0.87109375 0.1767578125 0.8779296875 0.19921875 0.9052734375 0.203125 0.916015625 0.1943359375 0.9091796875 0.1796875