2 0.3896484375 0.041015625 0.384765625 0.0458984375 0.388671875 0.0693359375 0.3994140625 0.0703125 0.412109375 0.0595703125 0.416015625 0.0478515625 0.4111328125 0.041015625 0.3896484375 0.041015625
2 0.267578125 0.0302734375 0.259765625 0.0537109375 0.26953125 0.0751953125 0.32421875 0.0673828125 0.33203125 0.0439453125 0.3173828125 0.013671875 0.2900390625 0.0078125 0.267578125 0.0302734375
2 0.345703125 0.1455078125 0.3447265625 0.154296875 0.359375 0.1552734375 0.375 0.1533203125 0.375 0.1396484375 0.3525390625 0.119140625 0.33984375 0.1435546875 0.345703125 0.1455078125
2 0.3525390625 0.341796875 0.34375 0.3564453125 0.357421875 0.3720703125 0.3720703125 0.369140625 0.376953125 0.3583984375 0.376953125 0.3466796875 0.3642578125 0.33984375 0.3525390625 0.341796875
2 0.326171875 0.4130859375 0.357421875 0.3916015625 0.3564453125 0.375 0.3388671875 0.37109375 0.333984375 0.3759765625 0.326171875 0.4130859375
2 0.21875 0.8017578125 0.216796875 0.8115234375 0.23046875 0.8173828125 0.25390625 0.8134765625 0.255859375 0.7900390625 0.2509765625 0.78515625 0.2353515625 0.787109375 0.21875 0.8017578125
2 0.3505859375 0.6328125 0.333984375 0.6494140625 0.3359375 0.6845703125 0.341796875 0.7041015625 0.357421875 0.7080078125 0.3876953125 0.70703125 0.39453125 0.6826171875 0.376953125 0.6474609375 0.3623046875 0.6328125 0.3505859375 0.6328125
2 0.1728515625 0.64453125 0.162109375 0.6572265625 0.169921875 0.7021484375 0.177734375 0.7138671875 0.2021484375 0.71484375 0.216796875 0.7060546875 0.2265625 0.6572265625 0.2060546875 0.642578125 0.1728515625 0.64453125
2 0.1103515625 0.55859375 0.103515625 0.5751953125 0.111328125 0.5966796875 0.138671875 0.6083984375 0.1494140625 0.607421875 0.16015625 0.5966796875 0.16015625 0.5673828125 0.1513671875 0.55859375 0.1103515625 0.55859375
2 0.8251953125 0.830078125 0.798828125 0.8447265625 0.798828125 0.8759765625 0.810546875 0.8916015625 0.8369140625 0.890625 0.86328125 0.8701171875 0.86328125 0.8564453125 0.8466796875 0.83203125 0.8251953125 0.830078125
2 0.33984375 0.8623046875 0.33203125 0.8779296875 0.345703125 0.9189453125 0.357421875 0.9228515625 0.3818359375 0.923828125 0.3984375 0.9169921875 0.408203125 0.8935546875 0.4033203125 0.853515625 0.33984375 0.8623046875
2 0.0390625 0.8720703125 0.046875 0.9033203125 0.06640625 0.9111328125 0.095703125 0.8994140625 0.09375 0.8642578125 0.0810546875 0.849609375 0.0517578125 0.8515625 0.0390625 0.8720703125
2 0.5244140625 0.720703125 0.51171875 0.7353515625 0.521484375 0.7470703125 0.5458984375 0.74609375 0.5615234375 0.73828125 0.5703125 0.7255859375 0.5556640625 0.7109375 0.5244140625 0.720703125
2 0.43359375 0.7275390625 0.4423828125 0.736328125 0.4609375 0.7392578125 0.46875 0.7373046875 0.466796875 0.7177734375 0.4560546875 0.703125 0.4462890625 0.703125 0.43359375 0.7275390625
2 0.8955078125 0.185546875 0.87890625 0.1982421875 0.8828125 0.2353515625 0.890625 0.2392578125 0.923828125 0.2353515625 0.93359375 0.2177734375 0.93359375 0.2001953125 0.9228515625 0.1875 0.8955078125 0.185546875
2 0.177734375 0.2587890625 0.185546875 0.2626953125 0.1806640625 0.267578125 0.1630859375 0.255859375 0.1220703125 0.263671875 0.10546875 0.2802734375 0.109375 0.3232421875 0.1298828125 0.337890625 0.1484375 0.3427734375 0.1767578125 0.33984375 0.208984375 0.3193359375 0.20703125 0.2958984375 0.1845703125 0.2578125 0.177734375 0.2587890625