2 0.06640625 0.3623046875 0.0869140625 0.3828125 0.1064453125 0.376953125 0.130859375 0.3603515625 0.1318359375 0.33984375 0.130859375 0.3330078125 0.1044921875 0.3125 0.0771484375 0.3203125 0.06640625 0.3623046875
2 0.0712890625 0.322265625 0.083984375 0.3017578125 0.0830078125 0.2890625 0.0576171875 0.259765625 0.0400390625 0.259765625 0.017578125 0.2841796875 0.015625 0.3134765625 0.0712890625 0.322265625
2 0.3525390625 0.234375 0.333984375 0.2568359375 0.3447265625 0.279296875 0.3544921875 0.28515625 0.3759765625 0.28515625 0.3984375 0.2744140625 0.3994140625 0.251953125 0.3896484375 0.236328125 0.3642578125 0.232421875 0.3525390625 0.234375
2 0.251953125 0.2177734375 0.2607421875 0.228515625 0.2763671875 0.23046875 0.28515625 0.2216796875 0.2841796875 0.20703125 0.2744140625 0.19140625 0.2607421875 0.1875 0.251953125 0.1982421875 0.251953125 0.2177734375
2 0.427734375 0.1337890625 0.4521484375 0.1484375 0.4775390625 0.142578125 0.482421875 0.1357421875 0.4814453125 0.103515625 0.4736328125 0.09375 0.4462890625 0.09375 0.42578125 0.1162109375 0.427734375 0.1337890625
2 0.2216796875 0 0.216796875 0.0263671875 0.2392578125 0.05078125 0.2666015625 0.048828125 0.298828125 0.0283203125 0.3076171875 0 0.2216796875 0
2 0.662109375 0.1982421875 0.6484375 0.2236328125 0.6484375 0.2548828125 0.6669921875 0.263671875 0.6943359375 0.263671875 0.712890625 0.2490234375 0.7138671875 0.228515625 0.6904296875 0.19921875 0.6708984375 0.193359375 0.662109375 0.1982421875
2 0.8271484375 0.236328125 0.7978515625 0.2421875 0.783203125 0.2646484375 0.798828125 0.2978515625 0.8115234375 0.310546875 0.8349609375 0.310546875 0.8544921875 0.302734375 0.86328125 0.2841796875 0.8623046875 0.267578125 0.8603515625 0.2421875 0.8271484375 0.236328125
2 0.87890625 0.0517578125 0.876953125 0.0888671875 0.8828125 0.1083984375 0.9033203125 0.123046875 0.9306640625 0.115234375 0.947265625 0.0888671875 0.9462890625 0.068359375 0.9091796875 0.033203125 0.8896484375 0.033203125 0.87890625 0.0517578125
2 0.912109375 0.3779296875 0.9384765625 0.40234375 0.9775390625 0.404296875 1 0.3896484375 0.9990234375 0.341796875 0.9755859375 0.33203125 0.9423828125 0.3359375 0.919921875 0.3564453125 0.912109375 0.3779296875
2 0.7578125 0.8564453125 0.7861328125 0.875 0.7939453125 0.873046875 0.810546875 0.8583984375 0.8115234375 0.826171875 0.8056640625 0.810546875 0.7841796875 0.8046875 0.7626953125 0.80859375 0.7578125 0.8564453125
2 0.5849609375 0.388671875 0.5693359375 0.384765625 0.56640625 0.4052734375 0.548828125 0.4423828125 0.5771484375 0.462890625 0.5810546875 0.47265625 0.5908203125 0.47265625 0.6015625 0.4599609375 0.6044921875 0.42578125 0.6015625 0.4052734375 0.5849609375 0.388671875