2 0.1015625 0.4130859375 0.0849609375 0.400390625 0.0439453125 0.40234375 0.03515625 0.4189453125 0.04296875 0.4599609375 0.0634765625 0.474609375 0.1005859375 0.46875 0.107421875 0.4619140625 0.1103515625 0.43359375 0.1015625 0.4130859375
2 0.1123046875 0 0.109375 0.0341796875 0.115234375 0.0478515625 0.1318359375 0.0546875 0.1494140625 0.05078125 0.16015625 0.0361328125 0.1591796875 0.015625 0.1533203125 0 0.1123046875 0
2 0.2060546875 0.400390625 0.1953125 0.4130859375 0.193359375 0.4384765625 0.2138671875 0.458984375 0.2275390625 0.462890625 0.251953125 0.4345703125 0.2509765625 0.4140625 0.2373046875 0.40234375 0.2060546875 0.400390625
2 0.4931640625 0.65234375 0.482421875 0.6572265625 0.47265625 0.6904296875 0.4833984375 0.708984375 0.5048828125 0.71484375 0.52734375 0.7021484375 0.5341796875 0.67578125 0.5146484375 0.650390625 0.4931640625 0.65234375
2 0.9228515625 0.65625 0.9052734375 0.654296875 0.8779296875 0.669921875 0.865234375 0.6865234375 0.8671875 0.6982421875 0.8837890625 0.71875 0.9130859375 0.73046875 0.9375 0.7119140625 0.9365234375 0.681640625 0.9228515625 0.65625
2 0.6572265625 0.22265625 0.642578125 0.2333984375 0.640625 0.2607421875 0.6513671875 0.271484375 0.6923828125 0.271484375 0.703125 0.2568359375 0.7041015625 0.240234375 0.6787109375 0.224609375 0.6572265625 0.22265625
2 0.9375 0.3583984375 0.9228515625 0.341796875 0.8818359375 0.3359375 0.861328125 0.3876953125 0.8740234375 0.4140625 0.8955078125 0.419921875 0.9365234375 0.40234375 0.943359375 0.3955078125 0.9443359375 0.380859375 0.9375 0.3583984375
2 0.7236328125 0.19140625 0.7373046875 0.201171875 0.7529296875 0.201171875 0.7353515625 0.166015625 0.7158203125 0.15625 0.703125 0.1630859375 0.7236328125 0.19140625
2 0.7001953125 0.57421875 0.7060546875 0.5703125 0.712890625 0.5751953125 0.708984375 0.5791015625 0.7216796875 0.59375 0.7392578125 0.595703125 0.7578125 0.5830078125 0.767578125 0.5517578125 0.765625 0.5322265625 0.7578125 0.5322265625 0.7578125 0.5166015625 0.7666015625 0.515625 0.7666015625 0.509765625 0.7607421875 0.51171875 0.7578125 0.5029296875 0.7470703125 0.498046875 0.7451171875 0.50390625 0.7373046875 0.50390625 0.71484375 0.4951171875 0.712890625 0.5166015625 0.69921875 0.5322265625 0.693359375 0.5634765625 0.7001953125 0.57421875
2 0.2783203125 0.048828125 0.2880859375 0.048828125 0.2919921875 0.03515625 0.2861328125 0.025390625 0.2724609375 0.025390625 0.26953125 0.0322265625 0.2783203125 0.048828125
2 0.21484375 0.2275390625 0.228515625 0.2607421875 0.2412109375 0.267578125 0.2578125 0.2587890625 0.2568359375 0.23046875 0.2490234375 0.216796875 0.2353515625 0.216796875 0.21484375 0.2275390625
2 0.255859375 0.1826171875 0.25390625 0.2080078125 0.2646484375 0.21875 0.2958984375 0.220703125 0.2998046875 0.1796875 0.2958984375 0.171875 0.2685546875 0.169921875 0.255859375 0.1826171875
2 0.1357421875 0.1171875 0.1142578125 0.107421875 0.107421875 0.1279296875 0.1181640625 0.140625 0.1279296875 0.142578125 0.1357421875 0.1171875