2 0.9091796875 0.087890625 0.923828125 0.0751953125 0.921875 0.0419921875 0.8955078125 0.021484375 0.8759765625 0.021484375 0.8583984375 0.048828125 0.861328125 0.0791015625 0.8740234375 0.09375 0.9091796875 0.087890625
2 0.8037109375 0.138671875 0.8125 0.1259765625 0.8125 0.1044921875 0.8017578125 0.087890625 0.7763671875 0.087890625 0.7587890625 0.103515625 0.765625 0.1318359375 0.7802734375 0.14453125 0.8037109375 0.138671875
2 0.6708984375 0.056640625 0.685546875 0.0478515625 0.6875 0.0205078125 0.6767578125 0.00390625 0.6533203125 0 0.64453125 0.0068359375 0.6416015625 0.01953125 0.642578125 0.0439453125 0.6513671875 0.052734375 0.6708984375 0.056640625
2 0.7255859375 0.181640625 0.74609375 0.1611328125 0.744140625 0.1396484375 0.7236328125 0.12109375 0.7041015625 0.123046875 0.6923828125 0.150390625 0.693359375 0.1630859375 0.7119140625 0.181640625 0.7255859375 0.181640625
2 0.7841796875 0.375 0.798828125 0.3662109375 0.802734375 0.3251953125 0.7822265625 0.294921875 0.7509765625 0.291015625 0.7373046875 0.310546875 0.73828125 0.3427734375 0.7607421875 0.369140625 0.7841796875 0.375
2 0.6708984375 0.4140625 0.689453125 0.3955078125 0.6728515625 0.36328125 0.6494140625 0.365234375 0.6357421875 0.3828125 0.634765625 0.3974609375 0.6494140625 0.41796875 0.6708984375 0.4140625
2 0.4326171875 0.177734375 0.447265625 0.1572265625 0.4453125 0.1181640625 0.4248046875 0.1015625 0.4091796875 0.099609375 0.3857421875 0.119140625 0.388671875 0.1552734375 0.4033203125 0.169921875 0.4326171875 0.177734375
2 0.4853515625 0.28515625 0.4921875 0.2802734375 0.4921875 0.2568359375 0.4853515625 0.248046875 0.4619140625 0.23828125 0.4541015625 0.248046875 0.453125 0.2607421875 0.4716796875 0.28125 0.4853515625 0.28515625
2 0.3271484375 0.357421875 0.337890625 0.3349609375 0.3359375 0.3037109375 0.328125 0.2841796875 0.3193359375 0.275390625 0.2958984375 0.2734375 0.2802734375 0.27734375 0.2744140625 0.287109375 0.27734375 0.3291015625 0.291015625 0.3544921875 0.3271484375 0.357421875
2 0.126953125 0.1630859375 0.130859375 0.1357421875 0.1181640625 0.12109375 0.1025390625 0.1171875 0.091796875 0.1259765625 0.0869140625 0.146484375 0.0908203125 0.169921875 0.1181640625 0.171875 0.126953125 0.1630859375
2 0.2412109375 0.8203125 0.271484375 0.8017578125 0.27734375 0.7685546875 0.2685546875 0.75 0.2373046875 0.744140625 0.228515625 0.7509765625 0.2236328125 0.767578125 0.22265625 0.7939453125 0.2353515625 0.818359375 0.2412109375 0.8203125
2 0.0419921875 0.58984375 0.0654296875 0.587890625 0.0703125 0.5517578125 0.056640625 0.5146484375 0.0498046875 0.505859375 0.0048828125 0.50390625 0.0009765625 0.498046875 0 0.5634765625 0.0283203125 0.572265625 0.0419921875 0.58984375
2 0.4541015625 0.494140625 0.466796875 0.4736328125 0.458984375 0.4443359375 0.4501953125 0.435546875 0.4365234375 0.4375 0.4248046875 0.453125 0.431640625 0.4814453125 0.4443359375 0.494140625 0.4541015625 0.494140625