2 0.6552734375 0.36328125 0.64453125 0.3740234375 0.642578125 0.3857421875 0.6533203125 0.40234375 0.6748046875 0.404296875 0.685546875 0.3955078125 0.69140625 0.3720703125 0.681640625 0.3623046875 0.6552734375 0.36328125
2 0.91015625 0.5283203125 0.88671875 0.5302734375 0.88671875 0.5615234375 0.9072265625 0.57421875 0.9443359375 0.576171875 0.951171875 0.5654296875 0.947265625 0.5537109375 0.91015625 0.5283203125
2 0.3115234375 0.76171875 0.3427734375 0.76953125 0.3642578125 0.76171875 0.376953125 0.7451171875 0.3828125 0.7294921875 0.380859375 0.7060546875 0.3701171875 0.693359375 0.35546875 0.6884765625 0.3251953125 0.689453125 0.296875 0.7060546875 0.291015625 0.7314453125 0.3115234375 0.76171875
2 0.955078125 0.2412109375 0.9375 0.2119140625 0.908203125 0.2177734375 0.91015625 0.2373046875 0.9287109375 0.25 0.9443359375 0.25 0.955078125 0.2412109375
2 1 0.5068359375 0.970703125 0.4912109375 0.9501953125 0.490234375 0.943359375 0.5029296875 0.9599609375 0.517578125 0.9990234375 0.533203125 1 0.5068359375
2 0.97265625 0.6533203125 0.951171875 0.6416015625 0.939453125 0.6474609375 0.939453125 0.6591796875 0.9521484375 0.669921875 0.9677734375 0.66796875 0.97265625 0.6533203125
2 0.869140625 0.8291015625 0.87109375 0.8525390625 0.8818359375 0.861328125 0.8955078125 0.861328125 0.904296875 0.8544921875 0.90625 0.8408203125 0.8974609375 0.828125 0.8828125 0.8251953125 0.869140625 0.8291015625
2 0.306640625 0.0419921875 0.2958984375 0.04296875 0.294921875 0.0517578125 0.3212890625 0.078125 0.384765625 0.0732421875 0.380859375 0.0576171875 0.3642578125 0.044921875 0.306640625 0.0419921875
2 0.3046875 0.0927734375 0.302734375 0.1123046875 0.3154296875 0.125 0.3486328125 0.119140625 0.36328125 0.1083984375 0.361328125 0.0869140625 0.3486328125 0.07421875 0.337890625 0.0732421875 0.3173828125 0.07421875 0.3046875 0.0927734375
2 0.6640625 0.0986328125 0.6259765625 0.1015625 0.62109375 0.1064453125 0.623046875 0.1279296875 0.6298828125 0.1328125 0.6591796875 0.1171875 0.669921875 0.1025390625 0.6640625 0.0986328125
2 0.578125 0.0830078125 0.55078125 0.0654296875 0.537109375 0.0693359375 0.53515625 0.0908203125 0.5498046875 0.10546875 0.5654296875 0.103515625 0.578125 0.0830078125
2 0.486328125 0.1806640625 0.482421875 0.1708984375 0.4501953125 0.17578125 0.4296875 0.1923828125 0.4462890625 0.203125 0.4677734375 0.201171875 0.486328125 0.1806640625
2 0.2060546875 0.208984375 0.1875 0.2333984375 0.185546875 0.2490234375 0.2001953125 0.248046875 0.2392578125 0.224609375 0.267578125 0.1962890625 0.26953125 0.1884765625 0.263671875 0.1865234375 0.2060546875 0.208984375
2 0.267578125 0.7119140625 0.2451171875 0.712890625 0.232421875 0.7294921875 0.228515625 0.7451171875 0.2392578125 0.759765625 0.2626953125 0.76171875 0.27734375 0.7431640625 0.267578125 0.7119140625
2 0.8623046875 0.658203125 0.8740234375 0.666015625 0.892578125 0.6630859375 0.892578125 0.6533203125 0.8798828125 0.64453125 0.8427734375 0.626953125 0.8271484375 0.630859375 0.810546875 0.6220703125 0.7939453125 0.62109375 0.7890625 0.6396484375 0.8310546875 0.658203125 0.8623046875 0.658203125
2 0.5712890625 0.2890625 0.5537109375 0.296875 0.55078125 0.3056640625 0.5693359375 0.31640625 0.5966796875 0.31640625 0.6357421875 0.306640625 0.640625 0.2939453125 0.619140625 0.2841796875 0.5712890625 0.2890625
2 0.439453125 0.3076171875 0.43359375 0.2939453125 0.4013671875 0.294921875 0.388671875 0.3076171875 0.4130859375 0.314453125 0.4306640625 0.3125 0.439453125 0.3076171875