2 0.5234375 0.9326171875 0.5166015625 0.923828125 0.498046875 0.9248046875 0.486328125 0.9365234375 0.48828125 0.9541015625 0.5087890625 0.962890625 0.5234375 0.9443359375 0.5234375 0.9326171875
2 0.796875 0.7197265625 0.796875 0.6884765625 0.779296875 0.6826171875 0.734375 0.7021484375 0.73046875 0.7314453125 0.7353515625 0.73828125 0.7822265625 0.732421875 0.796875 0.7197265625
2 0.681640625 0.5673828125 0.6796875 0.5498046875 0.65625 0.5439453125 0.6318359375 0.552734375 0.626953125 0.5693359375 0.6357421875 0.57421875 0.6767578125 0.572265625 0.681640625 0.5673828125
2 0.7060546875 0.572265625 0.716796875 0.5517578125 0.7099609375 0.541015625 0.69140625 0.5380859375 0.69140625 0.5693359375 0.7060546875 0.572265625
2 0.7353515625 0.599609375 0.7666015625 0.60546875 0.8037109375 0.63671875 0.810546875 0.6337890625 0.8125 0.6103515625 0.7958984375 0.603515625 0.7763671875 0.580078125 0.7685546875 0.583984375 0.734375 0.5732421875 0.73046875 0.5927734375 0.7353515625 0.599609375
2 0.546875 0.7021484375 0.533203125 0.7099609375 0.533203125 0.7197265625 0.5400390625 0.7265625 0.5615234375 0.7265625 0.56640625 0.7138671875 0.546875 0.7021484375
2 0.3720703125 0.623046875 0.40625 0.6240234375 0.4013671875 0.6015625 0.353515625 0.5888671875 0.34375 0.5986328125 0.3720703125 0.623046875
2 0.2353515625 0.646484375 0.244140625 0.6396484375 0.24609375 0.6318359375 0.2373046875 0.62109375 0.21484375 0.6162109375 0.203125 0.6220703125 0.203125 0.6337890625 0.2119140625 0.642578125 0.2353515625 0.646484375
2 0.16796875 0.6611328125 0.154296875 0.6708984375 0.154296875 0.6787109375 0.1708984375 0.689453125 0.1845703125 0.685546875 0.19140625 0.6708984375 0.2109375 0.6552734375 0.1982421875 0.642578125 0.181640625 0.6416015625 0.169921875 0.6474609375 0.16796875 0.6611328125
2 0.150390625 0.7294921875 0.12890625 0.7431640625 0.1279296875 0.76171875 0.150390625 0.7626953125 0.16015625 0.7353515625 0.1572265625 0.728515625 0.150390625 0.7294921875
2 0.029296875 0.8603515625 0.01953125 0.8759765625 0.0224609375 0.8828125 0.0439453125 0.884765625 0.052734375 0.8779296875 0.0517578125 0.86328125 0.029296875 0.8603515625
2 0.228515625 0.8662109375 0.2265625 0.9091796875 0.2470703125 0.935546875 0.2666015625 0.947265625 0.3154296875 0.947265625 0.333984375 0.9267578125 0.33203125 0.8564453125 0.3095703125 0.83984375 0.26953125 0.8369140625 0.2568359375 0.83984375 0.228515625 0.8662109375
2 0.7412109375 0.39453125 0.76953125 0.3857421875 0.7666015625 0.37109375 0.748046875 0.3681640625 0.734375 0.3798828125 0.7412109375 0.39453125
2 0.654296875 0.4384765625 0.63671875 0.4580078125 0.6474609375 0.474609375 0.6591796875 0.470703125 0.666015625 0.4560546875 0.666015625 0.4423828125 0.654296875 0.4384765625
2 0.361328125 0.4326171875 0.3544921875 0.423828125 0.34375 0.4228515625 0.333984375 0.4306640625 0.333984375 0.4404296875 0.3466796875 0.455078125 0.3564453125 0.45703125 0.361328125 0.4326171875
2 0.1123046875 0.1484375 0.119140625 0.1318359375 0.111328125 0.1298828125 0.0712890625 0.142578125 0.06640625 0.1552734375 0.0849609375 0.16015625 0.0908203125 0.15234375 0.1123046875 0.1484375
2 0.83203125 0.1044921875 0.82421875 0.1162109375 0.8408203125 0.1328125 0.8662109375 0.130859375 0.875 0.1240234375 0.8701171875 0.109375 0.83203125 0.1044921875
2 0.2626953125 0.021484375 0.2802734375 0.013671875 0.287109375 0.0029296875 0.255859375 0.0009765625 0.255859375 0.0146484375 0.2626953125 0.021484375
2 0.3203125 0.4619140625 0.2958984375 0.443359375 0.248046875 0.4423828125 0.2265625 0.4619140625 0.2275390625 0.470703125 0.2861328125 0.478515625 0.322265625 0.4697265625 0.3203125 0.4619140625
2 0.2109375 0.5341796875 0.2109375 0.5244140625 0.1953125 0.5185546875 0.18359375 0.5244140625 0.181640625 0.5380859375 0.1884765625 0.546875 0.2001953125 0.546875 0.2109375 0.5341796875