2 0 0.8759765625 0.005859375 0.8798828125 0.0185546875 0.880859375 0.03125 0.8662109375 0.03125 0.8486328125 0.0185546875 0.8359375 0 0.8427734375 0 0.8759765625
2 0.0849609375 0.802734375 0.09765625 0.7880859375 0.10546875 0.7685546875 0.1005859375 0.759765625 0.0830078125 0.759765625 0.0625 0.7763671875 0.060546875 0.7939453125 0.068359375 0.8037109375 0.0849609375 0.802734375
2 0.1435546875 0.908203125 0.162109375 0.8974609375 0.1640625 0.8876953125 0.1494140625 0.8671875 0.1181640625 0.869140625 0.099609375 0.8857421875 0.1025390625 0.8984375 0.12109375 0.9072265625 0.1435546875 0.908203125
2 0.2158203125 0.935546875 0.228515625 0.9228515625 0.240234375 0.9013671875 0.2197265625 0.880859375 0.208984375 0.8857421875 0.197265625 0.9033203125 0.1953125 0.9267578125 0.205078125 0.9365234375 0.2158203125 0.935546875
2 0.5517578125 0.828125 0.57421875 0.8115234375 0.57421875 0.8056640625 0.5673828125 0.798828125 0.5478515625 0.798828125 0.5185546875 0.80859375 0.51953125 0.8212890625 0.533203125 0.8291015625 0.5517578125 0.828125
2 0.494140625 0.9091796875 0.5068359375 0.908203125 0.517578125 0.8955078125 0.521484375 0.8701171875 0.5166015625 0.849609375 0.4970703125 0.849609375 0.48046875 0.8642578125 0.494140625 0.9091796875
2 0.609375 0.9462890625 0.625 0.9404296875 0.626953125 0.9287109375 0.6171875 0.9111328125 0.5947265625 0.89453125 0.583984375 0.9072265625 0.5859375 0.9365234375 0.609375 0.9462890625
2 0.75 0.8701171875 0.767578125 0.8857421875 0.783203125 0.8818359375 0.78125 0.8505859375 0.7587890625 0.828125 0.7333984375 0.828125 0.75 0.8701171875
2 0.806640625 0.9013671875 0.82421875 0.8994140625 0.82421875 0.8720703125 0.8115234375 0.849609375 0.7978515625 0.84765625 0.791015625 0.8544921875 0.791015625 0.8759765625 0.806640625 0.9013671875
2 0.8818359375 0.890625 0.88671875 0.8837890625 0.88671875 0.8505859375 0.876953125 0.8330078125 0.8642578125 0.82421875 0.853515625 0.8369140625 0.853515625 0.8603515625 0.8671875 0.8916015625 0.8818359375 0.890625
2 0.974609375 0.9482421875 0.9892578125 0.94921875 0.99609375 0.9404296875 0.9833984375 0.927734375 0.9541015625 0.916015625 0.94140625 0.9169921875 0.9482421875 0.9375 0.974609375 0.9482421875
2 0.9931640625 0.94921875 1 0.9423828125 0.9873046875 0.9296875 0.9501953125 0.9140625 0.91796875 0.9267578125 0.9248046875 0.94140625 0.9521484375 0.94140625 0.9765625 0.9501953125 0.9931640625 0.94921875
2 0.81640625 0.7900390625 0.8291015625 0.7890625 0.84375 0.7646484375 0.8330078125 0.748046875 0.8134765625 0.75 0.8046875 0.7607421875 0.8046875 0.7802734375 0.81640625 0.7900390625
2 0.728515625 0.8271484375 0.734375 0.8193359375 0.732421875 0.8056640625 0.7177734375 0.7890625 0.7001953125 0.787109375 0.6953125 0.7939453125 0.701171875 0.8076171875 0.728515625 0.8271484375
2 0.712890625 0.7861328125 0.7236328125 0.787109375 0.734375 0.7744140625 0.734375 0.7646484375 0.7216796875 0.75 0.70703125 0.7587890625 0.70703125 0.7802734375 0.712890625 0.7861328125
2 0.837890625 0.6630859375 0.8447265625 0.6640625 0.869140625 0.6357421875 0.865234375 0.6044921875 0.8583984375 0.595703125 0.84765625 0.5986328125 0.841796875 0.6142578125 0.837890625 0.6630859375
2 0.955078125 0.6435546875 0.9609375 0.6728515625 0.9736328125 0.671875 0.990234375 0.6591796875 0.9912109375 0.638671875 0.9716796875 0.63671875 0.955078125 0.6435546875
2 0.85546875 0.4814453125 0.873046875 0.5087890625 0.888671875 0.4970703125 0.890625 0.4794921875 0.8701171875 0.458984375 0.85546875 0.4697265625 0.85546875 0.4814453125
2 0.927734375 0.5244140625 0.95703125 0.5224609375 0.958984375 0.5068359375 0.9521484375 0.494140625 0.9287109375 0.490234375 0.921875 0.4951171875 0.919921875 0.5166015625 0.927734375 0.5244140625
2 0.7978515625 0.529296875 0.830078125 0.4951171875 0.8251953125 0.474609375 0.7998046875 0.46484375 0.7890625 0.4697265625 0.78515625 0.4873046875 0.78515625 0.5224609375 0.79296875 0.5283203125 0.7978515625 0.529296875
2 0.76171875 0.4716796875 0.751953125 0.4638671875 0.75390625 0.4287109375 0.7490234375 0.421875 0.73828125 0.4267578125 0.72265625 0.4638671875 0.7265625 0.4951171875 0.740234375 0.5068359375 0.7578125 0.4990234375 0.763671875 0.4833984375 0.76171875 0.4716796875
2 0.5966796875 0.484375 0.62109375 0.4560546875 0.625 0.4423828125 0.6201171875 0.435546875 0.6064453125 0.4375 0.568359375 0.4599609375 0.568359375 0.4755859375 0.5859375 0.4853515625 0.5966796875 0.484375
2 0.6396484375 0.494140625 0.666015625 0.4716796875 0.67578125 0.4326171875 0.6728515625 0.423828125 0.65234375 0.4248046875 0.638671875 0.4599609375 0.6171875 0.4853515625 0.625 0.4951171875 0.6396484375 0.494140625
2 0.2890625 0.3740234375 0.30078125 0.3896484375 0.3095703125 0.390625 0.322265625 0.3759765625 0.3193359375 0.359375 0.29296875 0.3642578125 0.2890625 0.3740234375
2 0.08984375 0.6748046875 0.09375 0.6982421875 0.109375 0.6884765625 0.12109375 0.6552734375 0.1162109375 0.646484375 0.1015625 0.6513671875 0.08984375 0.6748046875
2 0.138671875 0.6572265625 0.138671875 0.6884765625 0.1484375 0.6845703125 0.15234375 0.6748046875 0.154296875 0.6533203125 0.1494140625 0.64453125 0.138671875 0.6572265625
2 0.244140625 0.7373046875 0.259765625 0.7275390625 0.263671875 0.6689453125 0.2568359375 0.66015625 0.2353515625 0.671875 0.216796875 0.6982421875 0.216796875 0.7236328125 0.244140625 0.7373046875
2 0.109375 0.6845703125 0.11328125 0.6376953125 0.1328125 0.6201171875 0.1318359375 0.583984375 0.09765625 0.6357421875 0.103515625 0.6494140625 0.08984375 0.6787109375 0.091796875 0.6962890625 0.1005859375 0.6953125 0.109375 0.6845703125
2 0.2744140625 0.583984375 0.2890625 0.5751953125 0.296875 0.5615234375 0.2919921875 0.546875 0.2666015625 0.544921875 0.251953125 0.5556640625 0.251953125 0.5712890625 0.263671875 0.5830078125 0.2744140625 0.583984375
2 0.1337890625 0.259765625 0.146484375 0.2529296875 0.1484375 0.2373046875 0.1416015625 0.224609375 0.1181640625 0.21875 0.103515625 0.2294921875 0.103515625 0.2451171875 0.119140625 0.2587890625 0.1337890625 0.259765625
2 0.0673828125 0.193359375 0.080078125 0.1845703125 0.080078125 0.1650390625 0.0615234375 0.14453125 0.0361328125 0.14453125 0.029296875 0.1513671875 0.025390625 0.1728515625 0.0546875 0.1923828125 0.0673828125 0.193359375
2 0.390625 0.1318359375 0.4052734375 0.130859375 0.412109375 0.1181640625 0.41015625 0.0947265625 0.4013671875 0.0859375 0.380859375 0.0888671875 0.384765625 0.1240234375 0.390625 0.1318359375
2 0.4697265625 0.09765625 0.4765625 0.0810546875 0.46484375 0.0693359375 0.458984375 0.0283203125 0.4462890625 0.0234375 0.439453125 0.0263671875 0.44140625 0.0556640625 0.45703125 0.0966796875 0.4697265625 0.09765625
2 0.4892578125 0 0.4921875 0.0166015625 0.5234375 0.0380859375 0.53125 0.0341796875 0.52734375 0.0224609375 0.5068359375 0 0.4892578125 0
2 0.7705078125 0.04296875 0.798828125 0.0166015625 0.802734375 0.0029296875 0.7763671875 0 0.7587890625 0.013671875 0.748046875 0.0244140625 0.748046875 0.0341796875 0.755859375 0.0419921875 0.7705078125 0.04296875
2 0.7080078125 0.03125 0.732421875 0.0009765625 0.7001953125 0 0.681640625 0.0458984375 0.7080078125 0.03125
2 0.94140625 0.4306640625 0.94140625 0.4169921875 0.93359375 0.3974609375 0.9228515625 0.388671875 0.9033203125 0.390625 0.8984375 0.3955078125 0.90234375 0.4091796875 0.93359375 0.4326171875 0.94140625 0.4306640625
2 0.830078125 0.3603515625 0.841796875 0.3740234375 0.8515625 0.3701171875 0.8515625 0.3583984375 0.8349609375 0.33984375 0.830078125 0.3427734375 0.830078125 0.3603515625
2 0.662109375 0.3291015625 0.66796875 0.3642578125 0.6826171875 0.365234375 0.689453125 0.3583984375 0.689453125 0.3271484375 0.6767578125 0.31640625 0.662109375 0.3291015625
2 0.412109375 0.2021484375 0.4423828125 0.19921875 0.451171875 0.1748046875 0.4404296875 0.16796875 0.4072265625 0.16796875 0.3935546875 0.17578125 0.390625 0.1923828125 0.412109375 0.2021484375
2 0.623046875 0.1435546875 0.619140625 0.1298828125 0.5966796875 0.109375 0.5830078125 0.10546875 0.578125 0.1123046875 0.580078125 0.1298828125 0.5927734375 0.14453125 0.609375 0.1494140625 0.623046875 0.1435546875
2 0.697265625 0.1611328125 0.697265625 0.1806640625 0.70703125 0.1865234375 0.72265625 0.1845703125 0.7216796875 0.16015625 0.697265625 0.1611328125
2 0.1865234375 0.298828125 0.171875 0.3037109375 0.177734375 0.3388671875 0.189453125 0.3349609375 0.193359375 0.3056640625 0.1865234375 0.298828125
2 0 0.3427734375 0.015625 0.3486328125 0.02734375 0.3486328125 0.025390625 0.3310546875 0.0107421875 0.3203125 0.0009765625 0.322265625 0 0.3427734375