2 0.5849609375 0.96875 0.599609375 0.9501953125 0.59765625 0.9287109375 0.5810546875 0.90625 0.5546875 0.9052734375 0.54296875 0.9189453125 0.541015625 0.9384765625 0.5634765625 0.96875 0.5849609375 0.96875
2 0.4755859375 0.876953125 0.498046875 0.8623046875 0.498046875 0.8369140625 0.4833984375 0.82421875 0.458984375 0.8173828125 0.44140625 0.8291015625 0.443359375 0.8623046875 0.4541015625 0.876953125 0.4755859375 0.876953125
2 0.3486328125 0.787109375 0.37109375 0.7607421875 0.375 0.7451171875 0.3603515625 0.72265625 0.330078125 0.7177734375 0.310546875 0.7392578125 0.310546875 0.7646484375 0.3310546875 0.78515625 0.3486328125 0.787109375
2 0.1240234375 0.6328125 0.1328125 0.6259765625 0.1328125 0.6181640625 0.1220703125 0.607421875 0.09765625 0.6064453125 0.0673828125 0.611328125 0.05859375 0.6181640625 0.0947265625 0.63671875 0.1240234375 0.6328125
2 0.28515625 0.4697265625 0.267578125 0.4755859375 0.271484375 0.4892578125 0.2919921875 0.5 0.3076171875 0.498046875 0.310546875 0.4833984375 0.28515625 0.4697265625
2 0.5458984375 0.462890625 0.55859375 0.4482421875 0.564453125 0.4248046875 0.5458984375 0.3984375 0.521484375 0.3955078125 0.4970703125 0.40234375 0.48828125 0.4248046875 0.5087890625 0.45703125 0.5458984375 0.462890625
2 0.52734375 0.2919921875 0.5322265625 0.296875 0.5712890625 0.30078125 0.599609375 0.2822265625 0.591796875 0.2470703125 0.5810546875 0.234375 0.568359375 0.2314453125 0.5517578125 0.234375 0.52734375 0.2626953125 0.52734375 0.2919921875
2 0.8505859375 0.400390625 0.865234375 0.3896484375 0.8671875 0.3779296875 0.8544921875 0.357421875 0.83984375 0.3564453125 0.828125 0.3642578125 0.82421875 0.3779296875 0.8369140625 0.396484375 0.8505859375 0.400390625
2 0.73046875 0.4326171875 0.7138671875 0.419921875 0.685546875 0.4189453125 0.677734375 0.4306640625 0.6962890625 0.443359375 0.7197265625 0.447265625 0.73046875 0.4404296875 0.73046875 0.4326171875
2 0.8251953125 0.724609375 0.83203125 0.7158203125 0.830078125 0.6923828125 0.8134765625 0.681640625 0.791015625 0.6806640625 0.77734375 0.6962890625 0.7734375 0.7138671875 0.7939453125 0.73046875 0.8251953125 0.724609375
2 0.8154296875 0.30859375 0.8291015625 0.30859375 0.8359375 0.3017578125 0.8310546875 0.283203125 0.8115234375 0.279296875 0.7841796875 0.259765625 0.763671875 0.2548828125 0.76171875 0.2666015625 0.7861328125 0.29296875 0.8154296875 0.30859375
2 0.78125 0.3056640625 0.77734375 0.2822265625 0.765625 0.2802734375 0.736328125 0.2958984375 0.736328125 0.3095703125 0.7431640625 0.31640625 0.7626953125 0.318359375 0.78125 0.3056640625
2 0.439453125 0.1298828125 0.4248046875 0.119140625 0.3984375 0.1181640625 0.384765625 0.1240234375 0.3974609375 0.142578125 0.4365234375 0.146484375 0.44140625 0.1416015625 0.439453125 0.1298828125
2 0.3740234375 0.900390625 0.37890625 0.8935546875 0.375 0.8740234375 0.3603515625 0.85546875 0.345703125 0.8505859375 0.34375 0.8662109375 0.35546875 0.8974609375 0.3603515625 0.90234375 0.3740234375 0.900390625
2 0.783203125 0.5849609375 0.78125 0.5966796875 0.79296875 0.6162109375 0.8251953125 0.6328125 0.830078125 0.5966796875 0.8154296875 0.587890625 0.783203125 0.5849609375