2 0.2265625 0.2490234375 0.2373046875 0.255859375 0.2666015625 0.251953125 0.275390625 0.2353515625 0.2744140625 0.21484375 0.2666015625 0.19140625 0.2431640625 0.177734375 0.2353515625 0.1796875 0.22265625 0.2060546875 0.2265625 0.2490234375
2 0 0.4853515625 0.0068359375 0.4921875 0.0458984375 0.490234375 0.0556640625 0.46875 0.0380859375 0.435546875 0.0107421875 0.435546875 0 0.4423828125 0 0.4853515625
2 0.0009765625 0.880859375 0.015625 0.8759765625 0.0185546875 0.8203125 0.0009765625 0.80078125 0.0009765625 0.880859375
2 0.1240234375 0.8671875 0.12890625 0.8623046875 0.1279296875 0.845703125 0.125 0.8310546875 0.1162109375 0.826171875 0.0927734375 0.828125 0.0859375 0.8388671875 0.0947265625 0.87109375 0.1240234375 0.8671875
2 0.3212890625 0.720703125 0.3359375 0.6943359375 0.3369140625 0.662109375 0.3251953125 0.642578125 0.2939453125 0.64453125 0.275390625 0.6650390625 0.275390625 0.7138671875 0.2900390625 0.72265625 0.3212890625 0.720703125
2 0.4365234375 0.89453125 0.451171875 0.8798828125 0.4521484375 0.853515625 0.4365234375 0.822265625 0.4072265625 0.826171875 0.3828125 0.8486328125 0.384765625 0.8818359375 0.4091796875 0.900390625 0.4365234375 0.89453125
2 0.6904296875 0.6015625 0.6708984375 0.583984375 0.6494140625 0.580078125 0.640625 0.5869140625 0.634765625 0.6142578125 0.6494140625 0.6328125 0.6748046875 0.634765625 0.6904296875 0.6015625
2 0.7783203125 0.69921875 0.787109375 0.6923828125 0.7939453125 0.669921875 0.7880859375 0.640625 0.7529296875 0.640625 0.7421875 0.6591796875 0.7421875 0.6943359375 0.7548828125 0.703125 0.7783203125 0.69921875
2 0.701171875 0.8740234375 0.7177734375 0.87890625 0.7314453125 0.873046875 0.74609375 0.8544921875 0.7451171875 0.84375 0.7392578125 0.826171875 0.7255859375 0.814453125 0.7138671875 0.814453125 0.693359375 0.8369140625 0.701171875 0.8740234375
2 0.6865234375 0.953125 0.6748046875 0.943359375 0.646484375 0.9501953125 0.642578125 0.9794921875 0.6533203125 0.994140625 0.6728515625 0.99609375 0.685546875 0.9853515625 0.6865234375 0.953125
2 0.8017578125 0.91015625 0.810546875 0.8994140625 0.8115234375 0.873046875 0.7978515625 0.857421875 0.7783203125 0.85546875 0.763671875 0.8701171875 0.759765625 0.8974609375 0.7763671875 0.91015625 0.8017578125 0.91015625
2 0.8974609375 0.9765625 0.923828125 0.9580078125 0.9306640625 0.931640625 0.9208984375 0.9140625 0.8779296875 0.8984375 0.859375 0.9326171875 0.859375 0.9560546875 0.8779296875 0.978515625 0.8974609375 0.9765625
2 0.4296875 0.5244140625 0.427734375 0.5439453125 0.4365234375 0.55078125 0.4541015625 0.55078125 0.4599609375 0.5234375 0.4501953125 0.50390625 0.4296875 0.5244140625
2 0.458984375 0.7255859375 0.451171875 0.7451171875 0.4599609375 0.7578125 0.486328125 0.7451171875 0.4892578125 0.71875 0.4775390625 0.7109375 0.458984375 0.7255859375