2 0.94921875 0.2392578125 0.927734375 0.2490234375 0.921875 0.2685546875 0.9443359375 0.287109375 0.9677734375 0.28515625 0.9765625 0.2744140625 0.974609375 0.2529296875 0.9619140625 0.240234375 0.94921875 0.2392578125
2 0.76953125 0.0439453125 0.7626953125 0.044921875 0.744140625 0.0673828125 0.736328125 0.1083984375 0.7568359375 0.12109375 0.7939453125 0.119140625 0.80859375 0.0751953125 0.7900390625 0.05078125 0.76953125 0.0439453125
2 0.681640625 0.0888671875 0.6787109375 0.076171875 0.650390625 0.0712890625 0.642578125 0.0927734375 0.6494140625 0.11328125 0.6708984375 0.10546875 0.681640625 0.0888671875
2 0.880859375 0.1162109375 0.86328125 0.1240234375 0.849609375 0.1513671875 0.8662109375 0.16796875 0.9033203125 0.173828125 0.921875 0.1494140625 0.919921875 0.1396484375 0.9072265625 0.125 0.880859375 0.1162109375
2 0.904296875 0.0751953125 0.9111328125 0.08203125 0.9375 0.0830078125 0.9345703125 0.0625 0.91015625 0.0615234375 0.904296875 0.0751953125
2 0.4638671875 0.666015625 0.4755859375 0.6640625 0.48828125 0.6435546875 0.5 0.6376953125 0.4970703125 0.62109375 0.48046875 0.6201171875 0.4609375 0.6513671875 0.4638671875 0.666015625
2 0.6796875 0.6220703125 0.6787109375 0.6328125 0.6435546875 0.6328125 0.630859375 0.6474609375 0.6435546875 0.66015625 0.6884765625 0.671875 0.693359375 0.6611328125 0.685546875 0.6259765625 0.6796875 0.6220703125
2 0.822265625 0.3701171875 0.8115234375 0.357421875 0.7734375 0.3583984375 0.765625 0.3642578125 0.76171875 0.3798828125 0.76171875 0.4072265625 0.7666015625 0.412109375 0.779296875 0.4072265625 0.7919921875 0.37109375 0.822265625 0.3701171875
2 0.1865234375 0.982421875 0.1513671875 0.970703125 0.123046875 0.9716796875 0.1025390625 0.978515625 0.09375 0.9990234375 0.19140625 0.9990234375 0.1865234375 0.982421875
2 0.2666015625 0.640625 0.279296875 0.6025390625 0.2734375 0.5947265625 0.2373046875 0.59765625 0.23046875 0.6337890625 0.2548828125 0.642578125 0.2666015625 0.640625
2 0.046875 0.7412109375 0.0458984375 0.763671875 0.076171875 0.7607421875 0.0712890625 0.744140625 0.046875 0.7412109375