2 0.80859375 0.2666015625 0.822265625 0.2431640625 0.8203125 0.2353515625 0.7939453125 0.22265625 0.7509765625 0.2265625 0.744140625 0.2373046875 0.748046875 0.2666015625 0.7646484375 0.275390625 0.78515625 0.2744140625 0.80859375 0.2666015625
2 0.5146484375 0 0.5078125 0.0068359375 0.509765625 0.0458984375 0.53125 0.0556640625 0.564453125 0.0380859375 0.564453125 0.0107421875 0.5576171875 0 0.5146484375 0
2 0.119140625 0.0009765625 0.1240234375 0.015625 0.1796875 0.0185546875 0.19921875 0.0009765625 0.119140625 0.0009765625
2 0.173828125 0.1162109375 0.171875 0.0927734375 0.1611328125 0.0859375 0.12890625 0.0947265625 0.1328125 0.1240234375 0.1376953125 0.12890625 0.154296875 0.1279296875 0.1689453125 0.125 0.173828125 0.1162109375
2 0.35546875 0.2939453125 0.3349609375 0.275390625 0.2861328125 0.275390625 0.27734375 0.2900390625 0.279296875 0.3212890625 0.3056640625 0.3359375 0.337890625 0.3369140625 0.357421875 0.3251953125 0.35546875 0.2939453125
2 0.173828125 0.4072265625 0.1513671875 0.3828125 0.1181640625 0.384765625 0.099609375 0.4091796875 0.10546875 0.4365234375 0.1201171875 0.451171875 0.146484375 0.4521484375 0.177734375 0.4365234375 0.173828125 0.4072265625
2 0.4130859375 0.640625 0.3857421875 0.634765625 0.3671875 0.6494140625 0.365234375 0.6748046875 0.3984375 0.6904296875 0.416015625 0.6708984375 0.419921875 0.6494140625 0.4130859375 0.640625
2 0.359375 0.7529296875 0.3408203125 0.7421875 0.3056640625 0.7421875 0.296875 0.7548828125 0.30078125 0.7783203125 0.3076171875 0.787109375 0.330078125 0.7939453125 0.359375 0.7880859375 0.359375 0.7529296875
2 0.173828125 0.7392578125 0.185546875 0.7255859375 0.185546875 0.7138671875 0.1630859375 0.693359375 0.1259765625 0.701171875 0.12109375 0.7177734375 0.126953125 0.7314453125 0.1455078125 0.74609375 0.15625 0.7451171875 0.173828125 0.7392578125
2 0.0205078125 0.642578125 0.005859375 0.6533203125 0.00390625 0.6728515625 0.0146484375 0.685546875 0.046875 0.6865234375 0.056640625 0.6748046875 0.0498046875 0.646484375 0.0205078125 0.642578125
2 0.14453125 0.7783203125 0.1298828125 0.763671875 0.1025390625 0.759765625 0.08984375 0.7763671875 0.08984375 0.8017578125 0.1005859375 0.810546875 0.126953125 0.8115234375 0.142578125 0.7978515625 0.14453125 0.7783203125
2 0.1015625 0.8779296875 0.0673828125 0.859375 0.0439453125 0.859375 0.021484375 0.8779296875 0.0234375 0.8974609375 0.0419921875 0.923828125 0.068359375 0.9306640625 0.0859375 0.9208984375 0.1015625 0.8779296875
2 0.44921875 0.4365234375 0.44921875 0.4541015625 0.4765625 0.4599609375 0.49609375 0.4501953125 0.4755859375 0.4296875 0.4560546875 0.427734375 0.44921875 0.4365234375
2 0.2421875 0.4599609375 0.2548828125 0.486328125 0.28125 0.4892578125 0.2890625 0.4775390625 0.2744140625 0.458984375 0.2548828125 0.451171875 0.2421875 0.4599609375