2 0.1826171875 0.9609375 0.203125 0.9521484375 0.201171875 0.9189453125 0.181640625 0.9072265625 0.1650390625 0.90625 0.1484375 0.9189453125 0.138671875 0.9443359375 0.1435546875 0.955078125 0.1826171875 0.9609375
2 0.4814453125 0.841796875 0.49609375 0.8251953125 0.494140625 0.7998046875 0.47265625 0.7841796875 0.4462890625 0.78515625 0.435546875 0.7978515625 0.435546875 0.8291015625 0.4560546875 0.845703125 0.4814453125 0.841796875
2 0.6630859375 0.78515625 0.673828125 0.7724609375 0.669921875 0.7490234375 0.646484375 0.7333984375 0.6279296875 0.732421875 0.61328125 0.7470703125 0.615234375 0.7783203125 0.6298828125 0.79296875 0.6630859375 0.78515625
2 0.7900390625 0.857421875 0.802734375 0.8369140625 0.798828125 0.8232421875 0.779296875 0.8076171875 0.7548828125 0.810546875 0.73828125 0.8291015625 0.744140625 0.8486328125 0.7666015625 0.865234375 0.7900390625 0.857421875
2 0.9013671875 0.607421875 0.91796875 0.5966796875 0.923828125 0.5810546875 0.91796875 0.5556640625 0.91015625 0.5498046875 0.8857421875 0.5546875 0.865234375 0.5712890625 0.86328125 0.5966796875 0.8740234375 0.609375 0.9013671875 0.607421875
2 0.298828125 0.6162109375 0.3046875 0.6025390625 0.30078125 0.5810546875 0.28515625 0.5654296875 0.2626953125 0.56640625 0.25 0.5908203125 0.25 0.6162109375 0.2724609375 0.638671875 0.298828125 0.6162109375
2 0.4287109375 0.53125 0.4453125 0.5146484375 0.447265625 0.4912109375 0.435546875 0.4736328125 0.4111328125 0.474609375 0.39453125 0.4853515625 0.390625 0.5244140625 0.3974609375 0.533203125 0.4287109375 0.53125
2 0.224609375 0.5205078125 0.220703125 0.5029296875 0.203125 0.4931640625 0.1728515625 0.49609375 0.15625 0.5224609375 0.1787109375 0.546875 0.2060546875 0.544921875 0.224609375 0.5205078125
2 0.0771484375 0.640625 0.08984375 0.6259765625 0.091796875 0.6044921875 0.0859375 0.5927734375 0.068359375 0.5830078125 0.0380859375 0.58984375 0.029296875 0.6064453125 0.03125 0.6298828125 0.0498046875 0.646484375 0.0771484375 0.640625
2 0.205078125 0.1396484375 0.1953125 0.1318359375 0.1826171875 0.1328125 0.166015625 0.1591796875 0.1865234375 0.177734375 0.2109375 0.1669921875 0.205078125 0.1396484375
2 0.1083984375 0.06640625 0.115234375 0.0576171875 0.11328125 0.0283203125 0.1005859375 0.017578125 0.07421875 0.0126953125 0.0625 0.0166015625 0.052734375 0.0380859375 0.0546875 0.0498046875 0.0830078125 0.07421875 0.1083984375 0.06640625
2 0.5078125 0.5419921875 0.4873046875 0.546875 0.47265625 0.5654296875 0.4775390625 0.5703125 0.5087890625 0.568359375 0.5078125 0.5419921875
2 0.56640625 0.4326171875 0.5625 0.4228515625 0.5380859375 0.42578125 0.53125 0.4326171875 0.53125 0.4462890625 0.5595703125 0.4453125 0.56640625 0.4326171875
2 0.5419921875 0.3125 0.5712890625 0.3125 0.595703125 0.2919921875 0.59765625 0.2646484375 0.5732421875 0.25390625 0.5703125 0.2451171875 0.541015625 0.2529296875 0.552734375 0.2548828125 0.537109375 0.2626953125 0.53515625 0.2724609375 0.5419921875 0.3125
2 0.4169921875 0.978515625 0.431640625 0.9736328125 0.431640625 0.9365234375 0.412109375 0.9248046875 0.3876953125 0.92578125 0.376953125 0.9345703125 0.375 0.9599609375 0.3876953125 0.974609375 0.4169921875 0.978515625
2 0.67578125 0.8994140625 0.6611328125 0.900390625 0.658203125 0.9111328125 0.6904296875 0.92578125 0.69140625 0.9091796875 0.67578125 0.8994140625