2 0.8955078125 0.6875 0.9228515625 0.6796875 0.93359375 0.6376953125 0.9130859375 0.6171875 0.8935546875 0.623046875 0.869140625 0.6396484375 0.8681640625 0.66015625 0.869140625 0.6669921875 0.8955078125 0.6875
2 0.982421875 0.7158203125 0.984375 0.6865234375 0.9287109375 0.677734375 0.916015625 0.6982421875 0.9169921875 0.7109375 0.9423828125 0.740234375 0.9599609375 0.740234375 0.982421875 0.7158203125
2 0.6103515625 0.763671875 0.6357421875 0.767578125 0.6474609375 0.765625 0.666015625 0.7431640625 0.6552734375 0.720703125 0.6455078125 0.71484375 0.6240234375 0.71484375 0.6015625 0.7255859375 0.6005859375 0.748046875 0.6103515625 0.763671875
2 0.7392578125 0.8125 0.748046875 0.8017578125 0.748046875 0.7822265625 0.7392578125 0.771484375 0.7236328125 0.76953125 0.71484375 0.7783203125 0.7158203125 0.79296875 0.7255859375 0.80859375 0.7392578125 0.8125
2 0.5537109375 0.90625 0.57421875 0.8837890625 0.572265625 0.8662109375 0.5478515625 0.8515625 0.5224609375 0.857421875 0.517578125 0.8642578125 0.5185546875 0.896484375 0.5263671875 0.90625 0.5537109375 0.90625
2 0.7783203125 1 0.783203125 0.9736328125 0.7607421875 0.94921875 0.7333984375 0.951171875 0.701171875 0.9716796875 0.6923828125 1 0.7783203125 1
2 0.3095703125 0.80078125 0.3291015625 0.806640625 0.337890625 0.8017578125 0.3515625 0.7763671875 0.3515625 0.7451171875 0.3330078125 0.736328125 0.3056640625 0.736328125 0.287109375 0.7509765625 0.2861328125 0.771484375 0.3095703125 0.80078125
2 0.1376953125 0.732421875 0.1396484375 0.7578125 0.1728515625 0.763671875 0.2021484375 0.7578125 0.216796875 0.7353515625 0.201171875 0.7021484375 0.1884765625 0.689453125 0.1650390625 0.689453125 0.1455078125 0.697265625 0.13671875 0.7158203125 0.1376953125 0.732421875
2 0.0908203125 0.966796875 0.1103515625 0.966796875 0.12109375 0.9482421875 0.123046875 0.9111328125 0.1171875 0.8916015625 0.0966796875 0.876953125 0.0693359375 0.884765625 0.052734375 0.9111328125 0.0537109375 0.931640625 0.0908203125 0.966796875
2 0.0576171875 0.6640625 0.080078125 0.6435546875 0.087890625 0.6220703125 0.0615234375 0.59765625 0.0224609375 0.595703125 0 0.6103515625 0.0009765625 0.658203125 0.0244140625 0.66796875 0.0576171875 0.6640625
2 0.2158203125 0.1953125 0.2373046875 0.19140625 0.2421875 0.1435546875 0.2138671875 0.125 0.2060546875 0.126953125 0.189453125 0.1416015625 0.1884765625 0.173828125 0.1943359375 0.189453125 0.2158203125 0.1953125
2 0.3955078125 0.57421875 0.3984375 0.5947265625 0.4150390625 0.611328125 0.4306640625 0.615234375 0.43359375 0.5947265625 0.451171875 0.5576171875 0.4228515625 0.537109375 0.4189453125 0.52734375 0.4091796875 0.52734375 0.3984375 0.5400390625 0.3955078125 0.57421875