2 0.44921875 0.9150390625 0.4599609375 0.923828125 0.5185546875 0.919921875 0.5419921875 0.908203125 0.552734375 0.8916015625 0.5546875 0.8740234375 0.5458984375 0.86328125 0.52734375 0.8564453125 0.4912109375 0.859375 0.4560546875 0.873046875 0.447265625 0.8876953125 0.44921875 0.9150390625
2 0.2568359375 0.716796875 0.240234375 0.7412109375 0.236328125 0.7724609375 0.2451171875 0.78125 0.2802734375 0.775390625 0.296875 0.7548828125 0.298828125 0.7255859375 0.271484375 0.7158203125 0.2568359375 0.716796875
2 0.4619140625 0.619140625 0.451171875 0.6279296875 0.447265625 0.6650390625 0.4560546875 0.677734375 0.4716796875 0.66796875 0.50390625 0.6630859375 0.5 0.6376953125 0.486328125 0.6201171875 0.4619140625 0.619140625
2 0.6279296875 0.814453125 0.6376953125 0.814453125 0.6416015625 0.826171875 0.6572265625 0.822265625 0.6640625 0.8095703125 0.662109375 0.7783203125 0.6533203125 0.763671875 0.642578125 0.7607421875 0.6142578125 0.759765625 0.5947265625 0.76953125 0.580078125 0.7998046875 0.583984375 0.8095703125 0.6064453125 0.8203125 0.6201171875 0.822265625 0.6279296875 0.814453125
2 0.537109375 0.6943359375 0.533203125 0.7216796875 0.5439453125 0.74609375 0.5673828125 0.74609375 0.5859375 0.7314453125 0.599609375 0.7021484375 0.5966796875 0.6953125 0.58203125 0.6904296875 0.537109375 0.6943359375
2 0.791015625 0.7412109375 0.78515625 0.7724609375 0.7958984375 0.80078125 0.8076171875 0.791015625 0.8349609375 0.791015625 0.8515625 0.7822265625 0.853515625 0.7412109375 0.83984375 0.7255859375 0.8251953125 0.7265625 0.8173828125 0.73828125 0.7998046875 0.73046875 0.791015625 0.7412109375
2 0.74609375 0.6923828125 0.7275390625 0.69140625 0.703125 0.7119140625 0.7119140625 0.73828125 0.7392578125 0.73828125 0.75390625 0.7236328125 0.759765625 0.7119140625 0.74609375 0.6923828125
2 0.955078125 0.7314453125 0.94921875 0.7255859375 0.91796875 0.7294921875 0.916015625 0.7490234375 0.9345703125 0.771484375 0.955078125 0.7626953125 0.955078125 0.7314453125
2 0.904296875 0.1279296875 0.912109375 0.1611328125 0.9443359375 0.203125 0.9736328125 0.1953125 0.98828125 0.1728515625 0.990234375 0.1455078125 0.984375 0.1279296875 0.95703125 0.1044921875 0.9169921875 0.109375 0.904296875 0.1279296875
2 0.591796875 0.0400390625 0.59765625 0.0673828125 0.6142578125 0.080078125 0.6513671875 0.087890625 0.6796875 0.0673828125 0.673828125 0.0458984375 0.6796875 0.0341796875 0.66015625 0.0009765625 0.591796875 0.0400390625
2 0.9150390625 0.3046875 0.8828125 0.3388671875 0.88671875 0.3681640625 0.9111328125 0.38671875 0.9248046875 0.384765625 0.943359375 0.3623046875 0.94140625 0.3173828125 0.9296875 0.3056640625 0.9150390625 0.3046875
2 0.806640625 0.3193359375 0.8037109375 0.330078125 0.8095703125 0.326171875 0.8251953125 0.33984375 0.8447265625 0.337890625 0.8515625 0.3310546875 0.865234375 0.2841796875 0.845703125 0.2744140625 0.80859375 0.2783203125 0.798828125 0.3017578125 0.806640625 0.3193359375
2 0.416015625 0.4755859375 0.408203125 0.5146484375 0.4150390625 0.521484375 0.4443359375 0.5234375 0.47265625 0.4990234375 0.478515625 0.4638671875 0.470703125 0.4287109375 0.458984375 0.4150390625 0.4404296875 0.419921875 0.4345703125 0.4140625 0.412109375 0.4404296875 0.408203125 0.4677734375 0.416015625 0.4755859375
2 0.697265625 0.4501953125 0.6533203125 0.451171875 0.640625 0.4599609375 0.6416015625 0.5078125 0.6689453125 0.509765625 0.6953125 0.4873046875 0.703125 0.4638671875 0.697265625 0.4501953125
2 0.08984375 0.7060546875 0.0400390625 0.71484375 0.033203125 0.7275390625 0.0400390625 0.736328125 0.0654296875 0.73828125 0.0859375 0.7236328125 0.091796875 0.7158203125 0.08984375 0.7060546875
2 0.1416015625 0.70703125 0.126953125 0.7216796875 0.125 0.7392578125 0.1376953125 0.755859375 0.1630859375 0.759765625 0.173828125 0.7470703125 0.173828125 0.7158203125 0.1484375 0.7080078125 0.1416015625 0.70703125
2 0.0390625 0.8603515625 0.025390625 0.8525390625 0 0.8525390625 0.0009765625 0.90625 0.0244140625 0.900390625 0.03125 0.8896484375 0.0390625 0.8603515625
2 0.546875 0.9794921875 0.537109375 0.9736328125 0.5048828125 0.9765625 0.501953125 0.9912109375 0.5126953125 1 0.5380859375 0.99609375 0.546875 0.9794921875
2 0.8408203125 0.900390625 0.826171875 0.9150390625 0.833984375 0.9833984375 0.8408203125 1 0.85546875 0.9990234375 0.861328125 0.9794921875 0.857421875 0.9189453125 0.849609375 0.8994140625 0.8408203125 0.900390625
2 0.96484375 0.8876953125 0.955078125 0.8662109375 0.9443359375 0.8671875 0.939453125 0.8759765625 0.9375 0.8896484375 0.9462890625 0.900390625 0.96484375 0.8876953125
2 0.7890625 0.8076171875 0.77734375 0.7861328125 0.765625 0.7900390625 0.763671875 0.8076171875 0.7763671875 0.82421875 0.7822265625 0.82421875 0.7890625 0.8076171875
2 0.427734375 0.7119140625 0.40625 0.7177734375 0.400390625 0.7373046875 0.4052734375 0.75 0.4208984375 0.748046875 0.43359375 0.7353515625 0.435546875 0.7158203125 0.427734375 0.7119140625
2 0.8359375 0.5322265625 0.8310546875 0.53125 0.81640625 0.5498046875 0.814453125 0.5712890625 0.8193359375 0.576171875 0.845703125 0.5615234375 0.845703125 0.5419921875 0.8359375 0.5322265625
2 0.9111328125 0.609375 0.935546875 0.5986328125 0.935546875 0.5654296875 0.91015625 0.5693359375 0.90625 0.5966796875 0.9111328125 0.609375
2 0.5234375 0.3037109375 0.5107421875 0.30859375 0.490234375 0.3310546875 0.5009765625 0.349609375 0.5126953125 0.34765625 0.51953125 0.3349609375 0.52734375 0.3134765625 0.5234375 0.3037109375
2 0.1728515625 0.1640625 0.14453125 0.1552734375 0.12890625 0.1591796875 0.1357421875 0.1796875 0.1708984375 0.181640625 0.17578125 0.1767578125 0.1728515625 0.1640625
2 0.345703125 0.1083984375 0.3359375 0.0966796875 0.2998046875 0.09765625 0.29296875 0.1025390625 0.294921875 0.1201171875 0.3330078125 0.12890625 0.345703125 0.1083984375
2 0.6494140625 0.16015625 0.64453125 0.1650390625 0.646484375 0.1767578125 0.6669921875 0.19140625 0.6826171875 0.189453125 0.69921875 0.1708984375 0.693359375 0.1513671875 0.685546875 0.1455078125 0.6689453125 0.146484375 0.6494140625 0.16015625
2 0.41015625 0.0126953125 0.41015625 0.0009765625 0.3818359375 0 0.380859375 0.0126953125 0.3896484375 0.0234375 0.4013671875 0.0234375 0.41015625 0.0126953125
2 0.251953125 0.2822265625 0.255859375 0.2705078125 0.240234375 0.2607421875 0.224609375 0.2646484375 0.2216796875 0.2890625 0.251953125 0.2822265625
2 0.697265625 0.9091796875 0.7021484375 0.9296875 0.7294921875 0.923828125 0.7373046875 0.9296875 0.7421875 0.9248046875 0.7421875 0.9033203125 0.751953125 0.8779296875 0.74609375 0.8740234375 0.7138671875 0.873046875 0.70703125 0.8779296875 0.697265625 0.9091796875