2 0.0478515625 0.37890625 0.0009765625 0.375 0 0.4580078125 0.0654296875 0.4609375 0.0703125 0.4091796875 0.064453125 0.3857421875 0.0478515625 0.37890625
2 0.130859375 0.3095703125 0.1416015625 0.31640625 0.2021484375 0.318359375 0.216796875 0.3134765625 0.21484375 0.2939453125 0.2021484375 0.28515625 0.1455078125 0.287109375 0.1318359375 0.298828125 0.130859375 0.3095703125
2 0.3154296875 0.8984375 0.3505859375 0.90625 0.365234375 0.8974609375 0.3671875 0.8623046875 0.3564453125 0.849609375 0.3349609375 0.84375 0.3115234375 0.845703125 0.2939453125 0.857421875 0.29296875 0.8798828125 0.3154296875 0.8984375
2 0.4931640625 0.904296875 0.5263671875 0.90625 0.546875 0.8916015625 0.5390625 0.8408203125 0.5283203125 0.833984375 0.5068359375 0.833984375 0.4873046875 0.84765625 0.4814453125 0.87109375 0.484375 0.8935546875 0.4931640625 0.904296875
2 0.3857421875 0.80859375 0.39453125 0.8583984375 0.4365234375 0.875 0.453125 0.8486328125 0.447265625 0.8232421875 0.4384765625 0.814453125 0.4111328125 0.806640625 0.3857421875 0.80859375
2 0.6123046875 0.74609375 0.6748046875 0.7421875 0.68359375 0.7333984375 0.681640625 0.6845703125 0.6591796875 0.6640625 0.6181640625 0.662109375 0.603515625 0.6728515625 0.5986328125 0.693359375 0.599609375 0.7255859375 0.6123046875 0.74609375
2 0.5048828125 0.732421875 0.5400390625 0.732421875 0.5546875 0.7255859375 0.556640625 0.6826171875 0.5458984375 0.65625 0.4912109375 0.66015625 0.478515625 0.6708984375 0.4775390625 0.6796875 0.48046875 0.7197265625 0.4892578125 0.7265625 0.5048828125 0.732421875
2 0.6962890625 0.830078125 0.7294921875 0.837890625 0.75 0.8271484375 0.7578125 0.8017578125 0.7431640625 0.78515625 0.7119140625 0.783203125 0.6875 0.7958984375 0.6865234375 0.81640625 0.6962890625 0.830078125
2 0.7490234375 0.150390625 0.7607421875 0.15625 0.7802734375 0.15625 0.7890625 0.1494140625 0.7890625 0.1201171875 0.7646484375 0.080078125 0.7451171875 0.078125 0.7138671875 0.091796875 0.712890625 0.1162109375 0.7197265625 0.12890625 0.7373046875 0.1328125 0.7490234375 0.150390625
2 0.927734375 0.3154296875 0.9482421875 0.33203125 0.9736328125 0.3359375 0.99609375 0.3193359375 0.998046875 0.2998046875 0.9912109375 0.2890625 0.9384765625 0.287109375 0.9267578125 0.29296875 0.927734375 0.3154296875
2 0.3857421875 0.37109375 0.384765625 0.3994140625 0.3935546875 0.412109375 0.44921875 0.4111328125 0.4453125 0.3876953125 0.4287109375 0.3671875 0.3994140625 0.36328125 0.3857421875 0.37109375
2 0.5546875 0.3740234375 0.5791015625 0.38671875 0.6083984375 0.3828125 0.625 0.3681640625 0.625 0.3369140625 0.6083984375 0.322265625 0.5751953125 0.31640625 0.5478515625 0.34765625 0.5546875 0.3740234375
2 0.2451171875 0.625 0.2587890625 0.6171875 0.2724609375 0.619140625 0.287109375 0.6083984375 0.291015625 0.5869140625 0.2626953125 0.544921875 0.1845703125 0.544921875 0.1787109375 0.556640625 0.1796875 0.5810546875 0.2001953125 0.61328125 0.2451171875 0.625