2 0.6455078125 0.95703125 0.6318359375 0.95703125 0.615234375 0.9755859375 0.6162109375 1 0.681640625 0.9990234375 0.677734375 0.9794921875 0.6455078125 0.95703125
2 0.2783203125 0.9609375 0.2548828125 0.9609375 0.240234375 0.9755859375 0.2412109375 1 0.298828125 0.9990234375 0.29296875 0.9736328125 0.2783203125 0.9609375
2 0.53125 0.8388671875 0.5166015625 0.796875 0.4619140625 0.79296875 0.443359375 0.8037109375 0.44140625 0.8330078125 0.4501953125 0.8515625 0.525390625 0.8505859375 0.53125 0.8388671875
2 0.7177734375 0.8515625 0.728515625 0.8525390625 0.73828125 0.8486328125 0.7421875 0.8369140625 0.736328125 0.8154296875 0.7216796875 0.8046875 0.7021484375 0.806640625 0.6953125 0.8173828125 0.69921875 0.8369140625 0.7177734375 0.8515625
2 0.66015625 0.8193359375 0.66796875 0.8037109375 0.666015625 0.7880859375 0.658203125 0.7705078125 0.6435546875 0.763671875 0.625 0.7783203125 0.625 0.7900390625 0.6494140625 0.818359375 0.66015625 0.8193359375
2 0.9423828125 0.80078125 0.966796875 0.7998046875 0.986328125 0.7802734375 0.984375 0.7587890625 0.9677734375 0.744140625 0.9462890625 0.7421875 0.921875 0.7626953125 0.919921875 0.7861328125 0.9228515625 0.783203125 0.9423828125 0.80078125
2 0.38671875 0.5458984375 0.3896484375 0.560546875 0.416015625 0.5693359375 0.431640625 0.5576171875 0.4287109375 0.54296875 0.38671875 0.5458984375
2 0.7763671875 0.19921875 0.798828125 0.2001953125 0.810546875 0.1865234375 0.80859375 0.1650390625 0.7783203125 0.1484375 0.7626953125 0.150390625 0.755859375 0.1669921875 0.767578125 0.1826171875 0.767578125 0.1923828125 0.7763671875 0.19921875
2 0.59765625 0.1650390625 0.5869140625 0.15234375 0.5751953125 0.150390625 0.578125 0.1904296875 0.591796875 0.2099609375 0.599609375 0.1826171875 0.59765625 0.1650390625
2 0.2421875 0.5322265625 0.25390625 0.5185546875 0.251953125 0.5068359375 0.2353515625 0.490234375 0.2158203125 0.4921875 0.20703125 0.5107421875 0.2109375 0.5244140625 0.2236328125 0.533203125 0.2421875 0.5322265625
2 0.87890625 0.6611328125 0.8759765625 0.62890625 0.8603515625 0.626953125 0.8466796875 0.6328125 0.810546875 0.6884765625 0.80859375 0.7041015625 0.83203125 0.7119140625 0.87890625 0.6611328125
2 0.37890625 0.8349609375 0.380859375 0.8056640625 0.3603515625 0.794921875 0.34765625 0.8017578125 0.34375 0.8193359375 0.3544921875 0.8359375 0.37109375 0.8388671875 0.37890625 0.8349609375
2 0.20703125 0.1884765625 0.203125 0.1748046875 0.1904296875 0.169921875 0.181640625 0.1923828125 0.1796875 0.2333984375 0.1865234375 0.25 0.203125 0.2529296875 0.20703125 0.1884765625
2 0.87890625 0.3271484375 0.892578125 0.3173828125 0.88671875 0.2841796875 0.8779296875 0.27734375 0.8505859375 0.27734375 0.84375 0.2880859375 0.845703125 0.3095703125 0.8662109375 0.328125 0.87890625 0.3271484375