2 0.595703125 0.6005859375 0.58203125 0.5810546875 0.5517578125 0.583984375 0.529296875 0.6005859375 0.525390625 0.6357421875 0.5322265625 0.650390625 0.5654296875 0.65234375 0.591796875 0.6298828125 0.595703125 0.6005859375
2 0.798828125 0.4052734375 0.78125 0.3583984375 0.7646484375 0.357421875 0.7314453125 0.37109375 0.716796875 0.3916015625 0.72265625 0.4267578125 0.7490234375 0.451171875 0.7822265625 0.439453125 0.798828125 0.4052734375
2 0.39453125 0.5439453125 0.37890625 0.5283203125 0.3583984375 0.529296875 0.341796875 0.5439453125 0.337890625 0.5673828125 0.3427734375 0.576171875 0.3779296875 0.580078125 0.38671875 0.5732421875 0.39453125 0.5439453125
2 0.2099609375 0.658203125 0.216796875 0.6513671875 0.220703125 0.6259765625 0.20703125 0.6162109375 0.1845703125 0.615234375 0.1669921875 0.626953125 0.1552734375 0.625 0.15234375 0.6376953125 0.1650390625 0.654296875 0.1865234375 0.66015625 0.2099609375 0.658203125
2 0 0.9111328125 0.0048828125 0.9140625 0.0390625 0.8896484375 0.048828125 0.8603515625 0.029296875 0.8447265625 0.029296875 0.8349609375 0.015625 0.8232421875 0.013671875 0.8134765625 0.00390625 0.8193359375 0.0107421875 0.818359375 0.0107421875 0.82421875 0 0.8271484375 0 0.9111328125
2 0.169921875 0.2685546875 0.154296875 0.2509765625 0.1337890625 0.251953125 0.107421875 0.2666015625 0.10546875 0.2724609375 0.1220703125 0.3046875 0.1533203125 0.30859375 0.171875 0.2958984375 0.169921875 0.2685546875
2 0.236328125 0.2646484375 0.2314453125 0.2578125 0.21875 0.2568359375 0.2001953125 0.255859375 0.181640625 0.2705078125 0.18359375 0.2958984375 0.1943359375 0.3125 0.2216796875 0.306640625 0.236328125 0.2939453125 0.236328125 0.2646484375
2 0.1953125 0.1025390625 0.16796875 0.0791015625 0.15234375 0.0830078125 0.1484375 0.1181640625 0.1669921875 0.138671875 0.1767578125 0.1328125 0.1904296875 0.13671875 0.19921875 0.1220703125 0.1953125 0.1025390625
2 0.0908203125 0.142578125 0.0546875 0.1376953125 0.044921875 0.1376953125 0.052734375 0.1748046875 0.0732421875 0.19921875 0.0791015625 0.19921875 0.091796875 0.1904296875 0.099609375 0.1513671875 0.0908203125 0.142578125
2 0.078125 0.3466796875 0.078125 0.3291015625 0.068359375 0.3232421875 0.0322265625 0.32421875 0.013671875 0.3388671875 0.013671875 0.3486328125 0.0283203125 0.37109375 0.0556640625 0.3671875 0.072265625 0.3544921875 0.078125 0.3466796875
2 0.3876953125 0.357421875 0.365234375 0.3525390625 0.3447265625 0.3515625 0.333984375 0.3779296875 0.33984375 0.3994140625 0.3623046875 0.412109375 0.38671875 0.4013671875 0.392578125 0.3779296875 0.3876953125 0.357421875
2 0.666015625 0.4462890625 0.640625 0.4287109375 0.6181640625 0.431640625 0.607421875 0.4482421875 0.60546875 0.4775390625 0.6162109375 0.48828125 0.6455078125 0.490234375 0.666015625 0.4794921875 0.666015625 0.4462890625
2 0.50390625 0.2724609375 0.51171875 0.2724609375 0.509765625 0.2587890625 0.521484375 0.2490234375 0.5185546875 0.23828125 0.4970703125 0.23828125 0.48046875 0.2275390625 0.4697265625 0.228515625 0.4560546875 0.240234375 0.443359375 0.2626953125 0.443359375 0.2763671875 0.4638671875 0.2890625 0.5087890625 0.279296875 0.50390625 0.2724609375
2 0.408203125 0.2509765625 0.3916015625 0.25390625 0.3642578125 0.275390625 0.34765625 0.2919921875 0.349609375 0.3037109375 0.3603515625 0.306640625 0.4091796875 0.29296875 0.408203125 0.2509765625
2 0.236328125 0.0009765625 0.1767578125 0 0.171875 0.0224609375 0.177734375 0.0400390625 0.1943359375 0.05078125 0.2197265625 0.048828125 0.232421875 0.0302734375 0.236328125 0.0009765625
2 0.0771484375 0.5546875 0.1044921875 0.552734375 0.115234375 0.5361328125 0.1171875 0.5166015625 0.1083984375 0.501953125 0.095703125 0.4951171875 0.0751953125 0.49609375 0.0556640625 0.513671875 0.0009765625 0.517578125 0 0.5810546875 0.0205078125 0.591796875 0.0458984375 0.591796875 0.0771484375 0.5546875
2 0.630859375 0.1708984375 0.6103515625 0.169921875 0.59375 0.1767578125 0.5927734375 0.21875 0.6103515625 0.21875 0.642578125 0.2041015625 0.642578125 0.1845703125 0.630859375 0.1708984375
2 0.8369140625 0.1953125 0.853515625 0.1826171875 0.853515625 0.1708984375 0.8671875 0.1455078125 0.86328125 0.1201171875 0.8369140625 0.119140625 0.83203125 0.1220703125 0.8349609375 0.126953125 0.8203125 0.1240234375 0.8125 0.1630859375 0.8212890625 0.19140625 0.8369140625 0.1953125