2 0.4853515625 0.181640625 0.5 0.1630859375 0.5 0.1142578125 0.4912109375 0.10546875 0.48046875 0.1044921875 0.427734375 0.1220703125 0.42578125 0.1748046875 0.4306640625 0.181640625 0.4716796875 0.1875 0.4853515625 0.181640625
2 0.8603515625 0.060546875 0.880859375 0.0498046875 0.888671875 0.0166015625 0.87890625 0.0048828125 0.8603515625 0.00390625 0.841796875 0.0166015625 0.83203125 0.0380859375 0.8427734375 0.0546875 0.8603515625 0.060546875
2 0.9541015625 0.390625 0.9755859375 0.3828125 0.98828125 0.3701171875 0.990234375 0.3583984375 0.984375 0.3212890625 0.96484375 0.3134765625 0.9501953125 0.3125 0.927734375 0.3271484375 0.921875 0.3583984375 0.9326171875 0.37890625 0.9541015625 0.390625
2 0.5927734375 0.33203125 0.5859375 0.3408203125 0.58203125 0.3603515625 0.591796875 0.3896484375 0.6259765625 0.412109375 0.6513671875 0.419921875 0.6728515625 0.416015625 0.6943359375 0.40234375 0.71484375 0.3857421875 0.73046875 0.3427734375 0.7265625 0.3095703125 0.71484375 0.2998046875 0.6728515625 0.30078125 0.6513671875 0.3125 0.6220703125 0.302734375 0.615234375 0.3251953125 0.5927734375 0.33203125
2 0.3818359375 0.61328125 0.396484375 0.6083984375 0.423828125 0.5595703125 0.423828125 0.5380859375 0.3984375 0.5224609375 0.3427734375 0.529296875 0.3359375 0.5498046875 0.3515625 0.5732421875 0.3515625 0.5869140625 0.3818359375 0.61328125
2 0.5634765625 0.55859375 0.572265625 0.5419921875 0.568359375 0.5087890625 0.5556640625 0.494140625 0.53125 0.4912109375 0.51171875 0.4931640625 0.501953125 0.5361328125 0.5224609375 0.560546875 0.5595703125 0.5546875 0.5634765625 0.55859375
2 0.2890625 0.3115234375 0.287109375 0.2646484375 0.2431640625 0.263671875 0.2265625 0.2919921875 0.224609375 0.3095703125 0.2822265625 0.32421875 0.2890625 0.3115234375
2 0.4658203125 0.28515625 0.48046875 0.2666015625 0.462890625 0.2587890625 0.4306640625 0.26171875 0.423828125 0.2763671875 0.42578125 0.2919921875 0.4404296875 0.296875 0.4658203125 0.28515625
2 0.0986328125 0.4921875 0.1171875 0.4833984375 0.130859375 0.4541015625 0.126953125 0.4306640625 0.087890625 0.4384765625 0.076171875 0.4755859375 0.0791015625 0.494140625 0.0947265625 0.5 0.0986328125 0.4921875
2 0.09375 0.3896484375 0.091796875 0.3623046875 0.0869140625 0.35546875 0.0703125 0.3525390625 0.046875 0.3623046875 0.044921875 0.3837890625 0.0576171875 0.396484375 0.0869140625 0.3984375 0.09375 0.3896484375
2 0.7197265625 0.8203125 0.751953125 0.7802734375 0.75 0.7646484375 0.736328125 0.7548828125 0.7060546875 0.759765625 0.685546875 0.7919921875 0.69140625 0.8115234375 0.7041015625 0.822265625 0.7197265625 0.8203125
2 0.7451171875 0.9453125 0.771484375 0.9365234375 0.783203125 0.8916015625 0.7744140625 0.876953125 0.763671875 0.8740234375 0.7451171875 0.873046875 0.712890625 0.8857421875 0.712890625 0.9228515625 0.7275390625 0.939453125 0.7451171875 0.9453125
2 0.4306640625 0.734375 0.4541015625 0.736328125 0.4765625 0.7216796875 0.484375 0.6884765625 0.46484375 0.6494140625 0.4287109375 0.65234375 0.419921875 0.6650390625 0.41015625 0.7060546875 0.416015625 0.7236328125 0.4306640625 0.734375
2 0.384765625 0.9189453125 0.38671875 0.8916015625 0.3740234375 0.880859375 0.33984375 0.8798828125 0.3203125 0.8876953125 0.328125 0.9306640625 0.3349609375 0.94140625 0.3642578125 0.94140625 0.384765625 0.9189453125
2 0.1611328125 0.98046875 0.171875 0.9658203125 0.17578125 0.9384765625 0.1640625 0.9248046875 0.1435546875 0.923828125 0.126953125 0.9365234375 0.125 0.9736328125 0.1357421875 0.982421875 0.1611328125 0.98046875
2 0.13671875 0.7099609375 0.107421875 0.6962890625 0.095703125 0.6982421875 0.095703125 0.7275390625 0.1298828125 0.734375 0.138671875 0.7197265625 0.13671875 0.7099609375
2 0 0.2099609375 0.0009765625 0.26953125 0.033203125 0.2451171875 0.029296875 0.2060546875 0 0.2099609375
2 0.7607421875 0.14453125 0.806640625 0.1357421875 0.80859375 0.1123046875 0.78515625 0.0908203125 0.7763671875 0.091796875 0.7578125 0.1083984375 0.748046875 0.1259765625 0.7509765625 0.140625 0.7607421875 0.14453125
2 0.9521484375 0.23046875 0.96875 0.2158203125 0.966796875 0.2060546875 0.955078125 0.1962890625 0.9423828125 0.1953125 0.9296875 0.2041015625 0.923828125 0.2177734375 0.9306640625 0.234375 0.9521484375 0.23046875