2 0.0498046875 0.546875 0.0625 0.5341796875 0.0625 0.4970703125 0.0380859375 0.484375 0.0205078125 0.482421875 0 0.4990234375 0.0009765625 0.52734375 0.0244140625 0.548828125 0.0498046875 0.546875
2 0.466796875 0.2451171875 0.4541015625 0.22265625 0.4228515625 0.216796875 0.40234375 0.2412109375 0.4033203125 0.25390625 0.4228515625 0.27734375 0.4560546875 0.283203125 0.466796875 0.2451171875
2 0.3857421875 0.423828125 0.4091796875 0.423828125 0.423828125 0.4052734375 0.419921875 0.3857421875 0.3994140625 0.36328125 0.3681640625 0.37109375 0.3623046875 0.388671875 0.3671875 0.4052734375 0.3857421875 0.423828125
2 0.1015625 0.8955078125 0.0751953125 0.87890625 0.0693359375 0.8671875 0.0263671875 0.87109375 0.0302734375 0.87890625 0.0078125 0.8857421875 0.0087890625 0.90234375 0.01171875 0.9306640625 0.0166015625 0.93359375 0.015625 0.9267578125 0.0224609375 0.92578125 0.0283203125 0.94140625 0.0849609375 0.94140625 0.0908203125 0.92578125 0.0947265625 0.9375 0.103515625 0.9287109375 0.1015625 0.8955078125
2 0.1630859375 0.55859375 0.1904296875 0.5625 0.1953125 0.5576171875 0.19921875 0.5302734375 0.1865234375 0.513671875 0.1611328125 0.513671875 0.1513671875 0.52734375 0.15234375 0.5419921875 0.1630859375 0.55859375
2 0.2646484375 0.400390625 0.2333984375 0.404296875 0.2314453125 0.43359375 0.2451171875 0.44921875 0.2705078125 0.4453125 0.271484375 0.4052734375 0.2646484375 0.400390625
2 0.3896484375 0.74609375 0.4033203125 0.751953125 0.4287109375 0.75 0.44140625 0.7373046875 0.44140625 0.7177734375 0.4326171875 0.705078125 0.3994140625 0.697265625 0.38671875 0.7080078125 0.3876953125 0.73828125 0.3896484375 0.74609375
2 0.6318359375 1 0.638671875 0.9912109375 0.634765625 0.9580078125 0.6162109375 0.947265625 0.5908203125 0.947265625 0.58203125 0.9638671875 0.5830078125 0.982421875 0.5986328125 1 0.6318359375 1
2 0.8193359375 0.900390625 0.798828125 0.9052734375 0.7958984375 0.9296875 0.8037109375 0.947265625 0.822265625 0.9365234375 0.826171875 0.9091796875 0.8193359375 0.900390625
2 0.783203125 0.8115234375 0.7705078125 0.80078125 0.7587890625 0.802734375 0.748046875 0.8193359375 0.7470703125 0.8359375 0.7568359375 0.845703125 0.7822265625 0.845703125 0.783203125 0.8115234375
2 0.720703125 0.5869140625 0.7294921875 0.595703125 0.7451171875 0.595703125 0.771484375 0.5849609375 0.77734375 0.5595703125 0.7607421875 0.537109375 0.7314453125 0.537109375 0.71875 0.5478515625 0.7158203125 0.564453125 0.720703125 0.5869140625
2 0.94140625 0.4970703125 0.9375 0.4736328125 0.9248046875 0.470703125 0.900390625 0.4951171875 0.8994140625 0.5078125 0.9091796875 0.513671875 0.9365234375 0.5078125 0.94140625 0.4970703125
2 0.9189453125 0.79296875 0.90625 0.8056640625 0.9072265625 0.82421875 0.9111328125 0.83203125 0.9248046875 0.83203125 0.94140625 0.8076171875 0.9189453125 0.79296875
2 0.8662109375 0.880859375 0.8720703125 0.888671875 0.8955078125 0.884765625 0.900390625 0.8583984375 0.8720703125 0.85546875 0.8662109375 0.880859375