2 0.8701171875 0.888671875 0.873046875 0.8740234375 0.8671875 0.8486328125 0.8466796875 0.8359375 0.8271484375 0.833984375 0.7705078125 0.849609375 0.76171875 0.8876953125 0.7744140625 0.90234375 0.79296875 0.9033203125 0.8466796875 0.8984375 0.8701171875 0.888671875
2 0.533203125 0.8369140625 0.5107421875 0.82421875 0.4931640625 0.830078125 0.486328125 0.8369140625 0.484375 0.8740234375 0.5068359375 0.884765625 0.53125 0.8837890625 0.537109375 0.8798828125 0.5390625 0.8603515625 0.533203125 0.8369140625
2 0.294921875 0.7646484375 0.2724609375 0.765625 0.263671875 0.7880859375 0.3046875 0.8115234375 0.30859375 0.7998046875 0.294921875 0.7646484375
2 0.6572265625 0.521484375 0.650390625 0.5341796875 0.65234375 0.5712890625 0.677734375 0.5751953125 0.677734375 0.5458984375 0.6572265625 0.521484375
2 0.4208984375 0.248046875 0.365234375 0.2392578125 0.37109375 0.2724609375 0.3876953125 0.2890625 0.427734375 0.2880859375 0.4404296875 0.28515625 0.453125 0.2724609375 0.4462890625 0.259765625 0.4208984375 0.248046875
2 0.232421875 0.1396484375 0.234375 0.1025390625 0.2216796875 0.087890625 0.2119140625 0.0859375 0.19921875 0.0966796875 0.19921875 0.1201171875 0.232421875 0.1396484375
2 0.0400390625 0.12890625 0.0166015625 0.125 0.00390625 0.1298828125 0.0048828125 0.16015625 0.05078125 0.1669921875 0.080078125 0.1298828125 0.0791015625 0.1171875 0.0654296875 0.11328125 0.0400390625 0.12890625
2 0.001953125 0.3896484375 0.001953125 0.4482421875 0.021484375 0.4501953125 0.044921875 0.4384765625 0.056640625 0.4052734375 0.0546875 0.3837890625 0.0302734375 0.365234375 0.001953125 0.3896484375
2 0.15234375 0.7041015625 0.203125 0.7080078125 0.2314453125 0.705078125 0.236328125 0.6943359375 0.236328125 0.6884765625 0.2265625 0.6845703125 0.2265625 0.6494140625 0.220703125 0.6474609375 0.21875 0.6357421875 0.1884765625 0.630859375 0.1455078125 0.634765625 0.140625 0.6435546875 0.1484375 0.6630859375 0.15234375 0.7041015625
2 0.392578125 0.5869140625 0.3798828125 0.57421875 0.3623046875 0.568359375 0.3388671875 0.568359375 0.3232421875 0.576171875 0.31640625 0.5888671875 0.318359375 0.6162109375 0.3388671875 0.6328125 0.375 0.6318359375 0.388671875 0.6240234375 0.392578125 0.5869140625
2 0.390625 0.6650390625 0.400390625 0.6572265625 0.40234375 0.6416015625 0.3798828125 0.634765625 0.373046875 0.6435546875 0.373046875 0.6591796875 0.390625 0.6650390625
2 0.6826171875 0.203125 0.6728515625 0.203125 0.646484375 0.2294921875 0.64453125 0.2373046875 0.65234375 0.2451171875 0.6787109375 0.244140625 0.693359375 0.2314453125 0.693359375 0.2138671875 0.6826171875 0.203125
2 0.390625 0.5048828125 0.4013671875 0.515625 0.408203125 0.5146484375 0.41796875 0.5068359375 0.4287109375 0.478515625 0.4013671875 0.48046875 0.390625 0.4892578125 0.390625 0.5048828125
2 0.8388671875 0.408203125 0.83203125 0.4189453125 0.833984375 0.4306640625 0.8544921875 0.4453125 0.8671875 0.4443359375 0.875 0.4384765625 0.8671875 0.4189453125 0.8544921875 0.40625 0.8388671875 0.408203125
2 0.58203125 0.8935546875 0.591796875 0.9228515625 0.609375 0.9267578125 0.626953125 0.9130859375 0.62890625 0.8994140625 0.5986328125 0.87890625 0.5849609375 0.87890625 0.58203125 0.8935546875
2 0.7353515625 0.1015625 0.7265625 0.1103515625 0.73046875 0.1396484375 0.7373046875 0.146484375 0.75 0.1455078125 0.76171875 0.1396484375 0.765625 0.1181640625 0.7490234375 0.103515625 0.7353515625 0.1015625
2 0.7080078125 0.0546875 0.6953125 0.0576171875 0.69140625 0.0732421875 0.7080078125 0.09375 0.73828125 0.0947265625 0.74609375 0.0888671875 0.74609375 0.0771484375 0.7373046875 0.0625 0.7080078125 0.0546875
2 0.880859375 0.0537109375 0.8935546875 0.03125 0.8818359375 0.0234375 0.853515625 0.0302734375 0.8515625 0.0419921875 0.8583984375 0.05078125 0.880859375 0.0537109375