2 0.8369140625 0.869140625 0.833984375 0.8525390625 0.8232421875 0.841796875 0.7802734375 0.84765625 0.7685546875 0.853515625 0.76171875 0.8662109375 0.763671875 0.8994140625 0.7841796875 0.91015625 0.8232421875 0.908203125 0.833984375 0.8994140625 0.8369140625 0.869140625
2 0.5341796875 0.845703125 0.5166015625 0.828125 0.4931640625 0.830078125 0.484375 0.8388671875 0.482421875 0.8759765625 0.5048828125 0.88671875 0.5341796875 0.8828125 0.5341796875 0.845703125
2 0.6279296875 0.900390625 0.5966796875 0.876953125 0.576171875 0.8798828125 0.587890625 0.9228515625 0.5986328125 0.931640625 0.6171875 0.9228515625 0.62890625 0.9091796875 0.6279296875 0.900390625
2 0.6787109375 0.556640625 0.669921875 0.5380859375 0.6611328125 0.53515625 0.650390625 0.5537109375 0.654296875 0.5732421875 0.6748046875 0.578125 0.6787109375 0.556640625
2 0.3017578125 0.798828125 0.2880859375 0.763671875 0.2763671875 0.763671875 0.265625 0.7744140625 0.267578125 0.7958984375 0.27734375 0.8017578125 0.2841796875 0.822265625 0.302734375 0.8115234375 0.3017578125 0.798828125
2 0.8759765625 0.4296875 0.8505859375 0.40625 0.83203125 0.4150390625 0.833984375 0.4345703125 0.8544921875 0.44921875 0.8662109375 0.44921875 0.875 0.4404296875 0.8759765625 0.4296875
2 0.4462890625 0.265625 0.4111328125 0.248046875 0.359375 0.2412109375 0.359375 0.2861328125 0.3681640625 0.296875 0.4130859375 0.296875 0.4443359375 0.275390625 0.4462890625 0.265625
2 0.7080078125 0.216796875 0.701171875 0.2158203125 0.705078125 0.2041015625 0.697265625 0.1923828125 0.703125 0.1884765625 0.6943359375 0.1875 0.6708984375 0.201171875 0.64453125 0.2275390625 0.640625 0.2470703125 0.6904296875 0.240234375 0.7080078125 0.216796875
2 0.7333984375 0.0859375 0.728515625 0.0830078125 0.728515625 0.0380859375 0.6923828125 0.033203125 0.69140625 0.0810546875 0.7197265625 0.10546875 0.734375 0.0966796875 0.7333984375 0.0859375
2 0.2236328125 0.654296875 0.2119140625 0.6328125 0.142578125 0.6494140625 0.1484375 0.6845703125 0.1923828125 0.69921875 0.220703125 0.6884765625 0.2236328125 0.654296875
2 0 0.1591796875 0.0498046875 0.166015625 0.0791015625 0.12109375 0.0693359375 0.109375 0.0380859375 0.099609375 0.0087890625 0.1015625 0 0.1083984375 0 0.1591796875
2 0.0517578125 0.3984375 0.0341796875 0.3671875 0.0224609375 0.3671875 0 0.3857421875 0.0009765625 0.453125 0.0185546875 0.451171875 0.0390625 0.4384765625 0.05078125 0.4150390625 0.0517578125 0.3984375
2 0.2314453125 0.107421875 0.2216796875 0.08984375 0.2041015625 0.08984375 0.203125 0.1259765625 0.2294921875 0.13671875 0.2314453125 0.107421875
2 0.7705078125 0.1171875 0.7373046875 0.1015625 0.7265625 0.1103515625 0.73046875 0.1474609375 0.7412109375 0.150390625 0.7568359375 0.14453125 0.7705078125 0.1171875
2 0.8955078125 0.017578125 0.8857421875 0.009765625 0.853515625 0.0126953125 0.84765625 0.0283203125 0.849609375 0.0537109375 0.8623046875 0.072265625 0.87890625 0.0712890625 0.87109375 0.0693359375 0.880859375 0.0634765625 0.896484375 0.0341796875 0.8955078125 0.017578125