2 0.072265625 0.3154296875 0.076171875 0.3017578125 0.0712890625 0.291015625 0.0302734375 0.287109375 0.0234375 0.2919921875 0.02734375 0.3291015625 0.04296875 0.3310546875 0.072265625 0.3154296875
2 0.2197265625 0.107421875 0.2021484375 0.10546875 0.16796875 0.1240234375 0.1728515625 0.1484375 0.1923828125 0.15625 0.232421875 0.1572265625 0.2548828125 0.1484375 0.2666015625 0.130859375 0.28515625 0.1240234375 0.29296875 0.1123046875 0.29296875 0.0986328125 0.2822265625 0.083984375 0.2431640625 0.078125 0.2197265625 0.107421875
2 0.61328125 0.3935546875 0.615234375 0.3740234375 0.6044921875 0.365234375 0.5771484375 0.3671875 0.5703125 0.3740234375 0.568359375 0.3994140625 0.599609375 0.4033203125 0.61328125 0.3935546875
2 0.638671875 0.8955078125 0.662109375 0.9013671875 0.6826171875 0.896484375 0.697265625 0.8798828125 0.693359375 0.8544921875 0.6845703125 0.84765625 0.6572265625 0.845703125 0.6435546875 0.8515625 0.634765625 0.8642578125 0.638671875 0.8955078125
2 0.5634765625 0.876953125 0.57421875 0.8759765625 0.607421875 0.8544921875 0.61328125 0.8251953125 0.6083984375 0.80859375 0.5673828125 0.810546875 0.546875 0.8251953125 0.54296875 0.8447265625 0.55078125 0.8623046875 0.5634765625 0.876953125
2 0.28125 0.8330078125 0.3046875 0.8193359375 0.306640625 0.7998046875 0.2900390625 0.783203125 0.2587890625 0.787109375 0.25 0.7998046875 0.25390625 0.8212890625 0.2646484375 0.83203125 0.28125 0.8330078125
2 0.787109375 0.3076171875 0.7919921875 0.3125 0.8203125 0.3134765625 0.8603515625 0.3125 0.869140625 0.3076171875 0.869140625 0.2998046875 0.8603515625 0.2890625 0.8466796875 0.28515625 0.8056640625 0.283203125 0.791015625 0.2919921875 0.787109375 0.3076171875
2 0.37890625 0.3642578125 0.3896484375 0.375 0.404296875 0.3779296875 0.4150390625 0.369140625 0.4306640625 0.369140625 0.447265625 0.3544921875 0.44921875 0.3408203125 0.4326171875 0.326171875 0.3974609375 0.326171875 0.37890625 0.3388671875 0.37890625 0.3642578125
2 0.3232421875 0.341796875 0.3154296875 0.34375 0.310546875 0.3681640625 0.3291015625 0.3828125 0.34375 0.3837890625 0.345703125 0.3583984375 0.3232421875 0.341796875
2 0.48046875 0.7294921875 0.501953125 0.7236328125 0.494140625 0.6787109375 0.4833984375 0.669921875 0.4521484375 0.671875 0.4453125 0.7041015625 0.44921875 0.7158203125 0.4599609375 0.7265625 0.48046875 0.7294921875
2 0.505859375 0.8974609375 0.517578125 0.8818359375 0.517578125 0.8544921875 0.5126953125 0.845703125 0.4892578125 0.833984375 0.47265625 0.8525390625 0.47265625 0.8837890625 0.4853515625 0.896484375 0.505859375 0.8974609375