2 0.7626953125 0.0859375 0.7900390625 0.0859375 0.802734375 0.0693359375 0.802734375 0.0322265625 0.7822265625 0.017578125 0.76171875 0.0166015625 0.73828125 0.0302734375 0.73828125 0.0517578125 0.7626953125 0.0859375
2 0.6787109375 0.189453125 0.7041015625 0.197265625 0.701171875 0.1806640625 0.65234375 0.1376953125 0.6328125 0.1455078125 0.634765625 0.1591796875 0.6787109375 0.189453125
2 1 0.3251953125 0.9755859375 0.328125 0.962890625 0.3447265625 0.958984375 0.3681640625 0.9755859375 0.38671875 1 0.3857421875 1 0.3251953125
2 0.1484375 0.2392578125 0.1591796875 0.248046875 0.171875 0.2431640625 0.1875 0.2197265625 0.19140625 0.1982421875 0.181640625 0.1923828125 0.1611328125 0.197265625 0.1484375 0.2197265625 0.1484375 0.2392578125
2 1 0.7080078125 0.9794921875 0.708984375 0.9609375 0.7255859375 0.9609375 0.7470703125 0.9775390625 0.765625 1 0.7587890625 1 0.7080078125
2 0.8515625 0.7783203125 0.8623046875 0.794921875 0.900390625 0.7861328125 0.90234375 0.7431640625 0.89453125 0.7314453125 0.8681640625 0.73046875 0.8515625 0.7412109375 0.8515625 0.7783203125
2 0.8466796875 0.55078125 0.8515625 0.5458984375 0.8515625 0.4755859375 0.845703125 0.4677734375 0.794921875 0.4833984375 0.7958984375 0.548828125 0.8466796875 0.55078125
2 0.5615234375 0.619140625 0.57421875 0.6083984375 0.576171875 0.5888671875 0.5654296875 0.5703125 0.552734375 0.5673828125 0.541015625 0.5771484375 0.54296875 0.6162109375 0.5615234375 0.619140625
2 0.7236328125 0.595703125 0.732421875 0.5849609375 0.73046875 0.5693359375 0.7236328125 0.5625 0.69921875 0.5615234375 0.6650390625 0.5625 0.662109375 0.5712890625 0.7236328125 0.595703125
2 0.7841796875 0.380859375 0.8095703125 0.37890625 0.830078125 0.3525390625 0.830078125 0.3251953125 0.810546875 0.3232421875 0.7939453125 0.32421875 0.76953125 0.3564453125 0.7841796875 0.380859375
2 0.806640625 0.3076171875 0.8212890625 0.31640625 0.833984375 0.3115234375 0.857421875 0.2783203125 0.8525390625 0.263671875 0.8359375 0.2587890625 0.8115234375 0.263671875 0.80078125 0.2783203125 0.806640625 0.3076171875
2 0.7626953125 1 0.798828125 0.9990234375 0.80859375 0.9775390625 0.791015625 0.9658203125 0.7802734375 0.96484375 0.771484375 0.9716796875 0.7626953125 1
2 0.59375 0.4267578125 0.6064453125 0.4375 0.6240234375 0.44140625 0.6494140625 0.439453125 0.6728515625 0.4296875 0.6796875 0.4208984375 0.673828125 0.3876953125 0.6474609375 0.375 0.62109375 0.3720703125 0.6025390625 0.373046875 0.591796875 0.3857421875 0.59375 0.4267578125
2 0.1484375 0.4306640625 0.2021484375 0.423828125 0.2109375 0.4091796875 0.193359375 0.4033203125 0.1630859375 0.40625 0.15234375 0.4150390625 0.1484375 0.4306640625
2 0.2412109375 0.7421875 0.2822265625 0.734375 0.2890625 0.7255859375 0.2890625 0.6982421875 0.275390625 0.6943359375 0.2333984375 0.701171875 0.2265625 0.7294921875 0.2412109375 0.7421875
2 0.2001953125 0.5859375 0.193359375 0.5947265625 0.193359375 0.6142578125 0.2138671875 0.623046875 0.2802734375 0.62109375 0.28515625 0.6162109375 0.28515625 0.5908203125 0.27734375 0.5830078125 0.2236328125 0.58203125 0.2060546875 0.58984375 0.2001953125 0.5859375
2 0.17578125 0.8017578125 0.171875 0.8154296875 0.1982421875 0.828125 0.2529296875 0.8203125 0.26953125 0.8115234375 0.26953125 0.7900390625 0.2470703125 0.798828125 0.1884765625 0.796875 0.17578125 0.8017578125
2 0.5029296875 0.921875 0.509765625 0.9072265625 0.509765625 0.8876953125 0.5 0.8740234375 0.474609375 0.8876953125 0.4873046875 0.921875 0.5029296875 0.921875