2 0.34765625 0.9365234375 0.3427734375 0.912109375 0.3212890625 0.90234375 0.283203125 0.9111328125 0.279296875 0.9443359375 0.287109375 0.9873046875 0.3193359375 0.98828125 0.337890625 0.9755859375 0.34765625 0.9365234375
2 0.509765625 0.2119140625 0.4990234375 0.201171875 0.4716796875 0.201171875 0.451171875 0.2197265625 0.451171875 0.2431640625 0.4658203125 0.263671875 0.47265625 0.2646484375 0.4912109375 0.265625 0.501953125 0.2548828125 0.509765625 0.2119140625
2 0.0791015625 0.353515625 0.0458984375 0.34375 0.033203125 0.3818359375 0.0458984375 0.40234375 0.05859375 0.4072265625 0.0888671875 0.400390625 0.095703125 0.3837890625 0.0791015625 0.353515625
2 0.51171875 0.5478515625 0.51953125 0.5087890625 0.4833984375 0.5 0.4755859375 0.4921875 0.4521484375 0.4921875 0.427734375 0.5068359375 0.421875 0.5283203125 0.412109375 0.5380859375 0.421875 0.5595703125 0.419921875 0.5693359375 0.4384765625 0.578125 0.4521484375 0.5703125 0.4541015625 0.578125 0.4697265625 0.57421875 0.474609375 0.5810546875 0.46484375 0.5830078125 0.482421875 0.5888671875 0.5048828125 0.5859375 0.521484375 0.5693359375 0.51171875 0.5478515625
2 0.3349609375 0.57421875 0.3505859375 0.56640625 0.36328125 0.5361328125 0.361328125 0.5185546875 0.3466796875 0.505859375 0.3251953125 0.501953125 0.2958984375 0.5078125 0.2587890625 0.525390625 0.248046875 0.5400390625 0.255859375 0.5556640625 0.251953125 0.5732421875 0.27734375 0.5849609375 0.2998046875 0.583984375 0.3076171875 0.576171875 0.3349609375 0.57421875
2 0.69140625 0.0380859375 0.6728515625 0.0234375 0.6533203125 0.025390625 0.640625 0.0380859375 0.642578125 0.0751953125 0.654296875 0.0888671875 0.6728515625 0.087890625 0.69140625 0.0673828125 0.69140625 0.0380859375
2 0.9306640625 0.45703125 0.919921875 0.4619140625 0.9140625 0.4833984375 0.91796875 0.5087890625 0.92578125 0.5068359375 0.93359375 0.4931640625 0.9306640625 0.45703125
2 0.9052734375 0.5078125 0.8935546875 0.5078125 0.88671875 0.5166015625 0.8828125 0.5380859375 0.888671875 0.5498046875 0.8994140625 0.548828125 0.908203125 0.5361328125 0.9052734375 0.5078125
2 0.892578125 0.8505859375 0.89453125 0.7880859375 0.8798828125 0.771484375 0.8671875 0.7744140625 0.85546875 0.8076171875 0.85546875 0.8623046875 0.865234375 0.8837890625 0.8779296875 0.884765625 0.884765625 0.8779296875 0.892578125 0.8505859375
2 0.8212890625 0.6640625 0.7958984375 0.666015625 0.779296875 0.6806640625 0.7802734375 0.693359375 0.798828125 0.7001953125 0.8193359375 0.6953125 0.83203125 0.6845703125 0.8212890625 0.6640625
2 0.892578125 0.6181640625 0.8837890625 0.603515625 0.875 0.6142578125 0.875 0.6513671875 0.8837890625 0.65234375 0.890625 0.6416015625 0.892578125 0.6181640625
2 0.681640625 0.8525390625 0.6650390625 0.841796875 0.65625 0.8466796875 0.662109375 0.9130859375 0.677734375 0.8974609375 0.68359375 0.8720703125 0.681640625 0.8525390625
2 0.7431640625 0.892578125 0.734375 0.9013671875 0.734375 0.9306640625 0.740234375 0.9345703125 0.755859375 0.9306640625 0.7548828125 0.892578125 0.7431640625 0.892578125
2 0.705078125 0.6162109375 0.69921875 0.5908203125 0.6884765625 0.576171875 0.6767578125 0.572265625 0.6513671875 0.57421875 0.62890625 0.6064453125 0.62890625 0.6240234375 0.662109375 0.6513671875 0.6787109375 0.650390625 0.701171875 0.6279296875 0.705078125 0.6162109375
2 0.4658203125 0.646484375 0.4326171875 0.646484375 0.4189453125 0.65234375 0.41015625 0.6669921875 0.41796875 0.6884765625 0.451171875 0.7177734375 0.474609375 0.7080078125 0.474609375 0.6630859375 0.4658203125 0.646484375