2 0.1123046875 0.447265625 0.0849609375 0.44921875 0.076171875 0.4599609375 0.080078125 0.5185546875 0.091796875 0.5419921875 0.1083984375 0.552734375 0.1259765625 0.5546875 0.13671875 0.5458984375 0.1435546875 0.52734375 0.140625 0.4912109375 0.126953125 0.4560546875 0.1123046875 0.447265625
2 0.2275390625 0.236328125 0.21875 0.2451171875 0.224609375 0.2802734375 0.2451171875 0.296875 0.2744140625 0.298828125 0.2841796875 0.271484375 0.283203125 0.2568359375 0.2587890625 0.240234375 0.2275390625 0.236328125
2 0.3349609375 0.447265625 0.322265625 0.4560546875 0.33203125 0.4716796875 0.3369140625 0.50390625 0.3623046875 0.5 0.3798828125 0.486328125 0.380859375 0.4619140625 0.3720703125 0.451171875 0.3349609375 0.447265625
2 0.2001953125 0.580078125 0.1904296875 0.583984375 0.1796875 0.6064453125 0.177734375 0.6201171875 0.185546875 0.6279296875 0.185546875 0.6376953125 0.173828125 0.6416015625 0.177734375 0.6572265625 0.1904296875 0.6640625 0.2216796875 0.662109375 0.236328125 0.6533203125 0.2392578125 0.642578125 0.240234375 0.6142578125 0.23046875 0.5947265625 0.2001953125 0.580078125
2 0.25390625 0.5439453125 0.25390625 0.5673828125 0.2685546875 0.5859375 0.2978515625 0.599609375 0.3046875 0.5966796875 0.3095703125 0.58203125 0.3056640625 0.537109375 0.2783203125 0.533203125 0.25390625 0.5439453125
2 0.26953125 0.7998046875 0.2587890625 0.791015625 0.2275390625 0.78515625 0.19921875 0.7958984375 0.208984375 0.8076171875 0.208984375 0.8349609375 0.2177734375 0.8515625 0.2587890625 0.853515625 0.2744140625 0.83984375 0.2734375 0.8251953125 0.26171875 0.8173828125 0.26953125 0.7998046875
2 0.26171875 0.7119140625 0.26171875 0.7392578125 0.2763671875 0.75390625 0.2880859375 0.759765625 0.3076171875 0.74609375 0.30859375 0.7275390625 0.2880859375 0.703125 0.26171875 0.7119140625
2 0.228515625 0.9345703125 0.2373046875 0.955078125 0.2685546875 0.955078125 0.2744140625 0.94921875 0.2705078125 0.91796875 0.2509765625 0.916015625 0.228515625 0.9345703125
2 0.8388671875 0.912109375 0.796875 0.9443359375 0.8046875 0.9736328125 0.8271484375 0.98828125 0.8544921875 0.990234375 0.8720703125 0.984375 0.8955078125 0.95703125 0.890625 0.9169921875 0.8720703125 0.904296875 0.8388671875 0.912109375
2 0.919921875 0.6142578125 0.912109375 0.6513671875 0.9326171875 0.6796875 0.9541015625 0.673828125 0.9658203125 0.6796875 0.9990234375 0.66015625 0.9599609375 0.591796875 0.9326171875 0.59765625 0.919921875 0.6142578125
2 0.6318359375 0.88671875 0.61328125 0.9111328125 0.615234375 0.9248046875 0.6376953125 0.943359375 0.6826171875 0.94140625 0.6943359375 0.9296875 0.6953125 0.9150390625 0.6611328125 0.8828125 0.6318359375 0.88671875
2 0.6806640625 0.806640625 0.669921875 0.8037109375 0.673828125 0.8095703125 0.66015625 0.8251953125 0.662109375 0.8447265625 0.6689453125 0.8515625 0.7158203125 0.865234375 0.7255859375 0.845703125 0.7216796875 0.80859375 0.6982421875 0.798828125 0.6806640625 0.806640625
2 0.5595703125 0.412109375 0.5322265625 0.408203125 0.5244140625 0.416015625 0.4853515625 0.408203125 0.478515625 0.4150390625 0.4765625 0.4443359375 0.5009765625 0.47265625 0.5361328125 0.478515625 0.5712890625 0.470703125 0.5849609375 0.458984375 0.580078125 0.4404296875 0.5859375 0.4345703125 0.5595703125 0.412109375
2 0.4921875 0.6416015625 0.490234375 0.6689453125 0.5126953125 0.6953125 0.5361328125 0.703125 0.5498046875 0.697265625 0.548828125 0.6533203125 0.5400390625 0.640625 0.4921875 0.6416015625
2 0.263671875 0.0400390625 0.26171875 0.0654296875 0.2763671875 0.0859375 0.2841796875 0.091796875 0.2939453125 0.08984375 0.28515625 0.0400390625 0.2724609375 0.033203125 0.263671875 0.0400390625
2 0.2607421875 0.125 0.244140625 0.1376953125 0.240234375 0.1630859375 0.2529296875 0.173828125 0.2841796875 0.173828125 0.2919921875 0.1484375 0.29296875 0.1416015625 0.2783203125 0.126953125 0.2607421875 0.125
2 0.099609375 0.0244140625 0.1103515625 0.03125 0.1396484375 0.0390625 0.1474609375 0.025390625 0.1474609375 0 0.09375 0.0009765625 0.099609375 0.0244140625
2 0 0.5126953125 0.00390625 0.5380859375 0.0205078125 0.546875 0.0263671875 0.537109375 0.0234375 0.5048828125 0.0087890625 0.501953125 0 0.5126953125
2 0.0166015625 0.833984375 0 0.8408203125 0.0009765625 0.85546875 0.0205078125 0.861328125 0.0810546875 0.857421875 0.1005859375 0.849609375 0.099609375 0.8408203125 0.0849609375 0.826171875 0.0166015625 0.833984375
2 0.1103515625 0.9375 0.099609375 0.9462890625 0.1123046875 0.96484375 0.1337890625 0.955078125 0.1328125 0.9443359375 0.1240234375 0.939453125 0.1103515625 0.9375
2 0.17578125 0.7763671875 0.17578125 0.7822265625 0.1923828125 0.7890625 0.2138671875 0.77734375 0.2099609375 0.765625 0.1923828125 0.763671875 0.17578125 0.7763671875
2 0.25 0.4052734375 0.251953125 0.4208984375 0.2646484375 0.43359375 0.2841796875 0.435546875 0.2880859375 0.427734375 0.2822265625 0.40625 0.2626953125 0.400390625 0.25 0.4052734375
2 0.4287109375 0.814453125 0.423828125 0.8193359375 0.4384765625 0.845703125 0.4580078125 0.845703125 0.4677734375 0.8359375 0.46875 0.8310546875 0.4501953125 0.81640625 0.4287109375 0.814453125
2 0.390625 0.9111328125 0.4013671875 0.935546875 0.4345703125 0.935546875 0.4306640625 0.91015625 0.4033203125 0.90625 0.390625 0.9111328125
2 0.650390625 0.5009765625 0.65234375 0.5126953125 0.6650390625 0.51953125 0.6865234375 0.52734375 0.6962890625 0.5234375 0.69140625 0.5107421875 0.6689453125 0.490234375 0.650390625 0.5009765625
2 0.818359375 0.1708984375 0.8232421875 0.17578125 0.8359375 0.1728515625 0.8447265625 0.14453125 0.8408203125 0.12890625 0.8203125 0.1357421875 0.818359375 0.1708984375
2 0.8798828125 0.294921875 0.87109375 0.3330078125 0.8916015625 0.345703125 0.9033203125 0.3359375 0.90234375 0.2998046875 0.8974609375 0.29296875 0.8798828125 0.294921875
2 0.8349609375 0.64453125 0.8232421875 0.646484375 0.80859375 0.6669921875 0.810546875 0.6826171875 0.8291015625 0.69921875 0.8486328125 0.693359375 0.8544921875 0.685546875 0.853515625 0.6689453125 0.83984375 0.6494140625 0.8349609375 0.64453125
2 0.9765625 0.3896484375 0.9765625 0.4013671875 0.9873046875 0.41015625 0.9990234375 0.41015625 1 0.3818359375 0.9873046875 0.380859375 0.9765625 0.3896484375
2 0.7177734375 0.251953125 0.7294921875 0.255859375 0.7392578125 0.240234375 0.7353515625 0.224609375 0.7109375 0.2216796875 0.7177734375 0.251953125
2 0.0908203125 0.697265625 0.0703125 0.7021484375 0.076171875 0.7294921875 0.0703125 0.7373046875 0.0751953125 0.7421875 0.0966796875 0.7421875 0.1220703125 0.751953125 0.1259765625 0.74609375 0.126953125 0.7138671875 0.1220703125 0.70703125 0.0908203125 0.697265625