2 0.1806640625 0 0.171875 0.0107421875 0.171875 0.0478515625 0.1865234375 0.060546875 0.2021484375 0.0625 0.2197265625 0.052734375 0.2275390625 0.03515625 0.2177734375 0 0.1806640625 0
2 0.078125 0.5986328125 0.07421875 0.6201171875 0.0888671875 0.640625 0.1162109375 0.646484375 0.140625 0.6337890625 0.1455078125 0.61328125 0.1396484375 0.58984375 0.1181640625 0.578125 0.1044921875 0.578125 0.078125 0.5986328125
2 0.2236328125 0.630859375 0.212890625 0.6337890625 0.21484375 0.6533203125 0.2236328125 0.662109375 0.2412109375 0.6640625 0.2470703125 0.658203125 0.24609375 0.6474609375 0.2353515625 0.63671875 0.2236328125 0.630859375
2 0.123046875 0.8720703125 0.111328125 0.8779296875 0.11328125 0.8857421875 0.1259765625 0.896484375 0.1396484375 0.890625 0.1533203125 0.859375 0.1474609375 0.84375 0.1259765625 0.84375 0.123046875 0.8720703125
2 0.1748046875 0.333984375 0.1572265625 0.330078125 0.1484375 0.3369140625 0.1533203125 0.357421875 0.1669921875 0.359375 0.1767578125 0.353515625 0.1748046875 0.333984375
2 0.2451171875 0.29296875 0.2255859375 0.294921875 0.21484375 0.3154296875 0.216796875 0.3232421875 0.2275390625 0.328125 0.2490234375 0.302734375 0.2451171875 0.29296875
2 0.5263671875 0.353515625 0.517578125 0.3642578125 0.521484375 0.3818359375 0.5322265625 0.392578125 0.5400390625 0.392578125 0.5537109375 0.376953125 0.5546875 0.3662109375 0.5439453125 0.353515625 0.5263671875 0.353515625
2 0.5400390625 0.3203125 0.5244140625 0.296875 0.5126953125 0.296875 0.501953125 0.3056640625 0.5126953125 0.32421875 0.5400390625 0.3203125
2 0.5986328125 0.080078125 0.587890625 0.0927734375 0.587890625 0.1123046875 0.6064453125 0.123046875 0.6279296875 0.123046875 0.6337890625 0.109375 0.6328125 0.0947265625 0.6103515625 0.078125 0.5986328125 0.080078125
2 0.6884765625 0.185546875 0.6748046875 0.173828125 0.6533203125 0.173828125 0.642578125 0.1943359375 0.6533203125 0.20703125 0.6884765625 0.185546875
2 0.6650390625 0.3125 0.666015625 0.2919921875 0.6572265625 0.287109375 0.642578125 0.3134765625 0.6572265625 0.3203125 0.6650390625 0.3125
2 0.849609375 0.1279296875 0.8515625 0.1474609375 0.8701171875 0.16796875 0.8974609375 0.16796875 0.908203125 0.1572265625 0.9091796875 0.138671875 0.91015625 0.1201171875 0.8974609375 0.107421875 0.8662109375 0.107421875 0.849609375 0.1279296875
2 0.9521484375 0.416015625 0.92578125 0.4306640625 0.921875 0.4541015625 0.9326171875 0.470703125 0.9521484375 0.4765625 0.9892578125 0.47265625 0.990234375 0.4443359375 0.9833984375 0.427734375 0.9521484375 0.416015625
2 0.9248046875 0.5 0.896484375 0.5166015625 0.896484375 0.5361328125 0.9208984375 0.576171875 0.9541015625 0.580078125 0.9755859375 0.5625 0.9765625 0.5322265625 0.9599609375 0.5078125 0.9248046875 0.5
2 0.8154296875 0.69140625 0.802734375 0.7021484375 0.806640625 0.7216796875 0.8232421875 0.740234375 0.8310546875 0.740234375 0.8408203125 0.724609375 0.841796875 0.7060546875 0.8349609375 0.693359375 0.8154296875 0.69140625
2 0.5869140625 0.61328125 0.572265625 0.6240234375 0.572265625 0.6455078125 0.5947265625 0.662109375 0.6123046875 0.65625 0.6240234375 0.638671875 0.623046875 0.6259765625 0.6123046875 0.615234375 0.5869140625 0.61328125
2 0.7822265625 0.46484375 0.77734375 0.4736328125 0.77734375 0.4814453125 0.7900390625 0.48828125 0.8095703125 0.48046875 0.8232421875 0.482421875 0.8203125 0.4677734375 0.8095703125 0.4609375 0.7822265625 0.46484375
2 0.703125 0.4052734375 0.7119140625 0.419921875 0.7294921875 0.419921875 0.7373046875 0.42578125 0.75390625 0.4130859375 0.7568359375 0.3984375 0.7578125 0.3876953125 0.7470703125 0.38671875 0.7060546875 0.39453125 0.703125 0.4052734375
2 0.521484375 0.7060546875 0.5087890625 0.703125 0.5 0.7138671875 0.5 0.7333984375 0.5166015625 0.740234375 0.5224609375 0.732421875 0.521484375 0.7060546875
2 0.693359375 0.5478515625 0.6787109375 0.55078125 0.673828125 0.5791015625 0.6806640625 0.5859375 0.6923828125 0.5859375 0.6962890625 0.580078125 0.693359375 0.5478515625
2 0.4443359375 0.572265625 0.431640625 0.5888671875 0.4365234375 0.603515625 0.4599609375 0.6171875 0.4794921875 0.6171875 0.4873046875 0.603515625 0.4765625 0.5791015625 0.4580078125 0.568359375 0.4443359375 0.572265625
2 0.0419921875 0.94921875 0.03125 0.9658203125 0.03125 0.9794921875 0.0419921875 0.990234375 0.0654296875 0.986328125 0.0791015625 0.974609375 0.080078125 0.9501953125 0.0732421875 0.9375 0.0615234375 0.9375 0.0419921875 0.94921875
2 0.21875 0.3974609375 0.2080078125 0.3828125 0.1943359375 0.384765625 0.1875 0.3935546875 0.1904296875 0.41015625 0.2177734375 0.40625 0.21875 0.3974609375
2 0.3427734375 0.216796875 0.33203125 0.2255859375 0.333984375 0.2607421875 0.3505859375 0.271484375 0.3837890625 0.26953125 0.3955078125 0.255859375 0.3837890625 0.216796875 0.3427734375 0.216796875
2 0.6650390625 0.0234375 0.6611328125 0 0.619140625 0.0009765625 0.6240234375 0.02734375 0.6552734375 0.033203125 0.6650390625 0.0234375