2 0.0009765625 0.89453125 0.0380859375 0.89453125 0.048828125 0.8759765625 0.046875 0.8564453125 0.0380859375 0.8515625 0.0009765625 0.861328125 0.0009765625 0.89453125
2 0.1826171875 0.048828125 0.19140625 0.0712890625 0.2060546875 0.078125 0.212890625 0.0673828125 0.208984375 0.0419921875 0.1982421875 0.033203125 0.1865234375 0.033203125 0.1826171875 0.048828125
2 0.3642578125 0.490234375 0.3701171875 0.50390625 0.4033203125 0.50390625 0.408203125 0.4951171875 0.404296875 0.4638671875 0.3701171875 0.458984375 0.3642578125 0.490234375
2 0.1044921875 0.4375 0.111328125 0.4638671875 0.1240234375 0.482421875 0.1494140625 0.482421875 0.1611328125 0.4765625 0.173828125 0.4560546875 0.1708984375 0.4453125 0.1416015625 0.42578125 0.1044921875 0.4375
2 0.4384765625 0.111328125 0.44140625 0.1220703125 0.4541015625 0.130859375 0.4716796875 0.130859375 0.478515625 0.1162109375 0.47265625 0.0947265625 0.458984375 0.0849609375 0.4599609375 0.080078125 0.4375 0.0947265625 0.4384765625 0.111328125
2 0.3955078125 0.17578125 0.4111328125 0.18359375 0.431640625 0.1767578125 0.42578125 0.1572265625 0.4052734375 0.150390625 0.396484375 0.1572265625 0.3955078125 0.17578125
2 0.4228515625 0.736328125 0.4404296875 0.759765625 0.4736328125 0.76171875 0.482421875 0.7236328125 0.4638671875 0.7109375 0.4404296875 0.708984375 0.42578125 0.7177734375 0.4228515625 0.736328125
2 0.2646484375 0.599609375 0.26953125 0.5986328125 0.2744140625 0.6171875 0.3056640625 0.62109375 0.318359375 0.6162109375 0.33203125 0.5830078125 0.3115234375 0.54296875 0.2744140625 0.5390625 0.26953125 0.5439453125 0.263671875 0.5576171875 0.2646484375 0.599609375
2 0.5908203125 0.447265625 0.6044921875 0.44921875 0.6240234375 0.470703125 0.6455078125 0.470703125 0.6640625 0.4619140625 0.681640625 0.4287109375 0.6689453125 0.419921875 0.6259765625 0.419921875 0.6123046875 0.4296875 0.5986328125 0.4296875 0.58984375 0.4384765625 0.5908203125 0.447265625
2 0.5927734375 0.708984375 0.6123046875 0.72265625 0.6474609375 0.728515625 0.658203125 0.7099609375 0.658203125 0.6904296875 0.6337890625 0.662109375 0.6220703125 0.662109375 0.59765625 0.6884765625 0.5927734375 0.708984375
2 0.3779296875 0.939453125 0.3916015625 0.953125 0.427734375 0.9443359375 0.4189453125 0.9296875 0.3818359375 0.923828125 0.376953125 0.9267578125 0.3779296875 0.939453125
2 0.8701171875 0.73046875 0.8876953125 0.751953125 0.9267578125 0.751953125 0.939453125 0.7275390625 0.935546875 0.6982421875 0.9267578125 0.689453125 0.8974609375 0.6953125 0.87109375 0.7158203125 0.8701171875 0.73046875
2 0.8349609375 0.921875 0.83984375 0.9443359375 0.8623046875 0.951171875 0.8896484375 0.9453125 0.904296875 0.9267578125 0.8916015625 0.900390625 0.8642578125 0.89453125 0.8349609375 0.9140625 0.8349609375 0.921875
2 0.7919921875 0.3515625 0.8076171875 0.36328125 0.828125 0.3623046875 0.8203125 0.3427734375 0.8056640625 0.333984375 0.79296875 0.3388671875 0.7919921875 0.3515625
2 0.4365234375 0.818359375 0.4521484375 0.8359375 0.4658203125 0.841796875 0.4794921875 0.837890625 0.4921875 0.8212890625 0.4697265625 0.80859375 0.4404296875 0.80859375 0.4365234375 0.818359375
2 0.4599609375 0.505859375 0.4658203125 0.513671875 0.4990234375 0.505859375 0.505859375 0.4951171875 0.501953125 0.4775390625 0.4873046875 0.47265625 0.4619140625 0.484375 0.4599609375 0.505859375
2 0.2138671875 0.650390625 0.21484375 0.6845703125 0.2216796875 0.693359375 0.2626953125 0.693359375 0.26953125 0.6884765625 0.2734375 0.6767578125 0.2548828125 0.650390625 0.2236328125 0.640625 0.2177734375 0.640625 0.2138671875 0.650390625
2 0.8681640625 0.84375 0.87109375 0.8623046875 0.8818359375 0.873046875 0.8955078125 0.873046875 0.908203125 0.8583984375 0.90625 0.8408203125 0.8935546875 0.830078125 0.8701171875 0.830078125 0.8681640625 0.84375
2 0.9462890625 1 0.953125 0.9912109375 0.9404296875 0.982421875 0.9091796875 0.984375 0.8974609375 1 0.9462890625 1
2 0.5888671875 0.1875 0.58984375 0.2001953125 0.6005859375 0.208984375 0.6201171875 0.20703125 0.6396484375 0.1953125 0.646484375 0.1884765625 0.650390625 0.1416015625 0.6396484375 0.134765625 0.6083984375 0.13671875 0.587890625 0.1611328125 0.5888671875 0.1875