2 0.58203125 0.4189453125 0.595703125 0.3994140625 0.591796875 0.3701171875 0.5654296875 0.34765625 0.5322265625 0.349609375 0.525390625 0.3642578125 0.529296875 0.3994140625 0.5517578125 0.416015625 0.58203125 0.4189453125
2 0.78125 0.6416015625 0.798828125 0.5947265625 0.7822265625 0.560546875 0.7490234375 0.548828125 0.72265625 0.5732421875 0.716796875 0.6083984375 0.7314453125 0.62890625 0.7646484375 0.642578125 0.78125 0.6416015625
2 0.37890625 0.4716796875 0.39453125 0.4560546875 0.38671875 0.4267578125 0.3779296875 0.419921875 0.3427734375 0.423828125 0.337890625 0.4326171875 0.341796875 0.4560546875 0.3583984375 0.470703125 0.37890625 0.4716796875
2 0.20703125 0.3837890625 0.220703125 0.3740234375 0.216796875 0.3486328125 0.2099609375 0.341796875 0.1865234375 0.33984375 0.1650390625 0.345703125 0.15234375 0.3623046875 0.1552734375 0.375 0.1669921875 0.373046875 0.1845703125 0.384765625 0.20703125 0.3837890625
2 0 0.1728515625 0.0107421875 0.17578125 0.0107421875 0.181640625 0.00390625 0.1806640625 0.013671875 0.1865234375 0.015625 0.1767578125 0.029296875 0.1650390625 0.029296875 0.1552734375 0.048828125 0.1396484375 0.0390625 0.1103515625 0.0048828125 0.0859375 0 0.0888671875 0 0.1728515625
2 0.154296875 0.7490234375 0.169921875 0.7314453125 0.171875 0.7041015625 0.1533203125 0.69140625 0.1220703125 0.6953125 0.10546875 0.7275390625 0.107421875 0.7333984375 0.1337890625 0.748046875 0.154296875 0.7490234375
2 0.21875 0.7431640625 0.2314453125 0.7421875 0.236328125 0.7353515625 0.236328125 0.7060546875 0.2216796875 0.693359375 0.1943359375 0.6875 0.18359375 0.7041015625 0.181640625 0.7294921875 0.2001953125 0.744140625 0.21875 0.7431640625
2 0.16796875 0.9208984375 0.1953125 0.8974609375 0.19921875 0.8779296875 0.1904296875 0.86328125 0.1767578125 0.8671875 0.1669921875 0.861328125 0.1484375 0.8818359375 0.15234375 0.9169921875 0.16796875 0.9208984375
2 0.0546875 0.8623046875 0.0908203125 0.857421875 0.099609375 0.8486328125 0.091796875 0.8095703125 0.0791015625 0.80078125 0.0732421875 0.80078125 0.052734375 0.8251953125 0.044921875 0.8623046875 0.0546875 0.8623046875
2 0.068359375 0.6767578125 0.078125 0.6708984375 0.078125 0.6533203125 0.072265625 0.6455078125 0.0556640625 0.6328125 0.0283203125 0.62890625 0.013671875 0.6513671875 0.013671875 0.6611328125 0.0322265625 0.67578125 0.068359375 0.6767578125
2 0.365234375 0.6474609375 0.3876953125 0.642578125 0.392578125 0.6220703125 0.38671875 0.5986328125 0.3623046875 0.587890625 0.33984375 0.6005859375 0.333984375 0.6220703125 0.3447265625 0.6484375 0.365234375 0.6474609375
2 0.640625 0.5712890625 0.666015625 0.5537109375 0.666015625 0.5205078125 0.6455078125 0.509765625 0.6162109375 0.51171875 0.60546875 0.5224609375 0.607421875 0.5517578125 0.6181640625 0.568359375 0.640625 0.5712890625
2 0.48046875 0.7724609375 0.4970703125 0.76171875 0.5185546875 0.76171875 0.521484375 0.7509765625 0.509765625 0.7412109375 0.51171875 0.7275390625 0.50390625 0.7275390625 0.5087890625 0.720703125 0.4638671875 0.7109375 0.443359375 0.7236328125 0.443359375 0.7373046875 0.4560546875 0.759765625 0.4697265625 0.771484375 0.48046875 0.7724609375
2 0.408203125 0.7490234375 0.4091796875 0.70703125 0.3603515625 0.693359375 0.349609375 0.6962890625 0.34765625 0.7080078125 0.3642578125 0.724609375 0.3916015625 0.74609375 0.408203125 0.7490234375
2 0.236328125 0.9990234375 0.232421875 0.9697265625 0.2197265625 0.951171875 0.1943359375 0.94921875 0.177734375 0.9599609375 0.171875 0.9775390625 0.1767578125 1 0.236328125 0.9990234375
2 0.095703125 0.5048828125 0.1083984375 0.498046875 0.1171875 0.4833984375 0.115234375 0.4638671875 0.1044921875 0.447265625 0.0771484375 0.4453125 0.0458984375 0.408203125 0.0205078125 0.408203125 0 0.4189453125 0.0009765625 0.482421875 0.0556640625 0.486328125 0.0751953125 0.50390625 0.095703125 0.5048828125
2 0.630859375 0.8291015625 0.642578125 0.8154296875 0.642578125 0.7958984375 0.6103515625 0.78125 0.5927734375 0.78125 0.59375 0.8232421875 0.6103515625 0.830078125 0.630859375 0.8291015625
2 0.86328125 0.8798828125 0.8671875 0.8544921875 0.853515625 0.8291015625 0.853515625 0.8173828125 0.8369140625 0.8046875 0.8212890625 0.80859375 0.8125 0.8369140625 0.8203125 0.8759765625 0.8349609375 0.873046875 0.83203125 0.8779296875 0.8369140625 0.880859375 0.86328125 0.8798828125