2 1 0.9619140625 0.986328125 0.9619140625 0.951171875 0.9794921875 0.9501953125 1 1 0.9990234375 1 0.9619140625
2 0.59375 0.7841796875 0.587890625 0.7900390625 0.58984375 0.8134765625 0.580078125 0.8349609375 0.5947265625 0.849609375 0.6259765625 0.849609375 0.640625 0.8330078125 0.642578125 0.8095703125 0.6201171875 0.80078125 0.6083984375 0.78515625 0.59375 0.7841796875
2 0.74609375 0.5556640625 0.720703125 0.5771484375 0.716796875 0.6103515625 0.7333984375 0.6328125 0.7685546875 0.64453125 0.7841796875 0.642578125 0.794921875 0.6123046875 0.78515625 0.5732421875 0.7724609375 0.560546875 0.74609375 0.5556640625
2 0.552734375 0.3486328125 0.52734375 0.3564453125 0.525390625 0.4072265625 0.5380859375 0.4296875 0.5517578125 0.439453125 0.5673828125 0.439453125 0.587890625 0.4228515625 0.595703125 0.3935546875 0.58984375 0.3720703125 0.5693359375 0.3515625 0.552734375 0.3486328125
2 0.494140625 0.3251953125 0.466796875 0.3486328125 0.4609375 0.3779296875 0.4970703125 0.400390625 0.515625 0.3857421875 0.515625 0.3544921875 0.494140625 0.3251953125
2 0.37109375 0.4248046875 0.3427734375 0.435546875 0.33984375 0.4521484375 0.3525390625 0.470703125 0.3779296875 0.474609375 0.390625 0.4658203125 0.39453125 0.4521484375 0.38671875 0.4306640625 0.3798828125 0.423828125 0.37109375 0.4248046875
2 0.623046875 0.5224609375 0.609375 0.5263671875 0.607421875 0.5498046875 0.6201171875 0.5703125 0.6396484375 0.57421875 0.658203125 0.5615234375 0.66015625 0.5400390625 0.6435546875 0.5234375 0.623046875 0.5224609375
2 0.359375 0.5927734375 0.3447265625 0.59765625 0.3359375 0.6162109375 0.341796875 0.6455078125 0.3564453125 0.650390625 0.3876953125 0.642578125 0.392578125 0.6318359375 0.384765625 0.6025390625 0.3681640625 0.591796875 0.359375 0.5927734375
2 0.4453125 0.7275390625 0.421875 0.7373046875 0.41796875 0.7607421875 0.4306640625 0.775390625 0.4501953125 0.775390625 0.4619140625 0.787109375 0.4775390625 0.78515625 0.48046875 0.7763671875 0.501953125 0.7607421875 0.5 0.7353515625 0.4912109375 0.7265625 0.4453125 0.7275390625
2 0.193359375 0.6904296875 0.1796875 0.7177734375 0.18359375 0.7353515625 0.1962890625 0.744140625 0.2333984375 0.7421875 0.234375 0.7060546875 0.2216796875 0.6953125 0.193359375 0.6904296875
2 0.146484375 0.6923828125 0.12109375 0.6982421875 0.10546875 0.7255859375 0.1083984375 0.740234375 0.1396484375 0.751953125 0.1572265625 0.751953125 0.166015625 0.7431640625 0.169921875 0.7060546875 0.1611328125 0.6953125 0.146484375 0.6923828125
2 0.025390625 0.6318359375 0.013671875 0.6513671875 0.013671875 0.6650390625 0.0361328125 0.6875 0.0693359375 0.685546875 0.076171875 0.6767578125 0.07421875 0.6552734375 0.0380859375 0.630859375 0.025390625 0.6318359375
2 0.01953125 0.4130859375 0 0.4169921875 0.0009765625 0.484375 0.0556640625 0.48828125 0.0830078125 0.509765625 0.0966796875 0.509765625 0.11328125 0.4951171875 0.1171875 0.4755859375 0.1044921875 0.453125 0.0751953125 0.447265625 0.0439453125 0.416015625 0.01953125 0.4130859375
2 0.189453125 0.3447265625 0.166015625 0.3544921875 0.1630859375 0.388671875 0.2080078125 0.408203125 0.251953125 0.4013671875 0.25390625 0.3818359375 0.2412109375 0.353515625 0.2216796875 0.345703125 0.189453125 0.3447265625
2 0 0.1552734375 0.0185546875 0.16015625 0.0458984375 0.150390625 0.05078125 0.1416015625 0.04296875 0.1181640625 0.0283203125 0.103515625 0 0.0947265625 0 0.1552734375
2 0.337890625 0.7021484375 0.33203125 0.7353515625 0.3408203125 0.74609375 0.392578125 0.7470703125 0.392578125 0.7255859375 0.3837890625 0.71484375 0.337890625 0.7021484375
2 0.1640625 0.8603515625 0.154296875 0.8662109375 0.1484375 0.8837890625 0.1572265625 0.904296875 0.1708984375 0.90234375 0.185546875 0.8837890625 0.185546875 0.8623046875 0.1640625 0.8603515625
2 0.0703125 0.8056640625 0.052734375 0.8251953125 0.044921875 0.8525390625 0.0478515625 0.86328125 0.0927734375 0.857421875 0.1015625 0.8486328125 0.09375 0.8115234375 0.0869140625 0.8046875 0.0703125 0.8056640625
2 0.810546875 0.8056640625 0.796875 0.8271484375 0.798828125 0.8837890625 0.8232421875 0.896484375 0.8466796875 0.896484375 0.8759765625 0.8828125 0.873046875 0.8466796875 0.888671875 0.8408203125 0.888671875 0.8291015625 0.8720703125 0.8203125 0.8623046875 0.8046875 0.8583984375 0.8125 0.8486328125 0.8046875 0.810546875 0.8056640625