2 0.6357421875 0.474609375 0.650390625 0.4677734375 0.65234375 0.4345703125 0.6298828125 0.408203125 0.6005859375 0.404296875 0.5810546875 0.41796875 0.583984375 0.4482421875 0.6005859375 0.470703125 0.6357421875 0.474609375
2 0.3916015625 0.283203125 0.4267578125 0.27734375 0.451171875 0.2509765625 0.439453125 0.2177734375 0.4052734375 0.201171875 0.3583984375 0.21875 0.357421875 0.2353515625 0.37109375 0.2685546875 0.3916015625 0.283203125
2 0.5673828125 0.662109375 0.576171875 0.6572265625 0.580078125 0.6220703125 0.5732421875 0.61328125 0.5439453125 0.60546875 0.5283203125 0.62109375 0.529296875 0.6416015625 0.5439453125 0.658203125 0.5673828125 0.662109375
2 0.654296875 0.8349609375 0.66015625 0.8134765625 0.658203125 0.7900390625 0.6513671875 0.783203125 0.6259765625 0.779296875 0.6162109375 0.79296875 0.615234375 0.8154296875 0.626953125 0.8330078125 0.625 0.8447265625 0.6376953125 0.84765625 0.654296875 0.8349609375
2 0.9111328125 1 0.9140625 0.9951171875 0.8896484375 0.9609375 0.8603515625 0.951171875 0.8447265625 0.970703125 0.8349609375 0.970703125 0.8232421875 0.984375 0.8134765625 0.986328125 0.8193359375 0.99609375 0.818359375 0.9892578125 0.82421875 0.9892578125 0.8271484375 1 0.9111328125 1
2 0.2724609375 0.89453125 0.3046875 0.8779296875 0.30859375 0.8466796875 0.2958984375 0.828125 0.2685546875 0.830078125 0.2509765625 0.845703125 0.251953125 0.8662109375 0.2666015625 0.892578125 0.2724609375 0.89453125
2 0.3125 0.8056640625 0.306640625 0.7783203125 0.2939453125 0.763671875 0.2646484375 0.763671875 0.2578125 0.7685546875 0.2568359375 0.78125 0.255859375 0.7998046875 0.2705078125 0.818359375 0.2958984375 0.81640625 0.3125 0.8056640625
2 0.138671875 0.8330078125 0.1328125 0.8232421875 0.13671875 0.8095703125 0.1220703125 0.80078125 0.1025390625 0.8046875 0.0791015625 0.83203125 0.0830078125 0.84765625 0.1181640625 0.8515625 0.138671875 0.8330078125
2 0.19921875 0.9267578125 0.19921875 0.9208984375 0.1904296875 0.908203125 0.1513671875 0.900390625 0.142578125 0.9091796875 0.1376953125 0.9453125 0.1376953125 0.955078125 0.1748046875 0.947265625 0.19921875 0.9267578125
2 0.37109375 0.9716796875 0.3671875 0.9443359375 0.3544921875 0.927734375 0.3466796875 0.921875 0.3291015625 0.921875 0.3232421875 0.931640625 0.32421875 0.9677734375 0.3388671875 0.986328125 0.3486328125 0.986328125 0.37109375 0.9716796875
2 0.3994140625 0.66015625 0.412109375 0.6376953125 0.4013671875 0.61328125 0.3779296875 0.607421875 0.357421875 0.6123046875 0.3525390625 0.634765625 0.3515625 0.6552734375 0.3779296875 0.666015625 0.3994140625 0.66015625
2 0.4775390625 0.39453125 0.48828125 0.3837890625 0.490234375 0.3544921875 0.4794921875 0.333984375 0.4462890625 0.333984375 0.4287109375 0.359375 0.431640625 0.3818359375 0.4482421875 0.392578125 0.4775390625 0.39453125
2 0.2724609375 0.48828125 0.2587890625 0.490234375 0.2490234375 0.478515625 0.23828125 0.4814453125 0.23828125 0.5029296875 0.2275390625 0.51953125 0.228515625 0.5302734375 0.240234375 0.5439453125 0.2626953125 0.556640625 0.2763671875 0.556640625 0.2890625 0.5361328125 0.279296875 0.4912109375 0.2724609375 0.49609375 0.2724609375 0.48828125
2 0.275390625 0.6357421875 0.2919921875 0.65234375 0.3037109375 0.650390625 0.306640625 0.6396484375 0.29296875 0.5908203125 0.2509765625 0.591796875 0.25390625 0.6083984375 0.275390625 0.6357421875
2 0.0224609375 0.828125 0.0400390625 0.822265625 0.05078125 0.8056640625 0.048828125 0.7802734375 0.0302734375 0.767578125 0.0009765625 0.763671875 0 0.8232421875 0.0224609375 0.828125
2 0.5546875 0.9228515625 0.552734375 0.8955078125 0.5361328125 0.884765625 0.5166015625 0.8828125 0.501953125 0.8916015625 0.4951171875 0.904296875 0.49609375 0.9248046875 0.513671875 0.9443359375 0.517578125 0.9990234375 0.5810546875 1 0.591796875 0.9794921875 0.591796875 0.9541015625 0.5546875 0.9228515625
2 0.1767578125 0.40625 0.21875 0.4072265625 0.21875 0.3896484375 0.2041015625 0.357421875 0.1845703125 0.357421875 0.1708984375 0.369140625 0.169921875 0.3896484375 0.1767578125 0.40625
2 0.19140625 0.1787109375 0.1953125 0.1630859375 0.1826171875 0.146484375 0.1708984375 0.146484375 0.1455078125 0.1328125 0.1201171875 0.13671875 0.119140625 0.1630859375 0.1220703125 0.16796875 0.126953125 0.1650390625 0.1240234375 0.1796875 0.1630859375 0.1875 0.19140625 0.1787109375