2 0.513671875 0.1943359375 0.517578125 0.1767578125 0.5107421875 0.162109375 0.4931640625 0.16015625 0.48046875 0.1669921875 0.478515625 0.1787109375 0.4853515625 0.189453125 0.513671875 0.1943359375
2 0.4375 0.1396484375 0.43359375 0.1123046875 0.4228515625 0.103515625 0.4111328125 0.107421875 0.412109375 0.1240234375 0.4306640625 0.140625 0.4375 0.1396484375
2 0.349609375 0.8291015625 0.3505859375 0.818359375 0.375 0.8056640625 0.373046875 0.7763671875 0.3505859375 0.75 0.3232421875 0.74609375 0.3076171875 0.751953125 0.29296875 0.7763671875 0.302734375 0.8056640625 0.3115234375 0.818359375 0.3369140625 0.830078125 0.349609375 0.8291015625
2 0.86328125 0.9755859375 0.8740234375 0.970703125 0.87890625 0.9599609375 0.8642578125 0.9453125 0.8525390625 0.943359375 0.84375 0.9638671875 0.8505859375 0.974609375 0.86328125 0.9755859375
2 0.37109375 0.6416015625 0.3857421875 0.62890625 0.40625 0.6357421875 0.39453125 0.5986328125 0.3779296875 0.576171875 0.359375 0.5849609375 0.359375 0.6298828125 0.37109375 0.6416015625
2 0.7109375 0.2978515625 0.720703125 0.2861328125 0.72265625 0.2666015625 0.7158203125 0.259765625 0.6923828125 0.26171875 0.6875 0.2705078125 0.69140625 0.2880859375 0.7001953125 0.296875 0.7109375 0.2978515625
2 0.5234375 0.0537109375 0.533203125 0.0498046875 0.525390625 0.0029296875 0.5048828125 0 0.5 0.0048828125 0.5 0.0478515625 0.5107421875 0.0546875 0.5234375 0.0537109375
2 0.1484375 0.0654296875 0.154296875 0.0517578125 0.150390625 0.0400390625 0.1396484375 0.025390625 0.1259765625 0.021484375 0.119140625 0.0302734375 0.125 0.0498046875 0.1416015625 0.06640625 0.1484375 0.0654296875
2 0.05078125 0.9169921875 0.068359375 0.9013671875 0.0673828125 0.8828125 0.0419921875 0.888671875 0.037109375 0.8955078125 0.03515625 0.9130859375 0.05078125 0.9169921875
2 0.89453125 0.5673828125 0.916015625 0.5654296875 0.91796875 0.5341796875 0.8798828125 0.50390625 0.8447265625 0.50390625 0.83984375 0.5205078125 0.8515625 0.5537109375 0.8623046875 0.56640625 0.89453125 0.5673828125
2 0.1640625 0.3740234375 0.177734375 0.3662109375 0.185546875 0.3427734375 0.17578125 0.3115234375 0.1572265625 0.306640625 0.13671875 0.3173828125 0.12890625 0.3447265625 0.1455078125 0.37109375 0.1640625 0.3740234375
2 0.798828125 0.9404296875 0.8125 0.9208984375 0.8125 0.8916015625 0.7998046875 0.880859375 0.7744140625 0.880859375 0.759765625 0.8955078125 0.759765625 0.9150390625 0.7666015625 0.92578125 0.798828125 0.9404296875