2 0.0009765625 0.681640625 0.0205078125 0.677734375 0.04296875 0.6455078125 0.04296875 0.6318359375 0.0244140625 0.615234375 0 0.6162109375 0.0009765625 0.681640625
2 0.0009765625 0.298828125 0.0263671875 0.29296875 0.0390625 0.2783203125 0.0390625 0.2548828125 0.0244140625 0.240234375 0 0.2412109375 0.0009765625 0.298828125
2 0.1669921875 0.44140625 0.1484375 0.4501953125 0.1494140625 0.525390625 0.1611328125 0.53125 0.203125 0.5166015625 0.20703125 0.4619140625 0.1962890625 0.443359375 0.1669921875 0.44140625
2 0.1845703125 0.736328125 0.1953125 0.7216796875 0.193359375 0.7021484375 0.1826171875 0.6953125 0.1630859375 0.69921875 0.1484375 0.7177734375 0.1474609375 0.728515625 0.1513671875 0.73828125 0.1630859375 0.7421875 0.1845703125 0.736328125
2 0.236328125 0.6435546875 0.2216796875 0.625 0.2099609375 0.625 0.181640625 0.6494140625 0.1806640625 0.66015625 0.1962890625 0.66796875 0.2119140625 0.666015625 0.2294921875 0.658203125 0.236328125 0.6435546875
2 0.255859375 0.9677734375 0.2578125 0.9462890625 0.2373046875 0.921875 0.2138671875 0.919921875 0.216796875 0.9228515625 0.19921875 0.9423828125 0.2001953125 0.966796875 0.2197265625 0.986328125 0.2412109375 0.984375 0.255859375 0.9677734375
2 0.45703125 0.4287109375 0.4541015625 0.38671875 0.439453125 0.3896484375 0.4306640625 0.416015625 0.4423828125 0.431640625 0.45703125 0.4287109375
2 0.8515625 0.7783203125 0.849609375 0.7626953125 0.8330078125 0.755859375 0.8173828125 0.767578125 0.8076171875 0.767578125 0.80078125 0.7763671875 0.7998046875 0.798828125 0.8134765625 0.810546875 0.8349609375 0.80859375 0.8515625 0.7783203125
2 0.7900390625 0.591796875 0.8173828125 0.599609375 0.8349609375 0.59765625 0.84765625 0.5869140625 0.849609375 0.5751953125 0.8095703125 0.578125 0.7900390625 0.591796875
2 0.5078125 0.2158203125 0.4892578125 0.20703125 0.4755859375 0.2109375 0.466796875 0.2236328125 0.4677734375 0.2421875 0.4814453125 0.25390625 0.4931640625 0.251953125 0.509765625 0.2353515625 0.5078125 0.2158203125
2 0.3115234375 0.810546875 0.2958984375 0.80859375 0.2880859375 0.83203125 0.3388671875 0.87890625 0.37109375 0.8759765625 0.373046875 0.8603515625 0.3671875 0.8466796875 0.3115234375 0.810546875
2 0.1806640625 0.34375 0.1640625 0.3544921875 0.1611328125 0.37109375 0.1650390625 0.37890625 0.1943359375 0.380859375 0.205078125 0.3603515625 0.1982421875 0.34765625 0.1806640625 0.34375
2 0.7666015625 0.1796875 0.75 0.1865234375 0.7470703125 0.203125 0.8115234375 0.20703125 0.8251953125 0.203125 0.830078125 0.1904296875 0.8076171875 0.181640625 0.7666015625 0.1796875
2 0.72265625 0.8505859375 0.7119140625 0.84375 0.6904296875 0.845703125 0.671875 0.8662109375 0.6728515625 0.87890625 0.6826171875 0.892578125 0.7158203125 0.88671875 0.72265625 0.8779296875 0.72265625 0.8505859375