2 0.8056640625 0.513671875 0.8232421875 0.517578125 0.837890625 0.5107421875 0.83984375 0.4931640625 0.8330078125 0.48046875 0.8212890625 0.478515625 0.810546875 0.4853515625 0.8056640625 0.513671875
2 0.8603515625 0.4375 0.8876953125 0.43359375 0.896484375 0.4228515625 0.892578125 0.4111328125 0.8759765625 0.412109375 0.859375 0.4306640625 0.8603515625 0.4375
2 0.1708984375 0.349609375 0.181640625 0.3505859375 0.1943359375 0.375 0.2236328125 0.373046875 0.25 0.3505859375 0.25390625 0.3232421875 0.248046875 0.3076171875 0.2236328125 0.29296875 0.1943359375 0.302734375 0.181640625 0.3115234375 0.169921875 0.3369140625 0.1708984375 0.349609375
2 0.0244140625 0.86328125 0.029296875 0.8740234375 0.0400390625 0.87890625 0.0546875 0.8642578125 0.056640625 0.8525390625 0.0361328125 0.84375 0.025390625 0.8505859375 0.0244140625 0.86328125
2 0.3583984375 0.37109375 0.37109375 0.3857421875 0.3642578125 0.40625 0.4013671875 0.39453125 0.423828125 0.3779296875 0.4150390625 0.359375 0.3701171875 0.359375 0.3583984375 0.37109375
2 0.7021484375 0.7109375 0.7138671875 0.720703125 0.7333984375 0.72265625 0.740234375 0.7158203125 0.73828125 0.6923828125 0.7294921875 0.6875 0.7119140625 0.69140625 0.703125 0.7001953125 0.7021484375 0.7109375
2 0.9462890625 0.5234375 0.9501953125 0.533203125 0.9970703125 0.525390625 1 0.5048828125 0.9951171875 0.5 0.9521484375 0.5 0.9453125 0.5107421875 0.9462890625 0.5234375
2 0.9345703125 0.1484375 0.9482421875 0.154296875 0.9599609375 0.150390625 0.974609375 0.1396484375 0.978515625 0.1259765625 0.9697265625 0.119140625 0.9501953125 0.125 0.93359375 0.1416015625 0.9345703125 0.1484375
2 0.0830078125 0.05078125 0.0986328125 0.068359375 0.1171875 0.0673828125 0.111328125 0.0419921875 0.1044921875 0.037109375 0.0869140625 0.03515625 0.0830078125 0.05078125
2 0.4326171875 0.89453125 0.4345703125 0.916015625 0.4658203125 0.91796875 0.49609375 0.8798828125 0.49609375 0.8447265625 0.4794921875 0.83984375 0.4462890625 0.8515625 0.43359375 0.8623046875 0.4326171875 0.89453125
2 0.6259765625 0.1640625 0.6337890625 0.177734375 0.6572265625 0.185546875 0.6884765625 0.17578125 0.693359375 0.1572265625 0.6826171875 0.13671875 0.6552734375 0.12890625 0.62890625 0.1455078125 0.6259765625 0.1640625
2 0.0595703125 0.798828125 0.0791015625 0.8125 0.1083984375 0.8125 0.119140625 0.7998046875 0.119140625 0.7744140625 0.1044921875 0.759765625 0.0849609375 0.759765625 0.07421875 0.7666015625 0.0595703125 0.798828125