2 0.59375 0.3798828125 0.564453125 0.3486328125 0.5380859375 0.349609375 0.52734375 0.3564453125 0.5234375 0.4013671875 0.5439453125 0.423828125 0.5791015625 0.427734375 0.59375 0.4091796875 0.59375 0.3798828125
2 0.4775390625 0.341796875 0.466796875 0.3505859375 0.4609375 0.3779296875 0.4677734375 0.388671875 0.4951171875 0.404296875 0.5146484375 0.404296875 0.525390625 0.3916015625 0.53125 0.3544921875 0.5146484375 0.33984375 0.501953125 0.3369140625 0.4775390625 0.341796875
2 0.0751953125 0.49609375 0.0849609375 0.49609375 0.0869140625 0.50390625 0.0986328125 0.50390625 0.11328125 0.4912109375 0.115234375 0.4677734375 0.1044921875 0.453125 0.0771484375 0.44921875 0.0537109375 0.42578125 0.033203125 0.4169921875 0.0146484375 0.416015625 0 0.4228515625 0.0009765625 0.484375 0.0673828125 0.48828125 0.0751953125 0.49609375
2 0.20703125 0.3447265625 0.1787109375 0.34765625 0.171875 0.3564453125 0.171875 0.3759765625 0.1806640625 0.390625 0.2138671875 0.3984375 0.23046875 0.3896484375 0.232421875 0.3720703125 0.23046875 0.3603515625 0.20703125 0.3447265625
2 0 0.1591796875 0.0166015625 0.162109375 0.0458984375 0.150390625 0.048828125 0.1376953125 0.03515625 0.1083984375 0.009765625 0.0927734375 0 0.0927734375 0 0.1591796875
2 0.396484375 0.4521484375 0.3828125 0.4208984375 0.3505859375 0.421875 0.33984375 0.4287109375 0.337890625 0.4501953125 0.3525390625 0.470703125 0.3779296875 0.474609375 0.392578125 0.4638671875 0.396484375 0.4521484375
2 0.654296875 0.5322265625 0.63671875 0.5185546875 0.6142578125 0.517578125 0.60546875 0.5244140625 0.60546875 0.5537109375 0.6181640625 0.572265625 0.6396484375 0.57421875 0.658203125 0.5556640625 0.654296875 0.5322265625
2 0.7578125 0.5556640625 0.7353515625 0.560546875 0.724609375 0.5732421875 0.716796875 0.6123046875 0.7353515625 0.634765625 0.7783203125 0.64453125 0.791015625 0.6337890625 0.798828125 0.5927734375 0.7802734375 0.5625 0.7578125 0.5556640625
2 0.38671875 0.6044921875 0.369140625 0.5947265625 0.3466796875 0.59765625 0.3359375 0.6123046875 0.337890625 0.6416015625 0.3447265625 0.650390625 0.3857421875 0.64453125 0.392578125 0.6376953125 0.38671875 0.6044921875
2 0.171875 0.7255859375 0.171875 0.7060546875 0.16015625 0.6962890625 0.1240234375 0.697265625 0.107421875 0.7333984375 0.1298828125 0.748046875 0.1572265625 0.751953125 0.171875 0.7255859375
2 0.203125 0.6904296875 0.1923828125 0.69140625 0.18359375 0.7041015625 0.18359375 0.7353515625 0.2021484375 0.74609375 0.2333984375 0.7421875 0.23828125 0.7314453125 0.236328125 0.7080078125 0.2275390625 0.697265625 0.203125 0.6904296875
2 0.0390625 0.6318359375 0.0283203125 0.630859375 0.021484375 0.6376953125 0.013671875 0.6552734375 0.015625 0.6650390625 0.0419921875 0.68359375 0.0693359375 0.6796875 0.076171875 0.6708984375 0.072265625 0.6552734375 0.0390625 0.6318359375
2 0.3935546875 0.748046875 0.4091796875 0.75 0.4140625 0.7099609375 0.359375 0.6923828125 0.349609375 0.6943359375 0.345703125 0.7119140625 0.3935546875 0.748046875
2 0.498046875 0.7314453125 0.478515625 0.7197265625 0.4521484375 0.720703125 0.443359375 0.7294921875 0.451171875 0.7587890625 0.4697265625 0.775390625 0.4853515625 0.771484375 0.5 0.7529296875 0.498046875 0.7314453125
2 0.6259765625 0.8359375 0.638671875 0.8251953125 0.640625 0.8095703125 0.607421875 0.7841796875 0.58984375 0.7900390625 0.58984375 0.8251953125 0.6259765625 0.8359375
2 0.86328125 0.8056640625 0.8544921875 0.8125 0.830078125 0.8154296875 0.828125 0.8505859375 0.8388671875 0.861328125 0.8662109375 0.861328125 0.873046875 0.8564453125 0.87109375 0.8388671875 0.890625 0.8349609375 0.86328125 0.8056640625
2 0.23828125 0.9990234375 0.23046875 0.9638671875 0.212890625 0.9501953125 0.1884765625 0.951171875 0.173828125 0.9638671875 0.16796875 0.9853515625 0.1708984375 1 0.23828125 0.9990234375
2 0.1953125 0.8544921875 0.1611328125 0.85546875 0.15234375 0.8623046875 0.134765625 0.9013671875 0.1396484375 0.92578125 0.1669921875 0.921875 0.19140625 0.8994140625 0.20703125 0.8701171875 0.20703125 0.8603515625 0.1953125 0.8544921875
2 0.099609375 0.8525390625 0.1015625 0.8369140625 0.0859375 0.8037109375 0.0712890625 0.802734375 0.0546875 0.8193359375 0.044921875 0.8525390625 0.0478515625 0.86328125 0.099609375 0.8525390625
2 0.9853515625 0.962890625 0.9560546875 0.974609375 0.943359375 0.9990234375 0.9990234375 1 1 0.9638671875 0.9853515625 0.962890625
2 0.4111328125 0.068359375 0.392578125 0.0556640625 0.3837890625 0.0546875 0.37109375 0.0654296875 0.376953125 0.0966796875 0.4033203125 0.119140625 0.4384765625 0.109375 0.439453125 0.0732421875 0.4111328125 0.068359375
2 0.142578125 0.1005859375 0.1494140625 0.111328125 0.1943359375 0.119140625 0.220703125 0.1064453125 0.22265625 0.0908203125 0.21484375 0.0712890625 0.220703125 0.0576171875 0.2158203125 0.048828125 0.1845703125 0.0390625 0.18359375 0.0341796875 0.158203125 0.0400390625 0.154296875 0.0849609375 0.142578125 0.1005859375
2 0.0703125 0.9111328125 0.04296875 0.9150390625 0.0390625 0.9501953125 0.05859375 0.9892578125 0.0791015625 0.998046875 0.10546875 0.9873046875 0.111328125 0.9638671875 0.1015625 0.9482421875 0.1015625 0.9287109375 0.0703125 0.9111328125