2 0.5400390625 0.076171875 0.4814453125 0.080078125 0.4580078125 0.091796875 0.447265625 0.1083984375 0.4453125 0.1259765625 0.4541015625 0.13671875 0.47265625 0.1435546875 0.5087890625 0.140625 0.5439453125 0.126953125 0.552734375 0.1123046875 0.55078125 0.0849609375 0.5400390625 0.076171875
2 0.7197265625 0.224609375 0.703125 0.2451171875 0.701171875 0.2744140625 0.728515625 0.2841796875 0.7431640625 0.283203125 0.759765625 0.2587890625 0.763671875 0.2275390625 0.7548828125 0.21875 0.7197265625 0.224609375
2 0.5283203125 0.33203125 0.49609375 0.3369140625 0.5 0.3623046875 0.513671875 0.3798828125 0.5380859375 0.380859375 0.548828125 0.3720703125 0.552734375 0.3349609375 0.5439453125 0.322265625 0.5283203125 0.33203125
2 0.3935546875 0.1796875 0.3798828125 0.177734375 0.3720703125 0.185546875 0.3623046875 0.185546875 0.3583984375 0.173828125 0.3427734375 0.177734375 0.3359375 0.1904296875 0.337890625 0.2216796875 0.3466796875 0.236328125 0.357421875 0.2392578125 0.3857421875 0.240234375 0.4052734375 0.23046875 0.419921875 0.2001953125 0.416015625 0.1904296875 0.3935546875 0.1796875
2 0.4140625 0.2685546875 0.400390625 0.2978515625 0.4033203125 0.3046875 0.41796875 0.3095703125 0.462890625 0.3056640625 0.466796875 0.2783203125 0.4560546875 0.25390625 0.4326171875 0.25390625 0.4140625 0.2685546875
2 0.21484375 0.2275390625 0.2041015625 0.19921875 0.1923828125 0.208984375 0.1650390625 0.208984375 0.1484375 0.2177734375 0.146484375 0.2587890625 0.16015625 0.2744140625 0.1748046875 0.2734375 0.1826171875 0.26171875 0.2001953125 0.26953125 0.208984375 0.2587890625 0.21484375 0.2275390625
2 0.24609375 0.2763671875 0.240234375 0.2880859375 0.25390625 0.3076171875 0.2724609375 0.30859375 0.296875 0.2880859375 0.2880859375 0.26171875 0.2607421875 0.26171875 0.24609375 0.2763671875
2 0.044921875 0.2685546875 0.05078125 0.2744140625 0.08203125 0.2705078125 0.083984375 0.2509765625 0.0654296875 0.228515625 0.044921875 0.2373046875 0.044921875 0.2685546875
2 0.0263671875 0.8046875 0.01171875 0.8271484375 0.009765625 0.8544921875 0.015625 0.8720703125 0.04296875 0.8955078125 0.0830078125 0.890625 0.095703125 0.8720703125 0.087890625 0.8388671875 0.0556640625 0.796875 0.0263671875 0.8046875
2 0.3203125 0.9326171875 0.326171875 0.9541015625 0.3203125 0.9658203125 0.33984375 0.9990234375 0.408203125 0.9599609375 0.40234375 0.9326171875 0.3857421875 0.919921875 0.3486328125 0.912109375 0.3203125 0.9326171875
2 0.0751953125 0.615234375 0.056640625 0.6376953125 0.05859375 0.6826171875 0.0703125 0.6943359375 0.0849609375 0.6953125 0.1171875 0.6611328125 0.11328125 0.6318359375 0.0888671875 0.61328125 0.0751953125 0.615234375
2 0.1904296875 0.673828125 0.1748046875 0.66015625 0.1552734375 0.662109375 0.1484375 0.6689453125 0.134765625 0.7158203125 0.154296875 0.7255859375 0.19140625 0.7216796875 0.201171875 0.6982421875 0.193359375 0.6806640625 0.1962890625 0.669921875 0.1904296875 0.673828125
2 0.583984375 0.5244140625 0.591796875 0.4853515625 0.5849609375 0.478515625 0.5556640625 0.4765625 0.52734375 0.5009765625 0.521484375 0.5361328125 0.529296875 0.5712890625 0.541015625 0.5849609375 0.5595703125 0.580078125 0.5654296875 0.5859375 0.587890625 0.5595703125 0.591796875 0.5322265625 0.583984375 0.5244140625
2 0.3046875 0.5126953125 0.296875 0.5361328125 0.302734375 0.5498046875 0.3466796875 0.548828125 0.359375 0.5400390625 0.3583984375 0.4921875 0.3310546875 0.490234375 0.3046875 0.5126953125
2 0.9140625 0.2763671875 0.908203125 0.2841796875 0.91015625 0.2939453125 0.9599609375 0.28515625 0.966796875 0.2724609375 0.9599609375 0.263671875 0.9345703125 0.26171875 0.9140625 0.2763671875
2 0.8369140625 0.240234375 0.826171875 0.2529296875 0.826171875 0.2841796875 0.8515625 0.2919921875 0.8583984375 0.29296875 0.873046875 0.2783203125 0.875 0.2607421875 0.8623046875 0.244140625 0.8369140625 0.240234375
2 0.9609375 0.1396484375 0.974609375 0.1474609375 1 0.1474609375 0.9990234375 0.09375 0.9755859375 0.099609375 0.96875 0.1103515625 0.9609375 0.1396484375
2 0.453125 0.0205078125 0.462890625 0.0263671875 0.4951171875 0.0234375 0.498046875 0.0087890625 0.4873046875 0 0.4619140625 0.00390625 0.453125 0.0205078125
2 0.14453125 0.0009765625 0.138671875 0.0205078125 0.142578125 0.0810546875 0.150390625 0.1005859375 0.1591796875 0.099609375 0.173828125 0.0849609375 0.166015625 0.0166015625 0.1591796875 0 0.14453125 0.0009765625
2 0.03515625 0.1123046875 0.044921875 0.1337890625 0.0556640625 0.1328125 0.060546875 0.1240234375 0.0625 0.1103515625 0.0537109375 0.099609375 0.03515625 0.1123046875
2 0.2109375 0.1923828125 0.22265625 0.2138671875 0.234375 0.2099609375 0.236328125 0.1923828125 0.2236328125 0.17578125 0.2177734375 0.17578125 0.2109375 0.1923828125
2 0.56640625 0.2646484375 0.564453125 0.2841796875 0.572265625 0.2880859375 0.59375 0.2822265625 0.599609375 0.2626953125 0.5947265625 0.25 0.5791015625 0.251953125 0.56640625 0.2646484375
2 0.154296875 0.4384765625 0.154296875 0.4580078125 0.1640625 0.4677734375 0.1689453125 0.46875 0.18359375 0.4501953125 0.185546875 0.4287109375 0.1806640625 0.423828125 0.154296875 0.4384765625
2 0.064453125 0.4345703125 0.08984375 0.4306640625 0.09375 0.4033203125 0.0888671875 0.390625 0.064453125 0.4013671875 0.064453125 0.4345703125
2 0.48046875 0.6650390625 0.47265625 0.6865234375 0.4765625 0.6962890625 0.4892578125 0.69140625 0.509765625 0.6689453125 0.4990234375 0.650390625 0.4873046875 0.65234375 0.48046875 0.6650390625
2 0.8271484375 0.8359375 0.85546875 0.8447265625 0.87109375 0.8408203125 0.8642578125 0.8203125 0.8291015625 0.818359375 0.82421875 0.8232421875 0.8271484375 0.8359375
2 0.654296875 0.8916015625 0.6640625 0.9033203125 0.7001953125 0.90234375 0.70703125 0.8974609375 0.705078125 0.8798828125 0.6669921875 0.87109375 0.654296875 0.8916015625
2 0.3330078125 0.80859375 0.3173828125 0.810546875 0.30078125 0.8291015625 0.306640625 0.8486328125 0.314453125 0.8544921875 0.3310546875 0.853515625 0.3505859375 0.83984375 0.35546875 0.8349609375 0.353515625 0.8232421875 0.3330078125 0.80859375
2 0.58984375 0.9873046875 0.58984375 0.9990234375 0.6181640625 1 0.619140625 0.9873046875 0.6103515625 0.9765625 0.5986328125 0.9765625 0.58984375 0.9873046875
2 0.759765625 0.7392578125 0.775390625 0.7353515625 0.7783203125 0.7109375 0.748046875 0.7177734375 0.744140625 0.7294921875 0.759765625 0.7392578125
2 0.2705078125 0.076171875 0.2626953125 0.0703125 0.2578125 0.0751953125 0.2578125 0.0966796875 0.248046875 0.1220703125 0.25390625 0.1259765625 0.2861328125 0.126953125 0.29296875 0.1220703125 0.302734375 0.0908203125 0.2978515625 0.0703125 0.2705078125 0.076171875