2 0.548828125 0.5107421875 0.5498046875 0.44921875 0.5361328125 0.4453125 0.4873046875 0.455078125 0.48828125 0.4873046875 0.5029296875 0.509765625 0.548828125 0.5107421875
2 0.4248046875 0.294921875 0.427734375 0.3134765625 0.4423828125 0.330078125 0.4697265625 0.330078125 0.4931640625 0.345703125 0.501953125 0.3408203125 0.494140625 0.3056640625 0.4794921875 0.28515625 0.4541015625 0.28125 0.4150390625 0.294921875 0.416015625 0.3095703125 0.421875 0.3095703125 0.4248046875 0.294921875
2 0.2939453125 0.716796875 0.3056640625 0.716796875 0.3193359375 0.705078125 0.32421875 0.6767578125 0.310546875 0.6591796875 0.314453125 0.6318359375 0.2998046875 0.62890625 0.2607421875 0.64453125 0.25 0.6572265625 0.248046875 0.6748046875 0.224609375 0.6962890625 0.2158203125 0.71875 0.2177734375 0.736328125 0.2685546875 0.740234375 0.2939453125 0.716796875
2 0.9404296875 0.87109375 0.9462890625 0.865234375 0.958984375 0.8662109375 0.958984375 0.8525390625 0.970703125 0.8369140625 0.970703125 0.8154296875 0.9560546875 0.783203125 0.9326171875 0.783203125 0.923828125 0.7900390625 0.9169921875 0.828125 0.9287109375 0.873046875 0.9326171875 0.8671875 0.9404296875 0.87109375
2 0.99609375 0.4111328125 0.994140625 0.3427734375 0.9853515625 0.34765625 0.9638671875 0.314453125 0.9560546875 0.314453125 0.9296875 0.3369140625 0.923828125 0.3466796875 0.9296875 0.3564453125 0.9228515625 0.36328125 0.9091796875 0.359375 0.9052734375 0.376953125 0.9150390625 0.423828125 0.9677734375 0.423828125 0.99609375 0.4111328125
2 0.732421875 0.1181640625 0.740234375 0.1103515625 0.734375 0.0927734375 0.7158203125 0.08984375 0.6982421875 0.09765625 0.68359375 0.1103515625 0.6728515625 0.138671875 0.6806640625 0.154296875 0.7294921875 0.14453125 0.732421875 0.1181640625
2 0.6240234375 0 0.6201171875 0.009765625 0.619140625 0.0341796875 0.6259765625 0.052734375 0.6474609375 0.05078125 0.66015625 0.0419921875 0.66796875 0.0185546875 0.6669921875 0 0.6240234375 0
2 0.7431640625 0 0.736328125 0.0068359375 0.740234375 0.0263671875 0.7353515625 0.03125 0.734375 0.0634765625 0.7724609375 0.0859375 0.7880859375 0.083984375 0.8046875 0.0595703125 0.8046875 0.0244140625 0.7919921875 0 0.7431640625 0
2 0.5009765625 0.84765625 0.53125 0.8330078125 0.525390625 0.8134765625 0.53125 0.8095703125 0.5087890625 0.798828125 0.4873046875 0.80078125 0.4794921875 0.806640625 0.4541015625 0.80859375 0.4482421875 0.82421875 0.453125 0.8447265625 0.4619140625 0.8515625 0.5009765625 0.84765625
2 0.712890625 0.9970703125 0.708984375 0.9384765625 0.6943359375 0.923828125 0.6572265625 0.939453125 0.6494140625 0.953125 0.6484375 0.9775390625 0.6591796875 1 0.712890625 0.9970703125
2 0.8095703125 0.794921875 0.8359375 0.7822265625 0.841796875 0.7626953125 0.83984375 0.7333984375 0.83203125 0.7138671875 0.8134765625 0.697265625 0.7880859375 0.7421875 0.791015625 0.7724609375 0.8017578125 0.79296875 0.8095703125 0.794921875
2 0.8779296875 0.521484375 0.888671875 0.5048828125 0.8671875 0.4775390625 0.861328125 0.4423828125 0.8505859375 0.4375 0.8369140625 0.458984375 0.837890625 0.4794921875 0.85546875 0.5107421875 0.8779296875 0.521484375
2 0.923828125 0.2158203125 0.923828125 0.1982421875 0.9150390625 0.19140625 0.8857421875 0.189453125 0.8759765625 0.234375 0.8818359375 0.2421875 0.9052734375 0.240234375 0.923828125 0.2158203125
2 0.734375 0.3505859375 0.728515625 0.3369140625 0.7421875 0.3095703125 0.7421875 0.2880859375 0.7373046875 0.283203125 0.728515625 0.2841796875 0.6982421875 0.333984375 0.697265625 0.3427734375 0.7060546875 0.3515625 0.734375 0.3505859375
2 0.6181640625 0.326171875 0.6376953125 0.310546875 0.66796875 0.3056640625 0.666015625 0.2802734375 0.6552734375 0.263671875 0.6474609375 0.26171875 0.6044921875 0.263671875 0.5888671875 0.283203125 0.5732421875 0.287109375 0.572265625 0.2939453125 0.5908203125 0.318359375 0.6181640625 0.326171875
2 0.5693359375 0.736328125 0.638671875 0.7314453125 0.640625 0.6943359375 0.6220703125 0.666015625 0.5908203125 0.673828125 0.5478515625 0.671875 0.556640625 0.6943359375 0.546875 0.7099609375 0.5693359375 0.736328125