2 0.9853515625 0.76953125 0.9619140625 0.76171875 0.9443359375 0.7734375 0.9228515625 0.77734375 0.89453125 0.8271484375 0.9150390625 0.841796875 0.9697265625 0.845703125 0.9990234375 0.814453125 1 0.7822265625 0.9853515625 0.76953125
2 0.876953125 0.7021484375 0.8916015625 0.708984375 0.9033203125 0.70703125 0.9130859375 0.693359375 0.9228515625 0.693359375 0.9306640625 0.681640625 0.9423828125 0.68359375 0.9443359375 0.66015625 0.9228515625 0.640625 0.8759765625 0.638671875 0.8642578125 0.640625 0.85546875 0.6513671875 0.859375 0.6689453125 0.873046875 0.6787109375 0.876953125 0.7021484375
2 0.9462890625 0.326171875 0.9326171875 0.3203125 0.91015625 0.3427734375 0.9140625 0.3818359375 0.9482421875 0.421875 0.9697265625 0.41796875 0.9931640625 0.404296875 0.9990234375 0.39453125 0.9990234375 0.337890625 0.9658203125 0.322265625 0.9462890625 0.326171875
2 0.8212890625 0.013671875 0.8095703125 0.021484375 0.794921875 0.0498046875 0.8251953125 0.080078125 0.8583984375 0.095703125 0.8818359375 0.09375 0.890625 0.0849609375 0.8955078125 0.056640625 0.896484375 0.0419921875 0.884765625 0.0244140625 0.8544921875 0.009765625 0.8212890625 0.013671875
2 0.6806640625 0.05859375 0.6435546875 0.0546875 0.6279296875 0.05859375 0.615234375 0.0712890625 0.609375 0.0888671875 0.6240234375 0.12109375 0.6611328125 0.12109375 0.6923828125 0.078125 0.693359375 0.0712890625 0.6806640625 0.05859375
2 0.7265625 0.1552734375 0.7099609375 0.140625 0.6845703125 0.142578125 0.662109375 0.1591796875 0.6640625 0.1767578125 0.6923828125 0.197265625 0.7021484375 0.19921875 0.7275390625 0.189453125 0.7265625 0.1552734375
2 0.5458984375 0.296875 0.5166015625 0.302734375 0.490234375 0.3291015625 0.490234375 0.3564453125 0.4951171875 0.361328125 0.5380859375 0.361328125 0.548828125 0.3486328125 0.5517578125 0.330078125 0.5458984375 0.296875
2 0.5068359375 0.52734375 0.482421875 0.5458984375 0.4765625 0.5576171875 0.48046875 0.5869140625 0.4892578125 0.59375 0.5615234375 0.587890625 0.578125 0.5693359375 0.5791015625 0.54296875 0.5673828125 0.529296875 0.5576171875 0.53125 0.5341796875 0.521484375 0.5068359375 0.52734375
2 0.6962890625 0.48046875 0.6904296875 0.470703125 0.6787109375 0.474609375 0.6572265625 0.484375 0.65234375 0.4990234375 0.6591796875 0.5078125 0.6708984375 0.509765625 0.6962890625 0.48046875
2 0.853515625 0.3134765625 0.8349609375 0.30078125 0.8251953125 0.302734375 0.80859375 0.3212890625 0.810546875 0.3369140625 0.8271484375 0.35546875 0.8359375 0.3544921875 0.8525390625 0.330078125 0.853515625 0.3134765625
2 0.3701171875 0.50390625 0.3486328125 0.4921875 0.328125 0.4990234375 0.33203125 0.5263671875 0.3271484375 0.548828125 0.3427734375 0.5546875 0.3623046875 0.552734375 0.3779296875 0.541015625 0.376953125 0.5107421875 0.3701171875 0.50390625
2 0.2119140625 0.01953125 0.1806640625 0.0390625 0.17578125 0.0634765625 0.185546875 0.0810546875 0.2099609375 0.1015625 0.2724609375 0.09765625 0.291015625 0.0791015625 0.2939453125 0.048828125 0.294921875 0.0283203125 0.2861328125 0.01953125 0.2705078125 0.013671875 0.2314453125 0.015625 0.2119140625 0.01953125
2 0.1064453125 0.447265625 0.08984375 0.4599609375 0.080078125 0.4775390625 0.076171875 0.5439453125 0.0908203125 0.5546875 0.1162109375 0.552734375 0.126953125 0.5439453125 0.1337890625 0.51953125 0.1328125 0.4521484375 0.1240234375 0.4453125 0.1064453125 0.447265625
2 0.2880859375 0.298828125 0.3095703125 0.271484375 0.306640625 0.2451171875 0.2861328125 0.240234375 0.26171875 0.2607421875 0.259765625 0.2861328125 0.2880859375 0.298828125
2 0.3154296875 0.42578125 0.3056640625 0.39453125 0.2724609375 0.408203125 0.25390625 0.4267578125 0.251953125 0.4599609375 0.2763671875 0.46875 0.3076171875 0.462890625 0.3154296875 0.42578125
2 0.283203125 0.7119140625 0.2744140625 0.69921875 0.2392578125 0.705078125 0.22265625 0.7275390625 0.224609375 0.7548828125 0.2353515625 0.763671875 0.2548828125 0.76171875 0.2841796875 0.744140625 0.283203125 0.7119140625
2 0.2900390625 0.93359375 0.2861328125 0.923828125 0.2783203125 0.923828125 0.26953125 0.9345703125 0.265625 0.9501953125 0.2744140625 0.962890625 0.28515625 0.9580078125 0.2900390625 0.93359375
2 0 0.4970703125 0.0224609375 0.498046875 0.0263671875 0.4765625 0.025390625 0.4560546875 0.0107421875 0.455078125 0 0.4677734375 0 0.4970703125
2 0.1376953125 0.28515625 0.13671875 0.2490234375 0.1044921875 0.25 0.091796875 0.2626953125 0.080078125 0.3017578125 0.1005859375 0.3046875 0.1318359375 0.294921875 0.1376953125 0.28515625
2 0.4677734375 0.171875 0.466796875 0.1416015625 0.4521484375 0.13671875 0.4296875 0.1591796875 0.423828125 0.1826171875 0.4404296875 0.189453125 0.4599609375 0.181640625 0.4677734375 0.171875
2 0.2900390625 0.583984375 0.2890625 0.5712890625 0.2724609375 0.564453125 0.25390625 0.5771484375 0.25 0.5966796875 0.2666015625 0.6015625 0.2861328125 0.59375 0.2900390625 0.583984375
2 0.2216796875 0.216796875 0.1982421875 0.208984375 0.1826171875 0.208984375 0.171875 0.2158203125 0.171875 0.2236328125 0.1904296875 0.236328125 0.2099609375 0.236328125 0.2236328125 0.22265625 0.2216796875 0.216796875
2 0 0.1591796875 0.0068359375 0.1640625 0.0712890625 0.177734375 0.0966796875 0.17578125 0.1044921875 0.15625 0.1025390625 0.146484375 0.0498046875 0.138671875 0 0.1435546875 0 0.1591796875
2 0.54296875 0.9580078125 0.5341796875 0.9453125 0.5244140625 0.9375 0.5078125 0.9423828125 0.501953125 0.9619140625 0.5126953125 0.984375 0.5322265625 0.98828125 0.5419921875 0.97265625 0.54296875 0.9580078125
2 0.8125 0.8955078125 0.8525390625 0.8828125 0.84375 0.8427734375 0.8251953125 0.81640625 0.81640625 0.8291015625 0.818359375 0.8759765625 0.8125 0.8955078125
2 0.6689453125 0.404296875 0.6416015625 0.40234375 0.61328125 0.4208984375 0.611328125 0.4423828125 0.6240234375 0.46484375 0.6630859375 0.470703125 0.67578125 0.4638671875 0.6806640625 0.4453125 0.67578125 0.4091796875 0.6689453125 0.404296875
2 0.4951171875 0.048828125 0.486328125 0.0537109375 0.4765625 0.0849609375 0.4931640625 0.109375 0.5478515625 0.109375 0.5595703125 0.09375 0.5634765625 0.109375 0.5673828125 0.099609375 0.56640625 0.0791015625 0.5400390625 0.05078125 0.4951171875 0.048828125
2 0.3857421875 0.634765625 0.3779296875 0.599609375 0.3388671875 0.599609375 0.298828125 0.6123046875 0.298828125 0.6376953125 0.3310546875 0.66015625 0.3681640625 0.66015625 0.3857421875 0.634765625
2 0.240234375 0.3544921875 0.2314453125 0.341796875 0.1904296875 0.337890625 0.171875 0.3466796875 0.16796875 0.3798828125 0.1845703125 0.396484375 0.2275390625 0.40234375 0.2412109375 0.384765625 0.240234375 0.3544921875
2 0.2255859375 0.146484375 0.212890625 0.1650390625 0.212890625 0.1982421875 0.2255859375 0.212890625 0.2568359375 0.2109375 0.26953125 0.2021484375 0.26171875 0.1826171875 0.2744140625 0.16796875 0.2587890625 0.146484375 0.2255859375 0.146484375
2 0.1337890625 0.052734375 0.134765625 0.0458984375 0.1201171875 0.037109375 0.1103515625 0.0390625 0.099609375 0.0517578125 0.1103515625 0.0625 0.1259765625 0.060546875 0.1337890625 0.052734375
2 0.0859375 0.6611328125 0.0986328125 0.66796875 0.1259765625 0.662109375 0.123046875 0.6162109375 0.0908203125 0.625 0.0859375 0.6611328125
2 0.1748046875 0.978515625 0.17578125 0.9697265625 0.1611328125 0.955078125 0.1376953125 0.95703125 0.099609375 0.9755859375 0.095703125 0.9990234375 0.1611328125 1 0.1748046875 0.978515625