2 0.5595703125 0.17578125 0.583984375 0.1591796875 0.583984375 0.1298828125 0.568359375 0.1181640625 0.5673828125 0.103515625 0.5595703125 0.1015625 0.5244140625 0.115234375 0.5185546875 0.1328125 0.517578125 0.1455078125 0.525390625 0.1611328125 0.5419921875 0.171875 0.5595703125 0.17578125
2 0.5322265625 0.66015625 0.5673828125 0.6796875 0.5771484375 0.677734375 0.583984375 0.6689453125 0.58984375 0.5966796875 0.5849609375 0.591796875 0.5556640625 0.59375 0.5283203125 0.62890625 0.5322265625 0.66015625
2 0.2421875 0.9091796875 0.2548828125 0.931640625 0.2998046875 0.93359375 0.310546875 0.9248046875 0.306640625 0.8974609375 0.2861328125 0.861328125 0.2607421875 0.861328125 0.2431640625 0.875 0.2421875 0.9091796875
2 0.2412109375 0.431640625 0.2451171875 0.47265625 0.2783203125 0.470703125 0.291015625 0.4599609375 0.29296875 0.4287109375 0.2822265625 0.412109375 0.2626953125 0.412109375 0.2412109375 0.431640625
2 0.1123046875 0 0.1083984375 0.015625 0.107421875 0.0302734375 0.1142578125 0.041015625 0.146484375 0.0400390625 0.146484375 0.0244140625 0.1337890625 0 0.1123046875 0
2 0.5009765625 0.357421875 0.5029296875 0.408203125 0.5361328125 0.408203125 0.55078125 0.4013671875 0.544921875 0.3974609375 0.546875 0.3740234375 0.5341796875 0.359375 0.5009765625 0.357421875
2 0.4287109375 0.291015625 0.4296875 0.2783203125 0.4228515625 0.271484375 0.4130859375 0.2890625 0.4072265625 0.28125 0.3974609375 0.291015625 0.3916015625 0.2890625 0.3857421875 0.302734375 0.3896484375 0.3125 0.4189453125 0.318359375 0.4287109375 0.310546875 0.4482421875 0.310546875 0.458984375 0.2958984375 0.453125 0.2705078125 0.4423828125 0.275390625 0.4345703125 0.26953125 0.435546875 0.2841796875 0.4287109375 0.291015625
2 0.2744140625 0.62890625 0.2734375 0.6435546875 0.2998046875 0.65625 0.31640625 0.6494140625 0.3203125 0.6162109375 0.3056640625 0.599609375 0.2919921875 0.59765625 0.2744140625 0.62890625
2 0.9365234375 0.185546875 0.9228515625 0.19921875 0.9287109375 0.208984375 0.9521484375 0.208984375 0.962890625 0.2021484375 0.966796875 0.1845703125 0.9365234375 0.185546875
2 0.8759765625 0.435546875 0.8681640625 0.447265625 0.8740234375 0.46875 0.8935546875 0.46484375 0.904296875 0.4521484375 0.8935546875 0.435546875 0.8759765625 0.435546875
2 0.1748046875 0.44140625 0.1611328125 0.458984375 0.1640625 0.4814453125 0.1806640625 0.486328125 0.1875 0.4697265625 0.185546875 0.4384765625 0.1748046875 0.44140625
2 0.6318359375 0.80859375 0.6337890625 0.828125 0.6435546875 0.830078125 0.6552734375 0.822265625 0.6611328125 0.826171875 0.6640625 0.7900390625 0.6376953125 0.78515625 0.6318359375 0.80859375
2 0.7822265625 1 0.783203125 0.9931640625 0.7626953125 0.966796875 0.6923828125 0.998046875 0.7822265625 1
2 0.341796875 0.4677734375 0.3544921875 0.48046875 0.37109375 0.4716796875 0.3828125 0.4501953125 0.3701171875 0.443359375 0.3544921875 0.453125 0.3466796875 0.451171875 0.3427734375 0.4609375 0.341796875 0.4677734375
2 0.0537109375 0.349609375 0.052734375 0.3974609375 0.0654296875 0.40625 0.076171875 0.3974609375 0.0859375 0.3505859375 0.0654296875 0.3359375 0.05859375 0.3369140625 0.0537109375 0.349609375
2 0.8232421875 0.44921875 0.8466796875 0.451171875 0.865234375 0.4326171875 0.8671875 0.4130859375 0.8544921875 0.39453125 0.8251953125 0.390625 0.81640625 0.4013671875 0.8115234375 0.423828125 0.8125 0.4365234375 0.8232421875 0.44921875