2 0.1787109375 0.521484375 0.189453125 0.5146484375 0.1943359375 0.486328125 0.1767578125 0.482421875 0.162109375 0.4892578125 0.16015625 0.5068359375 0.1669921875 0.51953125 0.1787109375 0.521484375
2 0.1396484375 0.5625 0.1123046875 0.56640625 0.103515625 0.5771484375 0.107421875 0.5888671875 0.1240234375 0.587890625 0.140625 0.5693359375 0.1396484375 0.5625
2 0.818359375 0.6494140625 0.8056640625 0.625 0.7763671875 0.626953125 0.75 0.6494140625 0.74609375 0.6767578125 0.751953125 0.6923828125 0.7763671875 0.70703125 0.8056640625 0.697265625 0.818359375 0.6884765625 0.830078125 0.6630859375 0.8291015625 0.650390625 0.818359375 0.6494140625
2 0.9638671875 0.15625 0.974609375 0.1494140625 0.9755859375 0.13671875 0.970703125 0.1259765625 0.9599609375 0.12109375 0.9453125 0.1357421875 0.943359375 0.1474609375 0.9638671875 0.15625
2 0.5849609375 0.640625 0.6298828125 0.640625 0.6416015625 0.62890625 0.62890625 0.6142578125 0.6357421875 0.59375 0.5986328125 0.60546875 0.576171875 0.6220703125 0.5849609375 0.640625
2 0.26171875 0.3076171875 0.2705078125 0.3125 0.2880859375 0.30859375 0.296875 0.2998046875 0.2978515625 0.2890625 0.2861328125 0.279296875 0.2666015625 0.27734375 0.259765625 0.2841796875 0.26171875 0.3076171875
2 0.0478515625 0.5 0.0546875 0.4892578125 0.0537109375 0.4765625 0.0498046875 0.466796875 0.0029296875 0.474609375 0 0.4951171875 0.0048828125 0.5 0.0478515625 0.5
2 0.021484375 0.8740234375 0.0302734375 0.880859375 0.0498046875 0.875 0.06640625 0.8583984375 0.0654296875 0.8515625 0.0517578125 0.845703125 0.0400390625 0.849609375 0.025390625 0.8603515625 0.021484375 0.8740234375
2 0.9169921875 0.94921875 0.9013671875 0.931640625 0.8828125 0.9326171875 0.888671875 0.9580078125 0.8955078125 0.962890625 0.9130859375 0.96484375 0.9169921875 0.94921875
2 0.50390625 0.1552734375 0.5205078125 0.16015625 0.5537109375 0.1484375 0.56640625 0.1376953125 0.5673828125 0.10546875 0.5654296875 0.083984375 0.5341796875 0.08203125 0.50390625 0.1201171875 0.50390625 0.1552734375
2 0.306640625 0.8427734375 0.3173828125 0.86328125 0.3447265625 0.87109375 0.37109375 0.8544921875 0.3740234375 0.8359375 0.3662109375 0.822265625 0.3427734375 0.814453125 0.3115234375 0.82421875 0.306640625 0.8427734375
2 0.880859375 0.2255859375 0.8955078125 0.240234375 0.9150390625 0.240234375 0.92578125 0.2333984375 0.9404296875 0.201171875 0.9208984375 0.1875 0.8916015625 0.1875 0.880859375 0.2001953125 0.880859375 0.2255859375