2 0.0380859375 1 0.0380859375 0.986328125 0.0205078125 0.951171875 0 0.9501953125 0.0009765625 1 0.0380859375 1
2 0.2158203125 0.59375 0.2099609375 0.587890625 0.1865234375 0.58984375 0.1650390625 0.580078125 0.150390625 0.5947265625 0.150390625 0.6259765625 0.1669921875 0.640625 0.1904296875 0.642578125 0.19921875 0.6201171875 0.21484375 0.6083984375 0.2158203125 0.59375
2 0.4228515625 0.720703125 0.3896484375 0.716796875 0.3671875 0.7333984375 0.35546875 0.7685546875 0.357421875 0.7841796875 0.3876953125 0.794921875 0.4267578125 0.78515625 0.439453125 0.7724609375 0.4443359375 0.74609375 0.4228515625 0.720703125
2 0.6513671875 0.552734375 0.6435546875 0.52734375 0.5927734375 0.525390625 0.5703125 0.5380859375 0.560546875 0.5517578125 0.560546875 0.5673828125 0.5771484375 0.587890625 0.6064453125 0.595703125 0.6279296875 0.58984375 0.6484375 0.5693359375 0.6513671875 0.552734375
2 0.6142578125 0.515625 0.6455078125 0.515625 0.6748046875 0.494140625 0.6513671875 0.466796875 0.6220703125 0.4609375 0.599609375 0.4970703125 0.6142578125 0.515625
2 0.564453125 0.3427734375 0.5478515625 0.33984375 0.529296875 0.3525390625 0.525390625 0.3779296875 0.5341796875 0.390625 0.5478515625 0.39453125 0.5693359375 0.38671875 0.576171875 0.3798828125 0.5751953125 0.37109375 0.564453125 0.3427734375
2 0.4501953125 0.607421875 0.4296875 0.6201171875 0.42578125 0.6396484375 0.4384765625 0.658203125 0.4599609375 0.66015625 0.4765625 0.6435546875 0.4775390625 0.623046875 0.4736328125 0.609375 0.4501953125 0.607421875
2 0.40234375 0.3447265625 0.3837890625 0.3359375 0.3544921875 0.341796875 0.349609375 0.3564453125 0.357421875 0.3876953125 0.3681640625 0.392578125 0.3974609375 0.384765625 0.408203125 0.3681640625 0.4072265625 0.359375 0.40234375 0.3447265625
2 0.2734375 0.4912109375 0.2724609375 0.4453125 0.2626953125 0.421875 0.2392578125 0.41796875 0.224609375 0.4306640625 0.224609375 0.4501953125 0.212890625 0.4619140625 0.21484375 0.4775390625 0.2236328125 0.48046875 0.2392578125 0.501953125 0.2646484375 0.5 0.2734375 0.4912109375
2 0.255859375 0.1962890625 0.2578125 0.2333984375 0.2939453125 0.234375 0.3046875 0.2216796875 0.3095703125 0.193359375 0.2822265625 0.1796875 0.2646484375 0.18359375 0.255859375 0.1962890625
2 0.3017578125 0.12109375 0.2744140625 0.10546875 0.259765625 0.1083984375 0.248046875 0.1396484375 0.248046875 0.1572265625 0.2568359375 0.166015625 0.2939453125 0.169921875 0.3046875 0.1611328125 0.3076171875 0.146484375 0.3017578125 0.12109375
2 0.3349609375 0.013671875 0.3125 0.0361328125 0.314453125 0.0693359375 0.3232421875 0.076171875 0.3447265625 0.07421875 0.369140625 0.0380859375 0.3681640625 0.025390625 0.3486328125 0.013671875 0.3349609375 0.013671875
2 0.583984375 0.0439453125 0.5869140625 0.01953125 0.5830078125 0 0.515625 0.0009765625 0.51171875 0.0556640625 0.490234375 0.0830078125 0.490234375 0.0966796875 0.5048828125 0.11328125 0.5244140625 0.1171875 0.546875 0.1044921875 0.552734375 0.0751953125 0.583984375 0.0439453125
2 0.611328125 0.1630859375 0.591796875 0.2080078125 0.5986328125 0.251953125 0.6181640625 0.25390625 0.646484375 0.2412109375 0.654296875 0.2216796875 0.6552734375 0.189453125 0.6455078125 0.166015625 0.611328125 0.1630859375
2 0.8447265625 0 0.83984375 0.0185546875 0.849609375 0.0458984375 0.8583984375 0.05078125 0.8818359375 0.04296875 0.896484375 0.0283203125 0.9052734375 0 0.8447265625 0
2 0.2744140625 0.392578125 0.28515625 0.3837890625 0.2978515625 0.337890625 0.2646484375 0.33203125 0.25390625 0.3408203125 0.2529296875 0.392578125 0.2744140625 0.392578125
2 0.095703125 0.1572265625 0.09765625 0.1708984375 0.1162109375 0.185546875 0.1376953125 0.185546875 0.1396484375 0.1640625 0.1337890625 0.154296875 0.1162109375 0.1484375 0.095703125 0.1572265625
2 0.1474609375 0.044921875 0.13671875 0.0478515625 0.142578125 0.0927734375 0.1513671875 0.1015625 0.1884765625 0.09375 0.1953125 0.0869140625 0.1943359375 0.0703125 0.1748046875 0.052734375 0.1474609375 0.044921875
2 0.1953125 0.8623046875 0.1875 0.8583984375 0.1953125 0.8486328125 0.1943359375 0.810546875 0.1728515625 0.796875 0.1162109375 0.798828125 0.103515625 0.8232421875 0.103515625 0.8466796875 0.1171875 0.8759765625 0.1533203125 0.873046875 0.1591796875 0.888671875 0.1708984375 0.888671875 0.1796875 0.8720703125 0.1953125 0.8623046875