2 0.564453125 0.6513671875 0.59375 0.6201171875 0.59375 0.5908203125 0.5791015625 0.572265625 0.5439453125 0.576171875 0.5234375 0.5986328125 0.52734375 0.6435546875 0.5380859375 0.650390625 0.564453125 0.6513671875
2 0.466796875 0.6494140625 0.4775390625 0.658203125 0.501953125 0.6630859375 0.5146484375 0.66015625 0.53125 0.6455078125 0.525390625 0.6083984375 0.5146484375 0.595703125 0.4951171875 0.595703125 0.4677734375 0.611328125 0.4609375 0.6220703125 0.466796875 0.6494140625
2 0.0849609375 0.50390625 0.0751953125 0.50390625 0.0673828125 0.51171875 0.0009765625 0.515625 0 0.5771484375 0.0146484375 0.583984375 0.033203125 0.5830078125 0.0537109375 0.57421875 0.0771484375 0.55078125 0.1044921875 0.546875 0.115234375 0.5322265625 0.11328125 0.5087890625 0.0986328125 0.49609375 0.0869140625 0.49609375 0.0849609375 0.50390625
2 0.1787109375 0.65234375 0.20703125 0.6552734375 0.23046875 0.6396484375 0.232421875 0.6279296875 0.23046875 0.6103515625 0.2138671875 0.6015625 0.1806640625 0.609375 0.171875 0.6240234375 0.171875 0.6435546875 0.1787109375 0.65234375
2 0 0.9072265625 0.009765625 0.9072265625 0.03515625 0.8916015625 0.048828125 0.8623046875 0.0458984375 0.849609375 0.0166015625 0.837890625 0 0.8408203125 0 0.9072265625
2 0.3828125 0.5791015625 0.396484375 0.5478515625 0.392578125 0.5361328125 0.3779296875 0.525390625 0.3525390625 0.529296875 0.337890625 0.5498046875 0.33984375 0.5712890625 0.3505859375 0.578125 0.3828125 0.5791015625
2 0.63671875 0.4814453125 0.654296875 0.4677734375 0.658203125 0.4443359375 0.6396484375 0.42578125 0.6181640625 0.427734375 0.60546875 0.4462890625 0.60546875 0.4755859375 0.6142578125 0.482421875 0.63671875 0.4814453125
2 0.7353515625 0.439453125 0.7578125 0.4443359375 0.7802734375 0.4375 0.798828125 0.4072265625 0.791015625 0.3662109375 0.7783203125 0.35546875 0.7353515625 0.365234375 0.716796875 0.3876953125 0.724609375 0.4267578125 0.7353515625 0.439453125
2 0.369140625 0.4052734375 0.38671875 0.3955078125 0.392578125 0.3623046875 0.3857421875 0.35546875 0.3447265625 0.349609375 0.337890625 0.3583984375 0.3359375 0.3876953125 0.3466796875 0.40234375 0.369140625 0.4052734375
2 0.171875 0.2939453125 0.171875 0.2744140625 0.1572265625 0.248046875 0.1298828125 0.251953125 0.107421875 0.2666015625 0.1240234375 0.302734375 0.16015625 0.3037109375 0.171875 0.2939453125
2 0.1923828125 0.30859375 0.203125 0.3095703125 0.2275390625 0.302734375 0.236328125 0.2919921875 0.23828125 0.2685546875 0.2333984375 0.2578125 0.2021484375 0.25390625 0.18359375 0.2646484375 0.18359375 0.2958984375 0.1923828125 0.30859375
2 0.0283203125 0.369140625 0.0390625 0.3681640625 0.072265625 0.3447265625 0.076171875 0.3291015625 0.0693359375 0.3203125 0.0419921875 0.31640625 0.015625 0.3349609375 0.013671875 0.3447265625 0.021484375 0.3623046875 0.0283203125 0.369140625
2 0.4091796875 0.25 0.3935546875 0.251953125 0.345703125 0.2880859375 0.349609375 0.3056640625 0.359375 0.3076171875 0.4140625 0.2900390625 0.4091796875 0.25
2 0.478515625 0.2802734375 0.498046875 0.2685546875 0.5 0.2470703125 0.4853515625 0.228515625 0.4697265625 0.224609375 0.451171875 0.2412109375 0.443359375 0.2705078125 0.4521484375 0.279296875 0.478515625 0.2802734375
2 0.638671875 0.1748046875 0.6259765625 0.1640625 0.58984375 0.1748046875 0.58984375 0.2099609375 0.607421875 0.2158203125 0.640625 0.1904296875 0.638671875 0.1748046875
2 0.8544921875 0.1875 0.86328125 0.1943359375 0.890625 0.1650390625 0.87109375 0.1611328125 0.873046875 0.1435546875 0.8662109375 0.138671875 0.8388671875 0.138671875 0.828125 0.1494140625 0.830078125 0.1845703125 0.8544921875 0.1875
2 0.23046875 0.0361328125 0.23828125 0.0009765625 0.1708984375 0 0.16796875 0.0146484375 0.173828125 0.0361328125 0.1884765625 0.048828125 0.212890625 0.0498046875 0.23046875 0.0361328125
2 0.1611328125 0.14453125 0.1953125 0.1455078125 0.20703125 0.1396484375 0.20703125 0.1298828125 0.19140625 0.1005859375 0.1669921875 0.078125 0.1396484375 0.07421875 0.134765625 0.0986328125 0.15234375 0.1376953125 0.1611328125 0.14453125
2 0.1015625 0.1630859375 0.099609375 0.1474609375 0.0478515625 0.13671875 0.044921875 0.1474609375 0.0546875 0.1806640625 0.0712890625 0.197265625 0.0859375 0.1962890625 0.1015625 0.1630859375
2 0.9560546875 0.025390625 0.9853515625 0.037109375 1 0.0361328125 0.9990234375 0 0.943359375 0.0009765625 0.9560546875 0.025390625
2 0.392578125 0.9443359375 0.4111328125 0.931640625 0.439453125 0.9267578125 0.4384765625 0.890625 0.4033203125 0.880859375 0.376953125 0.9033203125 0.37109375 0.9345703125 0.3837890625 0.9453125 0.392578125 0.9443359375
2 0.1494140625 0.888671875 0.142578125 0.8994140625 0.154296875 0.9150390625 0.158203125 0.9599609375 0.18359375 0.9658203125 0.1845703125 0.9609375 0.2158203125 0.951171875 0.220703125 0.9423828125 0.21484375 0.9287109375 0.22265625 0.9091796875 0.220703125 0.8935546875 0.1943359375 0.880859375 0.1494140625 0.888671875
2 0.04296875 0.0849609375 0.0703125 0.0888671875 0.1015625 0.0712890625 0.1015625 0.0517578125 0.111328125 0.0361328125 0.10546875 0.0126953125 0.0791015625 0.001953125 0.05859375 0.0107421875 0.0390625 0.0498046875 0.04296875 0.0849609375