2 0.9833984375 0.23828125 0.982421875 0.2177734375 0.9677734375 0.197265625 0.9306640625 0.197265625 0.9140625 0.2099609375 0.9140625 0.2373046875 0.9482421875 0.26171875 0.9697265625 0.26171875 0.9833984375 0.23828125
2 0.8623046875 0.34765625 0.8193359375 0.298828125 0.802734375 0.2958984375 0.810546875 0.3212890625 0.8408203125 0.365234375 0.8544921875 0.3671875 0.8623046875 0.34765625
2 0.6142578125 0 0.61328125 0.0244140625 0.6318359375 0.041015625 0.6552734375 0.037109375 0.671875 0.0244140625 0.6748046875 0 0.6142578125 0
2 0.8076171875 0.818359375 0.8017578125 0.80859375 0.7802734375 0.8125 0.7568359375 0.828125 0.751953125 0.8408203125 0.7607421875 0.8515625 0.7802734375 0.8515625 0.802734375 0.8388671875 0.8076171875 0.818359375
2 0.2412109375 0 0.234375 0.0224609375 0.2529296875 0.0390625 0.2744140625 0.0390625 0.291015625 0.0205078125 0.2919921875 0 0.2412109375 0
2 0.2685546875 0.10546875 0.2568359375 0.09765625 0.2138671875 0.099609375 0.205078125 0.1376953125 0.2216796875 0.1484375 0.2587890625 0.1484375 0.26953125 0.1318359375 0.2685546875 0.10546875
2 0.5322265625 0.154296875 0.5244140625 0.1484375 0.4541015625 0.1484375 0.44921875 0.1533203125 0.451171875 0.2041015625 0.5166015625 0.205078125 0.5322265625 0.154296875
2 0.4326171875 0.447265625 0.4296875 0.4345703125 0.4111328125 0.423828125 0.3916015625 0.42578125 0.380859375 0.4384765625 0.3837890625 0.45703125 0.4228515625 0.458984375 0.4326171875 0.447265625
2 0.4384765625 0.30078125 0.4375 0.2763671875 0.4306640625 0.26953125 0.4150390625 0.267578125 0.404296875 0.2763671875 0.4287109375 0.337890625 0.4375 0.3349609375 0.4384765625 0.30078125
2 0.6767578125 0.189453125 0.6748046875 0.169921875 0.6474609375 0.169921875 0.62109375 0.1904296875 0.619140625 0.2158203125 0.6435546875 0.23046875 0.67578125 0.2060546875 0.6767578125 0.189453125
2 0.7412109375 0.1640625 0.736328125 0.1474609375 0.7216796875 0.142578125 0.6884765625 0.166015625 0.68359375 0.1787109375 0.6923828125 0.193359375 0.7216796875 0.19921875 0.736328125 0.1884765625 0.7412109375 0.1640625
2 0.0341796875 0.208984375 0.0224609375 0.19140625 0.0009765625 0.201171875 0 0.2373046875 0.0283203125 0.228515625 0.03515625 0.2197265625 0.0341796875 0.208984375
2 0.6279296875 0.37890625 0.625 0.3525390625 0.6123046875 0.326171875 0.5791015625 0.3203125 0.5703125 0.3271484375 0.560546875 0.3505859375 0.55859375 0.3759765625 0.5625 0.3935546875 0.5732421875 0.40625 0.6142578125 0.408203125 0.626953125 0.3974609375 0.6279296875 0.37890625
2 0.5966796875 0.806640625 0.5908203125 0.7890625 0.576171875 0.7978515625 0.5693359375 0.8515625 0.5849609375 0.84765625 0.59375 0.8369140625 0.5966796875 0.806640625
2 0.3056640625 0.724609375 0.3017578125 0.7109375 0.2744140625 0.7109375 0.265625 0.7177734375 0.2578125 0.7587890625 0.2705078125 0.7734375 0.298828125 0.7666015625 0.3056640625 0.724609375
2 0.4169921875 0.72265625 0.4091796875 0.71484375 0.3837890625 0.71484375 0.37890625 0.7197265625 0.376953125 0.7861328125 0.3857421875 0.806640625 0.4052734375 0.806640625 0.4140625 0.7998046875 0.41015625 0.7939453125 0.41796875 0.7763671875 0.4169921875 0.72265625
2 0.2099609375 0.73046875 0.1884765625 0.73046875 0.1796875 0.7470703125 0.171875 0.8017578125 0.1845703125 0.828125 0.1982421875 0.82421875 0.203125 0.8115234375 0.201171875 0.7529296875 0.2099609375 0.73046875
2 0.1259765625 0.5 0.1123046875 0.490234375 0.0927734375 0.490234375 0.078125 0.4970703125 0.078125 0.5126953125 0.1123046875 0.525390625 0.1259765625 0.5