2 0.841796875 0.1767578125 0.84765625 0.2197265625 0.853515625 0.2314453125 0.8662109375 0.23828125 0.8994140625 0.236328125 0.91015625 0.2158203125 0.908203125 0.1767578125 0.8994140625 0.166015625 0.869140625 0.1630859375 0.8525390625 0.166015625 0.841796875 0.1767578125
2 0.88671875 0.4951171875 0.8828125 0.4658203125 0.845703125 0.4658203125 0.828125 0.4833984375 0.830078125 0.5068359375 0.8388671875 0.515625 0.8759765625 0.517578125 0.88671875 0.4951171875
2 0.9228515625 0.3828125 0.9091796875 0.37109375 0.900390625 0.3720703125 0.876953125 0.4033203125 0.8798828125 0.423828125 0.9228515625 0.412109375 0.931640625 0.4013671875 0.9228515625 0.3828125
2 0.556640625 0.3212890625 0.5380859375 0.330078125 0.53515625 0.3388671875 0.5537109375 0.349609375 0.5732421875 0.345703125 0.578125 0.3251953125 0.556640625 0.3212890625
2 0.7958984375 0.732421875 0.8017578125 0.72265625 0.822265625 0.7158203125 0.8115234375 0.697265625 0.798828125 0.6982421875 0.763671875 0.7119140625 0.763671875 0.7236328125 0.7744140625 0.734375 0.7958984375 0.732421875
2 0.44921875 0.1337890625 0.4404296875 0.125 0.4296875 0.1240234375 0.40625 0.1494140625 0.4150390625 0.16796875 0.4345703125 0.166015625 0.44921875 0.1455078125 0.44921875 0.1337890625
2 0.296875 0.5869140625 0.275390625 0.5556640625 0.265625 0.5537109375 0.248046875 0.5888671875 0.2412109375 0.640625 0.2861328125 0.640625 0.296875 0.6318359375 0.296875 0.5869140625
2 0.2041015625 0.294921875 0.1923828125 0.302734375 0.1884765625 0.296875 0.1875 0.3056640625 0.201171875 0.3291015625 0.2275390625 0.35546875 0.2470703125 0.359375 0.240234375 0.3095703125 0.216796875 0.2919921875 0.2158203125 0.298828125 0.2041015625 0.294921875
2 0.10546875 0.2802734375 0.0966796875 0.265625 0.0859375 0.2666015625 0.0830078125 0.271484375 0.0380859375 0.271484375 0.033203125 0.3076171875 0.0810546875 0.30859375 0.10546875 0.2802734375
2 0.654296875 0.7763671875 0.6328125 0.7880859375 0.6494140625 0.857421875 0.6845703125 0.8515625 0.69921875 0.8076171875 0.6884765625 0.779296875 0.654296875 0.7763671875
2 0.1591796875 1 0.166015625 0.9501953125 0.12109375 0.9208984375 0.109375 0.9306640625 0.099609375 0.9619140625 0.1015625 0.9912109375 0.1083984375 1 0.1591796875 1
2 0.453125 0.9990234375 0.451171875 0.9814453125 0.4384765625 0.9609375 0.4150390625 0.94921875 0.3984375 0.9482421875 0.3671875 0.9658203125 0.3671875 0.9775390625 0.3857421875 1 0.453125 0.9990234375
2 0.08984375 0.7958984375 0.1259765625 0.796875 0.13671875 0.7705078125 0.107421875 0.7685546875 0.08984375 0.7783203125 0.08984375 0.7958984375
2 0.1171875 0.2294921875 0.1015625 0.2626953125 0.1103515625 0.2734375 0.1474609375 0.26953125 0.150390625 0.2587890625 0.14453125 0.2431640625 0.1171875 0.2294921875
2 0.0126953125 0.146484375 0.0283203125 0.15234375 0.0537109375 0.150390625 0.072265625 0.1376953125 0.0712890625 0.12109375 0.0693359375 0.12890625 0.0634765625 0.119140625 0.0341796875 0.103515625 0.017578125 0.1044921875 0.009765625 0.1142578125 0.0126953125 0.146484375