2 0.6318359375 0.6171875 0.6650390625 0.626953125 0.673828125 0.6181640625 0.6796875 0.5908203125 0.673828125 0.5771484375 0.658203125 0.5673828125 0.6396484375 0.568359375 0.62109375 0.5849609375 0.62109375 0.6044921875 0.6318359375 0.6171875
2 0.498046875 0.4248046875 0.5009765625 0.4453125 0.5302734375 0.4453125 0.548828125 0.4306640625 0.552734375 0.3935546875 0.54296875 0.3681640625 0.53125 0.3701171875 0.517578125 0.4072265625 0.498046875 0.4248046875
2 0.572265625 0.3994140625 0.5859375 0.4443359375 0.6025390625 0.45703125 0.611328125 0.4501953125 0.61328125 0.4287109375 0.580078125 0.3916015625 0.572265625 0.3916015625 0.572265625 0.3994140625
2 0.376953125 0.7900390625 0.376953125 0.8017578125 0.3818359375 0.806640625 0.4033203125 0.802734375 0.41796875 0.7822265625 0.416015625 0.7724609375 0.3916015625 0.775390625 0.376953125 0.7900390625
2 0.435546875 0.7802734375 0.4912109375 0.826171875 0.494140625 0.8154296875 0.484375 0.7978515625 0.4521484375 0.763671875 0.4375 0.7607421875 0.4296875 0.7626953125 0.435546875 0.7802734375
2 0.67578125 0.8779296875 0.6923828125 0.8828125 0.69921875 0.8779296875 0.697265625 0.8603515625 0.6875 0.8310546875 0.673828125 0.8193359375 0.6640625 0.8232421875 0.6640625 0.8349609375 0.67578125 0.8779296875
2 0.6875 0.8115234375 0.697265625 0.8564453125 0.7197265625 0.880859375 0.72265625 0.8662109375 0.71484375 0.8369140625 0.69140625 0.8017578125 0.6875 0.8115234375
2 0.7392578125 0.84765625 0.7529296875 0.84765625 0.7578125 0.8310546875 0.75 0.8154296875 0.7236328125 0.7890625 0.712890625 0.7861328125 0.697265625 0.7900390625 0.69921875 0.8115234375 0.7392578125 0.84765625
2 0.689453125 0.7607421875 0.6875 0.7744140625 0.6982421875 0.78515625 0.7099609375 0.78515625 0.71484375 0.7744140625 0.701171875 0.7587890625 0.689453125 0.7607421875
2 0.708984375 0.7392578125 0.708984375 0.7509765625 0.7158203125 0.76171875 0.7255859375 0.76171875 0.728515625 0.7470703125 0.720703125 0.7373046875 0.708984375 0.7392578125
2 0.6943359375 0.646484375 0.7138671875 0.6484375 0.740234375 0.6337890625 0.7373046875 0.62109375 0.7177734375 0.619140625 0.701171875 0.6083984375 0.6904296875 0.609375 0.68359375 0.6201171875 0.685546875 0.6357421875 0.6943359375 0.646484375
2 0.3173828125 0.271484375 0.310546875 0.2900390625 0.3271484375 0.302734375 0.3330078125 0.30078125 0.345703125 0.2822265625 0.341796875 0.2724609375 0.3173828125 0.271484375
2 0.9013671875 0.60546875 0.900390625 0.6201171875 0.9189453125 0.642578125 0.9345703125 0.646484375 0.9296875 0.6103515625 0.91796875 0.6044921875 0.9013671875 0.60546875
2 0.201171875 0.0908203125 0.19921875 0.1044921875 0.2080078125 0.115234375 0.236328125 0.0966796875 0.236328125 0.0888671875 0.22265625 0.0791015625 0.2119140625 0.078125 0.201171875 0.0908203125
2 0.240234375 0.2666015625 0.240234375 0.2841796875 0.2646484375 0.306640625 0.2861328125 0.31640625 0.2890625 0.3056640625 0.24609375 0.2666015625 0.240234375 0.2666015625
2 0.958984375 0.8720703125 0.9375 0.8837890625 0.935546875 0.9287109375 0.9423828125 0.953125 0.962890625 0.9443359375 0.958984375 0.8720703125