2 0.189453125 0.1943359375 0.193359375 0.2216796875 0.2060546875 0.25 0.2158203125 0.251953125 0.228515625 0.2392578125 0.236328125 0.2275390625 0.2353515625 0.2109375 0.2314453125 0.1796875 0.2060546875 0.181640625 0.189453125 0.1943359375
2 0.5400390625 0.541015625 0.5556640625 0.5390625 0.5595703125 0.5234375 0.5458984375 0.509765625 0.5341796875 0.509765625 0.5234375 0.5205078125 0.52734375 0.5322265625 0.5400390625 0.541015625
2 0.89453125 0.7998046875 0.900390625 0.8232421875 0.9208984375 0.837890625 0.931640625 0.8330078125 0.9365234375 0.814453125 0.931640625 0.8017578125 0.9130859375 0.7890625 0.9033203125 0.7890625 0.89453125 0.7998046875
2 0.3857421875 0.73828125 0.3720703125 0.716796875 0.357421875 0.7197265625 0.35546875 0.7314453125 0.3642578125 0.744140625 0.3837890625 0.748046875 0.3857421875 0.73828125
2 0.3857421875 0.736328125 0.3486328125 0.69140625 0.337890625 0.6904296875 0.349609375 0.7255859375 0.3642578125 0.744140625 0.3837890625 0.748046875 0.3857421875 0.736328125
2 0.3095703125 0.712890625 0.3330078125 0.767578125 0.341796875 0.7626953125 0.3408203125 0.75 0.32421875 0.7236328125 0.3095703125 0.712890625
2 0.1650390625 0.1875 0.1572265625 0.173828125 0.1396484375 0.16796875 0.126953125 0.1748046875 0.125 0.1943359375 0.1630859375 0.19921875 0.1650390625 0.1875
2 0.3076171875 0.541015625 0.3193359375 0.541015625 0.3212890625 0.53515625 0.318359375 0.5224609375 0.2880859375 0.48046875 0.287109375 0.5048828125 0.296875 0.5302734375 0.3076171875 0.541015625
2 0.328125 0.5126953125 0.3349609375 0.52734375 0.3447265625 0.52734375 0.3486328125 0.515625 0.3427734375 0.509765625 0.328125 0.5126953125
2 0.38671875 0.2880859375 0.404296875 0.3173828125 0.4189453125 0.328125 0.4267578125 0.31640625 0.3916015625 0.267578125 0.38671875 0.2880859375
2 0.3544921875 0.068359375 0.3134765625 0.068359375 0.3046875 0.0791015625 0.3505859375 0.0859375 0.3544921875 0.068359375
2 0.265625 0.1103515625 0.275390625 0.0927734375 0.2763671875 0.068359375 0.2666015625 0.056640625 0.2568359375 0.056640625 0.25 0.0654296875 0.2568359375 0.11328125 0.265625 0.1103515625