0 0.1494140625 0.60546875 0.1728515625 0.609375 0.1982421875 0.6015625 0.2109375 0.5908203125 0.2109375 0.5166015625 0.19921875 0.5087890625 0.1923828125 0.494140625 0.1494140625 0.48828125 0.1328125 0.4677734375 0.130859375 0.4541015625 0.1162109375 0.4453125 0.1005859375 0.4453125 0.0576171875 0.4609375 0.0341796875 0.474609375 0.0009765625 0.5078125 0.0029296875 0.625 0.0224609375 0.625 0.0400390625 0.6171875 0.0966796875 0.6171875 0.1494140625 0.60546875
0 0.4443359375 0.6796875 0.4658203125 0.673828125 0.51953125 0.6103515625 0.537109375 0.5771484375 0.4853515625 0.546875 0.4443359375 0.54296875 0.4150390625 0.55078125 0.396484375 0.5927734375 0.376953125 0.6181640625 0.3564453125 0.677734375 0.35546875 0.6904296875 0.3642578125 0.69921875 0.3876953125 0.701171875 0.4208984375 0.697265625 0.4443359375 0.6796875
0 0.34765625 0.6845703125 0.3359375 0.6572265625 0.318359375 0.6494140625 0.31640625 0.6376953125 0.3037109375 0.623046875 0.2841796875 0.623046875 0.2578125 0.6435546875 0.2548828125 0.6796875 0.255859375 0.6962890625 0.2763671875 0.716796875 0.3076171875 0.71484375 0.3427734375 0.693359375 0.34765625 0.6845703125
0 0.3623046875 0.814453125 0.3916015625 0.806640625 0.40234375 0.7919921875 0.39453125 0.7607421875 0.3623046875 0.744140625 0.2685546875 0.7578125 0.2451171875 0.76953125 0.2373046875 0.78125 0.25 0.8173828125 0.2744140625 0.84765625 0.3017578125 0.845703125 0.3388671875 0.83203125 0.3623046875 0.814453125
0 0.4873046875 0.474609375 0.5205078125 0.455078125 0.564453125 0.4072265625 0.572265625 0.3837890625 0.5703125 0.3525390625 0.5283203125 0.337890625 0.4326171875 0.337890625 0.3984375 0.3623046875 0.3759765625 0.412109375 0.375 0.4443359375 0.3876953125 0.482421875 0.4013671875 0.48828125 0.4384765625 0.48828125 0.4873046875 0.474609375
0 0.48046875 0.5029296875 0.4541015625 0.4921875 0.4052734375 0.49609375 0.390625 0.5048828125 0.3876953125 0.513671875 0.3896484375 0.5390625 0.4189453125 0.54296875 0.4638671875 0.53125 0.478515625 0.5205078125 0.48046875 0.5029296875
0 0.6025390625 0.234375 0.6337890625 0.220703125 0.6728515625 0.21875 0.6845703125 0.212890625 0.701171875 0.1865234375 0.70703125 0.1513671875 0.69140625 0.1220703125 0.689453125 0.1025390625 0.6669921875 0.083984375 0.6494140625 0.076171875 0.5712890625 0.072265625 0.5498046875 0.078125 0.5322265625 0.091796875 0.5009765625 0.09765625 0.482421875 0.1201171875 0.4658203125 0.158203125 0.466796875 0.1708984375 0.482421875 0.1865234375 0.48046875 0.1962890625 0.5322265625 0.232421875 0.6025390625 0.234375
0 0.689453125 0.5712890625 0.69140625 0.5498046875 0.685546875 0.5419921875 0.6962890625 0.5390625 0.7265625 0.5048828125 0.73046875 0.4619140625 0.7197265625 0.451171875 0.6630859375 0.427734375 0.6025390625 0.431640625 0.5390625 0.4775390625 0.5302734375 0.53515625 0.533203125 0.5615234375 0.5654296875 0.58203125 0.6181640625 0.595703125 0.6630859375 0.58984375 0.689453125 0.5712890625
0 0.7294921875 0.44140625 0.740234375 0.4306640625 0.7265625 0.3798828125 0.7138671875 0.359375 0.6865234375 0.359375 0.6572265625 0.37890625 0.6298828125 0.3671875 0.6025390625 0.333984375 0.5791015625 0.33984375 0.5771484375 0.34765625 0.578125 0.4169921875 0.5830078125 0.423828125 0.6630859375 0.42578125 0.7021484375 0.443359375 0.7294921875 0.44140625
0 0.951171875 0.8369140625 0.9609375 0.8037109375 0.953125 0.7646484375 0.92578125 0.7392578125 0.9130859375 0.716796875 0.8896484375 0.70703125 0.8525390625 0.705078125 0.7958984375 0.720703125 0.7705078125 0.736328125 0.763671875 0.7470703125 0.771484375 0.7880859375 0.79296875 0.8193359375 0.791015625 0.8388671875 0.7802734375 0.8515625 0.7666015625 0.8515625 0.7470703125 0.87890625 0.7236328125 0.888671875 0.7294921875 0.8984375 0.7919921875 0.91015625 0.8349609375 0.91015625 0.8740234375 0.8984375 0.951171875 0.8369140625
0 0.99609375 0.5361328125 0.9853515625 0.537109375 0.9638671875 0.55859375 0.9423828125 0.568359375 0.9169921875 0.6015625 0.908203125 0.6025390625 0.90625 0.6220703125 0.8935546875 0.63671875 0.8984375 0.6728515625 0.9130859375 0.69140625 0.9697265625 0.708984375 0.9951171875 0.70703125 0.99609375 0.5361328125
0 0.7578125 0.5791015625 0.744140625 0.5986328125 0.7490234375 0.611328125 0.7978515625 0.60546875 0.833984375 0.5732421875 0.837890625 0.5068359375 0.8251953125 0.4921875 0.8115234375 0.490234375 0.8017578125 0.48046875 0.7744140625 0.48046875 0.7216796875 0.521484375 0.6982421875 0.5546875 0.697265625 0.5654296875 0.7060546875 0.576171875 0.7373046875 0.564453125 0.755859375 0.5732421875 0.7578125 0.5791015625