3 0.3076171875 0.55859375 0.298828125 0.5263671875 0.2509765625 0.48828125 0.1962890625 0.494140625 0.169921875 0.5224609375 0.16796875 0.5634765625 0.177734375 0.5849609375 0.2119140625 0.626953125 0.2333984375 0.638671875 0.2685546875 0.638671875 0.283203125 0.6279296875 0.302734375 0.5986328125 0.3076171875 0.55859375
3 0.0830078125 0.30078125 0.1142578125 0.28515625 0.14453125 0.2431640625 0.1455078125 0.189453125 0.140625 0.1708984375 0.1083984375 0.138671875 0.0888671875 0.130859375 0.0576171875 0.1328125 0.0283203125 0.1484375 0.005859375 0.1708984375 0.001953125 0.1845703125 0.00390625 0.2548828125 0.015625 0.2822265625 0.0283203125 0.29296875 0.0615234375 0.30078125 0.0830078125 0.30078125
3 0.369140625 0.5869140625 0.3505859375 0.59765625 0.328125 0.6220703125 0.31640625 0.6494140625 0.314453125 0.6904296875 0.333984375 0.7314453125 0.3564453125 0.75 0.3818359375 0.76171875 0.4287109375 0.76171875 0.4658203125 0.744140625 0.484375 0.7255859375 0.49609375 0.6904296875 0.4951171875 0.65234375 0.486328125 0.6201171875 0.4736328125 0.603515625 0.4208984375 0.57421875 0.3876953125 0.57421875 0.3837890625 0.58203125 0.3828125 0.5712890625 0.3896484375 0.572265625 0.39453125 0.5634765625 0.3720703125 0.564453125 0.3662109375 0.5546875 0.35546875 0.5791015625 0.369140625 0.5869140625
3 0.3994140625 0.919921875 0.3623046875 0.916015625 0.3291015625 0.923828125 0.2861328125 0.94921875 0.25 0.9990234375 0.5146484375 1 0.5146484375 0.9921875 0.4873046875 0.9609375 0.4541015625 0.939453125 0.3994140625 0.919921875
3 0.1826171875 0.8984375 0.1669921875 0.896484375 0.1435546875 0.90625 0.126953125 0.9208984375 0.1015625 0.9658203125 0.099609375 0.9990234375 0.2001953125 1 0.21484375 0.9736328125 0.2158203125 0.935546875 0.208984375 0.9189453125 0.1826171875 0.8984375
3 0.166015625 0.7822265625 0.181640625 0.7509765625 0.1962890625 0.693359375 0.189453125 0.6396484375 0.16796875 0.6025390625 0.1376953125 0.57421875 0.0810546875 0.546875 0.0341796875 0.55078125 0.00390625 0.5732421875 0.001953125 0.7431640625 0.00390625 0.7724609375 0.0146484375 0.79296875 0.0751953125 0.8125 0.1435546875 0.8046875 0.166015625 0.7822265625
3 0.9287109375 0.869140625 0.9521484375 0.869140625 1 0.8564453125 0.9990234375 0.572265625 0.9462890625 0.560546875 0.8916015625 0.564453125 0.8251953125 0.599609375 0.794921875 0.6259765625 0.76953125 0.6669921875 0.76171875 0.7041015625 0.76171875 0.7451171875 0.775390625 0.7841796875 0.798828125 0.8232421875 0.8173828125 0.83984375 0.8623046875 0.857421875 0.9287109375 0.869140625
3 0.9248046875 0.89453125 0.8642578125 0.876953125 0.8251953125 0.875 0.7783203125 0.88671875 0.744140625 0.9072265625 0.71875 0.9443359375 0.708984375 0.9990234375 0.9833984375 1 0.9873046875 0.96875 0.970703125 0.9306640625 0.9248046875 0.89453125
3 0.923828125 0.3408203125 0.91796875 0.3544921875 0.923828125 0.3759765625 0.9443359375 0.392578125 0.9814453125 0.384765625 1 0.3623046875 0.9990234375 0.328125 0.9775390625 0.306640625 0.9560546875 0.306640625 0.923828125 0.3408203125
3 0.5361328125 0.2578125 0.4990234375 0.2734375 0.48828125 0.2958984375 0.5009765625 0.314453125 0.5263671875 0.33203125 0.5556640625 0.337890625 0.580078125 0.3251953125 0.587890625 0.3095703125 0.5869140625 0.2890625 0.5673828125 0.263671875 0.5361328125 0.2578125
3 0.8955078125 0.341796875 0.9296875 0.3173828125 0.94921875 0.2861328125 0.9501953125 0.24609375 0.939453125 0.2236328125 0.9052734375 0.185546875 0.8818359375 0.16796875 0.8505859375 0.15625 0.8173828125 0.158203125 0.7958984375 0.173828125 0.771484375 0.2001953125 0.75 0.2412109375 0.7783203125 0.306640625 0.8154296875 0.330078125 0.8623046875 0.34375 0.8955078125 0.341796875
3 0.4345703125 0.021484375 0.3857421875 0.03125 0.37890625 0.0380859375 0.376953125 0.0576171875 0.380859375 0.0810546875 0.4033203125 0.09765625 0.4384765625 0.095703125 0.455078125 0.0712890625 0.4560546875 0.037109375 0.4482421875 0.025390625 0.4345703125 0.021484375
3 0.5400390625 0.4140625 0.53515625 0.3818359375 0.5263671875 0.369140625 0.5009765625 0.359375 0.4599609375 0.361328125 0.4296875 0.3916015625 0.423828125 0.4130859375 0.427734375 0.4541015625 0.4658203125 0.4921875 0.5126953125 0.4921875 0.525390625 0.4814453125 0.541015625 0.4287109375 0.5400390625 0.4140625