3 0.666015625 0.2509765625 0.6240234375 0.267578125 0.58984375 0.3037109375 0.576171875 0.3330078125 0.576171875 0.3486328125 0.587890625 0.3759765625 0.6240234375 0.3984375 0.6611328125 0.400390625 0.6904296875 0.390625 0.740234375 0.3486328125 0.751953125 0.3271484375 0.751953125 0.2978515625 0.7236328125 0.26171875 0.7060546875 0.251953125 0.666015625 0.2509765625
3 0.8359375 0.0712890625 0.8056640625 0.080078125 0.77734375 0.1044921875 0.751953125 0.1474609375 0.748046875 0.1826171875 0.759765625 0.2060546875 0.7919921875 0.23046875 0.8447265625 0.240234375 0.8876953125 0.228515625 0.9296875 0.1923828125 0.931640625 0.1435546875 0.923828125 0.1142578125 0.9013671875 0.08984375 0.8779296875 0.076171875 0.8359375 0.0712890625
3 0.970703125 0.2412109375 0.9365234375 0.244140625 0.908203125 0.2666015625 0.888671875 0.3251953125 0.9189453125 0.359375 0.9990234375 0.404296875 1 0.2451171875 0.970703125 0.2412109375
3 0.9765625 0.5205078125 0.9462890625 0.529296875 0.916015625 0.5517578125 0.892578125 0.5966796875 0.890625 0.6357421875 0.900390625 0.6552734375 0.9306640625 0.68359375 0.9990234375 0.708984375 1 0.5224609375 0.9765625 0.5205078125
3 0.466796875 0.0009765625 0.451171875 0.0400390625 0.443359375 0.1181640625 0.44921875 0.1533203125 0.4755859375 0.181640625 0.5244140625 0.18359375 0.5927734375 0.17578125 0.6318359375 0.162109375 0.6484375 0.1455078125 0.666015625 0.1103515625 0.671875 0.0595703125 0.65625 0.0166015625 0.6416015625 0 0.466796875 0.0009765625
3 0.076171875 0.0009765625 0.103515625 0.0615234375 0.134765625 0.0908203125 0.1484375 0.1181640625 0.1689453125 0.138671875 0.1962890625 0.158203125 0.2412109375 0.158203125 0.2724609375 0.173828125 0.3603515625 0.169921875 0.4130859375 0.146484375 0.43359375 0.1083984375 0.453125 0.0068359375 0.4521484375 0 0.076171875 0.0009765625
3 0.0703125 0.0927734375 0.05078125 0.1025390625 0.03515625 0.1318359375 0.037109375 0.1748046875 0.0625 0.2099609375 0.1044921875 0.240234375 0.1298828125 0.248046875 0.1630859375 0.248046875 0.1962890625 0.236328125 0.2109375 0.2138671875 0.203125 0.1787109375 0.1123046875 0.099609375 0.0927734375 0.091796875 0.0703125 0.0927734375
3 0.197265625 0.2744140625 0.1845703125 0.27734375 0.16796875 0.2919921875 0.162109375 0.3095703125 0.1640625 0.3310546875 0.169921875 0.3427734375 0.1904296875 0.357421875 0.2373046875 0.359375 0.251953125 0.3466796875 0.255859375 0.3349609375 0.251953125 0.2939453125 0.2294921875 0.27734375 0.197265625 0.2744140625
3 0.48046875 0.2880859375 0.462890625 0.3037109375 0.46484375 0.3330078125 0.4853515625 0.349609375 0.5146484375 0.34765625 0.529296875 0.3310546875 0.52734375 0.3076171875 0.5048828125 0.2890625 0.48046875 0.2880859375
3 0.84375 0.7509765625 0.818359375 0.7646484375 0.80859375 0.8037109375 0.8251953125 0.828125 0.8603515625 0.830078125 0.8916015625 0.814453125 0.908203125 0.7978515625 0.91015625 0.7744140625 0.8896484375 0.75390625 0.84375 0.7509765625
3 1 0.7998046875 0.953125 0.7939453125 0.9267578125 0.802734375 0.890625 0.8369140625 0.880859375 0.8564453125 0.87890625 0.8798828125 0.888671875 0.9091796875 0.9072265625 0.927734375 0.9345703125 0.94140625 0.9716796875 0.943359375 1 0.9267578125 1 0.7998046875
3 0 0.9990234375 0.1220703125 0.99609375 0.142578125 0.9619140625 0.154296875 0.9267578125 0.15234375 0.8876953125 0.130859375 0.8388671875 0.0634765625 0.783203125 0.013671875 0.7841796875 0 0.7861328125 0 0.9990234375
3 0 0.5947265625 0.0341796875 0.611328125 0.0751953125 0.611328125 0.0869140625 0.603515625 0.095703125 0.5869140625 0.0703125 0.5419921875 0.0439453125 0.517578125 0.0146484375 0.505859375 0 0.5068359375 0 0.5947265625
3 0 0.4755859375 0.0068359375 0.4765625 0.03515625 0.4599609375 0.044921875 0.4345703125 0.0390625 0.4033203125 0.029296875 0.3857421875 0 0.3701171875 0 0.4755859375
3 0 0.7548828125 0.0166015625 0.759765625 0.0615234375 0.7578125 0.078125 0.7412109375 0.08203125 0.7021484375 0.0615234375 0.67578125 0.029296875 0.6728515625 0 0.6904296875 0 0.7548828125