3 0.6181640625 0 0.6181640625 0.0234375 0.62890625 0.0556640625 0.6484375 0.0810546875 0.6669921875 0.095703125 0.7041015625 0.109375 0.7373046875 0.109375 0.7685546875 0.09765625 0.796875 0.0712890625 0.810546875 0.0302734375 0.8056640625 0 0.6181640625 0
3 0.3486328125 0.123046875 0.361328125 0.1552734375 0.3955078125 0.189453125 0.4091796875 0.1953125 0.4521484375 0.1953125 0.4697265625 0.1875 0.484375 0.1728515625 0.498046875 0.1455078125 0.498046875 0.1162109375 0.482421875 0.0869140625 0.4677734375 0.0703125 0.4248046875 0.052734375 0.3720703125 0.060546875 0.349609375 0.0908203125 0.3486328125 0.123046875
3 0.1708984375 0.517578125 0.1875 0.5419921875 0.2041015625 0.5546875 0.2353515625 0.568359375 0.2626953125 0.568359375 0.2939453125 0.55859375 0.310546875 0.5439453125 0.3203125 0.5244140625 0.32421875 0.4951171875 0.30078125 0.4619140625 0.2568359375 0.423828125 0.2216796875 0.416015625 0.2041015625 0.423828125 0.177734375 0.4560546875 0.169921875 0.4814453125 0.1708984375 0.517578125
3 0.3466796875 0.00390625 0.3662109375 0.02734375 0.3955078125 0.037109375 0.4267578125 0.03515625 0.447265625 0.0126953125 0.4462890625 0 0.3466796875 0.00390625
3 0.4423828125 0.41796875 0.4453125 0.4306640625 0.4677734375 0.453125 0.4951171875 0.466796875 0.5341796875 0.46484375 0.55078125 0.4482421875 0.55078125 0.4150390625 0.5244140625 0.37890625 0.4970703125 0.373046875 0.4580078125 0.376953125 0.4453125 0.3916015625 0.4423828125 0.41796875
3 0.0009765625 0.830078125 0.0830078125 0.828125 0.09375 0.8193359375 0.111328125 0.7822265625 0.123046875 0.7470703125 0.119140625 0.7119140625 0.095703125 0.6787109375 0.0771484375 0.666015625 0.0263671875 0.654296875 0 0.6572265625 0.0009765625 0.830078125
3 0.0048828125 0.9140625 0.017578125 0.9443359375 0.0693359375 1 0.328125 0.9990234375 0.310546875 0.9365234375 0.25 0.8486328125 0.2099609375 0.802734375 0.1669921875 0.78125 0.1513671875 0.78125 0.1259765625 0.79296875 0.0908203125 0.8359375 0.0458984375 0.837890625 0.0146484375 0.853515625 0.00390625 0.8740234375 0.0048828125 0.9140625
3 0.8369140625 0.814453125 0.841796875 0.8310546875 0.8603515625 0.84765625 0.8857421875 0.8515625 0.8994140625 0.845703125 0.91015625 0.8310546875 0.912109375 0.7958984375 0.8974609375 0.77734375 0.8740234375 0.76953125 0.8603515625 0.7734375 0.841796875 0.7900390625 0.8369140625 0.814453125
3 0.8603515625 0.974609375 0.8798828125 1 0.953125 0.9990234375 0.955078125 0.9716796875 0.9453125 0.9541015625 0.9267578125 0.9375 0.9072265625 0.9296875 0.8896484375 0.9296875 0.8759765625 0.939453125 0.859375 0.9638671875 0.8603515625 0.974609375
3 0.7919921875 0.93359375 0.8037109375 0.94921875 0.8330078125 0.947265625 0.837890625 0.9169921875 0.83203125 0.9033203125 0.8154296875 0.89453125 0.8037109375 0.896484375 0.791015625 0.9111328125 0.7919921875 0.93359375
3 0.8603515625 0.48828125 0.8740234375 0.505859375 0.8994140625 0.509765625 0.908203125 0.4990234375 0.90625 0.4677734375 0.8955078125 0.458984375 0.8779296875 0.45703125 0.86328125 0.4677734375 0.8603515625 0.48828125
3 0.5009765625 0.677734375 0.51953125 0.7080078125 0.5458984375 0.7265625 0.5732421875 0.7265625 0.595703125 0.7021484375 0.59375 0.6708984375 0.580078125 0.6494140625 0.5634765625 0.638671875 0.5224609375 0.64453125 0.501953125 0.6630859375 0.5009765625 0.677734375
3 0.0009765625 0.638671875 0.0576171875 0.638671875 0.076171875 0.6142578125 0.080078125 0.5888671875 0.080078125 0.5673828125 0.0625 0.5244140625 0.025390625 0.4755859375 0.0009765625 0.458984375 0.0009765625 0.638671875