3 0.01953125 0.1474609375 0 0.1494140625 0.0009765625 0.421875 0.0419921875 0.41796875 0.0791015625 0.40234375 0.123046875 0.3603515625 0.138671875 0.3212890625 0.13671875 0.2822265625 0.1171875 0.2001953125 0.099609375 0.1904296875 0.09765625 0.1767578125 0.0791015625 0.1484375 0.01953125 0.1474609375
3 0.185546875 0.1337890625 0.154296875 0.1513671875 0.1328125 0.1923828125 0.130859375 0.2080078125 0.14453125 0.2314453125 0.166015625 0.2470703125 0.162109375 0.2724609375 0.1982421875 0.3046875 0.2197265625 0.306640625 0.251953125 0.2822265625 0.265625 0.2412109375 0.283203125 0.2197265625 0.28125 0.1904296875 0.2568359375 0.154296875 0.2119140625 0.1328125 0.185546875 0.1337890625
3 0.140625 0.4326171875 0.1162109375 0.439453125 0.099609375 0.4560546875 0.087890625 0.4755859375 0.08203125 0.5302734375 0.0927734375 0.55078125 0.1181640625 0.564453125 0.1337890625 0.5703125 0.1728515625 0.5703125 0.21484375 0.5400390625 0.21875 0.4892578125 0.203125 0.4580078125 0.1884765625 0.4453125 0.1650390625 0.431640625 0.140625 0.4326171875
3 0.71875 0.7099609375 0.7001953125 0.71875 0.677734375 0.7431640625 0.669921875 0.7626953125 0.669921875 0.7919921875 0.6943359375 0.833984375 0.7509765625 0.841796875 0.7822265625 0.826171875 0.798828125 0.8095703125 0.806640625 0.7783203125 0.8046875 0.7509765625 0.79296875 0.7294921875 0.7685546875 0.712890625 0.71875 0.7099609375
3 0.8359375 0.8564453125 0.8134765625 0.861328125 0.791015625 0.8876953125 0.78515625 0.9208984375 0.796875 0.9423828125 0.8154296875 0.951171875 0.8544921875 0.951171875 0.8974609375 0.94140625 0.9140625 0.9169921875 0.908203125 0.8935546875 0.8779296875 0.865234375 0.8359375 0.8564453125
3 0.87890625 0.9560546875 0.8173828125 0.96484375 0.791015625 0.9833984375 0.787109375 0.9990234375 0.982421875 0.9990234375 0.9580078125 0.97265625 0.9287109375 0.958984375 0.87890625 0.9560546875
3 1 0.7724609375 0.9833984375 0.75 0.958984375 0.7451171875 0.9267578125 0.75390625 0.908203125 0.7685546875 0.90234375 0.8076171875 0.91015625 0.8251953125 0.9345703125 0.849609375 0.9501953125 0.857421875 0.9736328125 0.857421875 1 0.8408203125 1 0.7724609375
3 1 0.5009765625 0.994140625 0.5009765625 0.9443359375 0.525390625 0.919921875 0.5654296875 0.921875 0.6123046875 0.93359375 0.6318359375 0.9658203125 0.65625 0.9892578125 0.6640625 1 0.6630859375 1 0.5009765625
3 0.484375 0.0791015625 0.4560546875 0.08984375 0.419921875 0.1259765625 0.408203125 0.1572265625 0.40625 0.1962890625 0.416015625 0.2236328125 0.4345703125 0.244140625 0.4736328125 0.267578125 0.5009765625 0.2734375 0.5439453125 0.2578125 0.572265625 0.2353515625 0.59375 0.2001953125 0.595703125 0.1552734375 0.583984375 0.1337890625 0.5478515625 0.103515625 0.5087890625 0.080078125 0.484375 0.0791015625
3 0.732421875 0.0224609375 0.6962890625 0.03515625 0.66796875 0.0673828125 0.658203125 0.0908203125 0.65625 0.1220703125 0.662109375 0.1337890625 0.6923828125 0.158203125 0.7373046875 0.16015625 0.7607421875 0.15234375 0.783203125 0.1318359375 0.796875 0.1025390625 0.796875 0.0673828125 0.783203125 0.0380859375 0.7587890625 0.0234375 0.732421875 0.0224609375
3 0.55859375 0.0009765625 0.52734375 0.0244140625 0.521484375 0.0400390625 0.5234375 0.0673828125 0.5673828125 0.1015625 0.5966796875 0.103515625 0.63671875 0.0693359375 0.63671875 0.0087890625 0.6318359375 0 0.55859375 0.0009765625
3 0.291015625 0.0009765625 0.294921875 0.0166015625 0.3076171875 0.03125 0.3369140625 0.044921875 0.3798828125 0.0390625 0.3994140625 0.02734375 0.41796875 0.0009765625 0.291015625 0.0009765625
3 0 0.1298828125 0.0595703125 0.125 0.0849609375 0.1171875 0.111328125 0.0810546875 0.11328125 0.0595703125 0.10546875 0.0361328125 0.0654296875 0 0 0.0009765625 0 0.1298828125