3 0.322265625 0.6943359375 0.2919921875 0.701171875 0.265625 0.7197265625 0.255859375 0.7392578125 0.23828125 0.7548828125 0.232421875 0.8017578125 0.232421875 0.8291015625 0.2421875 0.8564453125 0.2900390625 0.900390625 0.3076171875 0.90625 0.3544921875 0.900390625 0.4111328125 0.875 0.41796875 0.8681640625 0.4296875 0.8232421875 0.427734375 0.7841796875 0.404296875 0.7392578125 0.3818359375 0.71484375 0.3525390625 0.6953125 0.322265625 0.6943359375
3 0.505859375 0.4462890625 0.4892578125 0.44921875 0.474609375 0.4619140625 0.46484375 0.4931640625 0.4814453125 0.5234375 0.5166015625 0.533203125 0.53125 0.5126953125 0.533203125 0.4755859375 0.5234375 0.4541015625 0.505859375 0.4462890625
3 0.423828125 0.0009765625 0.43359375 0.0263671875 0.45703125 0.0478515625 0.505859375 0.1259765625 0.54296875 0.1708984375 0.5888671875 0.212890625 0.6494140625 0.248046875 0.6748046875 0.23046875 0.6923828125 0.236328125 0.7431640625 0.232421875 0.8203125 0.1552734375 0.830078125 0.0810546875 0.814453125 0.0458984375 0.8076171875 0 0.423828125 0.0009765625
3 1 0.5498046875 0.994140625 0.5498046875 0.9609375 0.5771484375 0.93359375 0.6181640625 0.919921875 0.6845703125 0.921875 0.7080078125 0.935546875 0.7333984375 0.9619140625 0.759765625 0.9873046875 0.76953125 1 0.7685546875 1 0.5498046875
3 0.99609375 0.7802734375 0.962890625 0.8056640625 0.95703125 0.8349609375 0.974609375 0.8857421875 0.9990234375 0.908203125 0.99609375 0.7802734375
3 0.794921875 0.9365234375 0.7744140625 0.943359375 0.763671875 0.9541015625 0.7578125 0.9775390625 0.763671875 0.9990234375 0.8447265625 1 0.84765625 0.9755859375 0.837890625 0.9482421875 0.8212890625 0.935546875 0.794921875 0.9365234375
3 0.10546875 0.9404296875 0.0556640625 0.962890625 0.03515625 0.9990234375 0.1533203125 1 0.15625 0.9794921875 0.146484375 0.9599609375 0.1240234375 0.939453125 0.10546875 0.9404296875
3 0 0.7841796875 0.0029296875 0.958984375 0.015625 0.9521484375 0.033203125 0.9208984375 0.037109375 0.8447265625 0.025390625 0.8134765625 0 0.7841796875
3 0.84765625 0.0009765625 0.857421875 0.0400390625 0.8779296875 0.05078125 0.9150390625 0.037109375 0.92578125 0.0263671875 0.931640625 0.0048828125 0.9306640625 0 0.84765625 0.0009765625
3 0.43359375 0.5830078125 0.421875 0.5927734375 0.421875 0.6142578125 0.4326171875 0.626953125 0.4521484375 0.62890625 0.46484375 0.6123046875 0.46484375 0.6025390625 0.4541015625 0.5859375 0.43359375 0.5830078125
3 0.8203125 0.7900390625 0.8017578125 0.79296875 0.791015625 0.8017578125 0.783203125 0.8212890625 0.787109375 0.8505859375 0.8076171875 0.869140625 0.8369140625 0.87890625 0.8662109375 0.875 0.884765625 0.8603515625 0.890625 0.8427734375 0.888671875 0.8212890625 0.8740234375 0.80859375 0.8203125 0.7900390625