3 0.1669921875 1 0.189453125 0.9716796875 0.193359375 0.9443359375 0.185546875 0.9208984375 0.1572265625 0.89453125 0.138671875 0.8896484375 0.1025390625 0.892578125 0.08203125 0.9091796875 0.068359375 0.9306640625 0.068359375 0.9619140625 0.0888671875 1 0.1669921875 1
3 0.4853515625 1 0.501953125 0.9638671875 0.5 0.9365234375 0.4775390625 0.908203125 0.44140625 0.8955078125 0.4111328125 0.900390625 0.39453125 0.9169921875 0.384765625 0.9384765625 0.384765625 0.9794921875 0.3994140625 1 0.4853515625 1
3 0.4794921875 0.8671875 0.5009765625 0.873046875 0.5322265625 0.8671875 0.54296875 0.8583984375 0.560546875 0.8349609375 0.568359375 0.8056640625 0.568359375 0.7822265625 0.55859375 0.7529296875 0.5361328125 0.732421875 0.521484375 0.7294921875 0.4873046875 0.728515625 0.4697265625 0.734375 0.44921875 0.7548828125 0.43359375 0.7900390625 0.43359375 0.8212890625 0.443359375 0.8388671875 0.4794921875 0.8671875
3 0.349609375 0.4619140625 0.318359375 0.4423828125 0.2919921875 0.443359375 0.2734375 0.4697265625 0.27734375 0.5048828125 0.3017578125 0.525390625 0.3349609375 0.521484375 0.353515625 0.4951171875 0.349609375 0.4619140625
3 0 0.5595703125 0.0244140625 0.572265625 0.0498046875 0.55859375 0.0615234375 0.55859375 0.078125 0.5458984375 0.078125 0.5263671875 0.068359375 0.5029296875 0.03515625 0.4853515625 0.0185546875 0.48828125 0 0.5087890625 0 0.5595703125
3 0.091796875 0.4873046875 0.09375 0.4658203125 0.0810546875 0.4453125 0.0625 0.4384765625 0.0380859375 0.439453125 0.02734375 0.4501953125 0.02734375 0.4697265625 0.0380859375 0.484375 0.0595703125 0.49609375 0.0810546875 0.498046875 0.091796875 0.4873046875
3 0.6025390625 0.51171875 0.6240234375 0.51171875 0.6435546875 0.5 0.66015625 0.4794921875 0.666015625 0.4326171875 0.6494140625 0.404296875 0.6298828125 0.388671875 0.611328125 0.3837890625 0.5830078125 0.384765625 0.55859375 0.4052734375 0.546875 0.4287109375 0.546875 0.4501953125 0.55859375 0.4794921875 0.5771484375 0.5 0.6025390625 0.51171875
3 0.55859375 0.5498046875 0.5556640625 0.5390625 0.55078125 0.5458984375 0.548828125 0.5302734375 0.521484375 0.5107421875 0.4951171875 0.513671875 0.484375 0.5322265625 0.490234375 0.5595703125 0.4990234375 0.5703125 0.5166015625 0.576171875 0.5419921875 0.568359375 0.55859375 0.5498046875
3 0.8447265625 0.3125 0.8740234375 0.3046875 0.91015625 0.2568359375 0.90625 0.2177734375 0.8857421875 0.197265625 0.85546875 0.1904296875 0.8056640625 0.193359375 0.791015625 0.2060546875 0.783203125 0.2333984375 0.78515625 0.2646484375 0.80078125 0.2900390625 0.8154296875 0.302734375 0.8447265625 0.3125
3 0.76953125 0.0439453125 0.779296875 0.0166015625 0.77734375 0.0009765625 0.6435546875 0 0.642578125 0.0283203125 0.65234375 0.0498046875 0.6767578125 0.0703125 0.7255859375 0.080078125 0.7490234375 0.0703125 0.76953125 0.0439453125
3 0.845703125 0.0341796875 0.8203125 0.0146484375 0.7978515625 0.015625 0.78515625 0.0341796875 0.78515625 0.0595703125 0.8056640625 0.080078125 0.8310546875 0.076171875 0.849609375 0.0576171875 0.845703125 0.0341796875
3 1 0.2802734375 0.9716796875 0.291015625 0.9521484375 0.3125 0.9267578125 0.318359375 0.9140625 0.3388671875 0.916015625 0.3740234375 0.927734375 0.4091796875 0.9677734375 0.4453125 0.9951171875 0.45703125 1 0.4560546875 1 0.2802734375
3 0.8720703125 0.755859375 0.90234375 0.7080078125 0.89453125 0.6591796875 0.8837890625 0.650390625 0.8515625 0.6494140625 0.8251953125 0.65625 0.80859375 0.6708984375 0.80859375 0.7373046875 0.814453125 0.7509765625 0.8310546875 0.76171875 0.8603515625 0.76171875 0.8720703125 0.755859375
3 1 0.8017578125 0.9736328125 0.7890625 0.953125 0.7880859375 0.8974609375 0.796875 0.880859375 0.8154296875 0.86328125 0.8759765625 0.8818359375 0.912109375 0.9365234375 0.943359375 0.9580078125 0.94140625 1 0.9013671875 1 0.8017578125
3 0.9931640625 0.609375 0.974609375 0.6318359375 0.96484375 0.6708984375 0.9765625 0.7099609375 0.9970703125 0.734375 1 0.6083984375 0.9931640625 0.609375
3 1 0.9169921875 0.96875 0.9560546875 0.9677734375 1 1 0.9990234375 1 0.9169921875
3 0.6201171875 0.884765625 0.6376953125 0.892578125 0.6708984375 0.89453125 0.7021484375 0.8828125 0.73046875 0.8544921875 0.73828125 0.8369140625 0.73828125 0.7744140625 0.7119140625 0.744140625 0.6796875 0.7353515625 0.6533203125 0.73828125 0.6220703125 0.751953125 0.60546875 0.7666015625 0.591796875 0.7919921875 0.591796875 0.8466796875 0.59765625 0.8623046875 0.6201171875 0.884765625