3 0.0703125 0.0712890625 0.1005859375 0.107421875 0.138671875 0.1123046875 0.1611328125 0.10546875 0.181640625 0.0888671875 0.193359375 0.0654296875 0.193359375 0.0361328125 0.1669921875 0.001953125 0.0947265625 0.001953125 0.07421875 0.0244140625 0.0703125 0.0712890625
3 0.384765625 0.0537109375 0.39453125 0.0830078125 0.4169921875 0.103515625 0.44140625 0.1064453125 0.4775390625 0.095703125 0.5 0.0693359375 0.50390625 0.0361328125 0.494140625 0.0107421875 0.4833984375 0.001953125 0.4033203125 0.001953125 0.38671875 0.0205078125 0.384765625 0.0537109375
3 0.4638671875 0.14453125 0.44140625 0.1669921875 0.435546875 0.1806640625 0.435546875 0.2138671875 0.4453125 0.2392578125 0.4658203125 0.263671875 0.4873046875 0.2734375 0.51171875 0.2744140625 0.5380859375 0.26953125 0.55859375 0.2509765625 0.5703125 0.2197265625 0.5703125 0.1982421875 0.55859375 0.1591796875 0.5400390625 0.138671875 0.4990234375 0.12890625 0.4638671875 0.14453125
3 0.6240234375 0.115234375 0.599609375 0.1376953125 0.59375 0.1552734375 0.59375 0.2099609375 0.607421875 0.2353515625 0.6220703125 0.248046875 0.6669921875 0.265625 0.69140625 0.2646484375 0.7099609375 0.259765625 0.7421875 0.2216796875 0.744140625 0.1845703125 0.73828125 0.1591796875 0.7041015625 0.119140625 0.6884765625 0.111328125 0.6611328125 0.10546875 0.6240234375 0.115234375
3 0.5810546875 0.5 0.560546875 0.5224609375 0.548828125 0.5498046875 0.548828125 0.5712890625 0.55859375 0.5947265625 0.5849609375 0.6171875 0.611328125 0.6181640625 0.6337890625 0.611328125 0.6513671875 0.59765625 0.66796875 0.5654296875 0.666015625 0.5341796875 0.658203125 0.5166015625 0.6259765625 0.490234375 0.6005859375 0.490234375 0.5810546875 0.5
3 0.521484375 0.4912109375 0.55859375 0.4658203125 0.560546875 0.4501953125 0.5380859375 0.4296875 0.5126953125 0.42578125 0.4921875 0.4404296875 0.484375 0.4658203125 0.4970703125 0.48828125 0.521484375 0.4912109375
3 0.275390625 0.5322265625 0.2939453125 0.55859375 0.318359375 0.5595703125 0.34765625 0.5439453125 0.35546875 0.5302734375 0.35546875 0.5087890625 0.34765625 0.4892578125 0.3349609375 0.478515625 0.3017578125 0.4765625 0.27734375 0.4990234375 0.275390625 0.5322265625
3 0.03125 0.5166015625 0.0703125 0.4990234375 0.08203125 0.4599609375 0.0693359375 0.4453125 0.0244140625 0.4296875 0.001953125 0.4443359375 0.001953125 0.4931640625 0.0166015625 0.51171875 0.03125 0.5166015625
3 0.0244140625 0.4296875 0.001953125 0.4443359375 0.00390625 0.5009765625 0.033203125 0.5205078125 0.02734375 0.5322265625 0.029296875 0.5537109375 0.0439453125 0.564453125 0.064453125 0.5634765625 0.0849609375 0.5546875 0.095703125 0.5361328125 0.09375 0.5146484375 0.072265625 0.4990234375 0.08203125 0.4755859375 0.08203125 0.4580078125 0.0634765625 0.44140625 0.0244140625 0.4296875
3 0.8154296875 0.69921875 0.798828125 0.7158203125 0.787109375 0.7353515625 0.783203125 0.7587890625 0.7978515625 0.802734375 0.8154296875 0.8125 0.84375 0.8134765625 0.8876953125 0.8046875 0.908203125 0.7841796875 0.912109375 0.7685546875 0.912109375 0.7470703125 0.900390625 0.7236328125 0.8720703125 0.6953125 0.8466796875 0.689453125 0.8154296875 0.69921875
3 1 0.5458984375 0.9931640625 0.544921875 0.9619140625 0.5625 0.927734375 0.5947265625 0.91796875 0.6259765625 0.916015625 0.6650390625 0.9345703125 0.6875 0.9541015625 0.689453125 0.9814453125 0.716796875 1 0.7197265625 1 0.5458984375
3 0.810546875 0.2607421875 0.80859375 0.2880859375 0.814453125 0.3369140625 0.8408203125 0.3515625 0.8828125 0.3505859375 0.896484375 0.3427734375 0.90234375 0.3251953125 0.90234375 0.2861328125 0.896484375 0.2744140625 0.8642578125 0.240234375 0.8369140625 0.23828125 0.8193359375 0.24609375 0.810546875 0.2607421875
3 1 0.0029296875 0.9716796875 0.001953125 0.966796875 0.0361328125 0.98046875 0.0634765625 1 0.0830078125 1 0.0029296875
3 0.966796875 0.3251953125 0.974609375 0.3662109375 1 0.3935546875 0.9990234375 0.267578125 0.98046875 0.2880859375 0.966796875 0.3251953125
3 0.6435546875 1 0.779296875 0.9990234375 0.779296875 0.9755859375 0.76953125 0.9541015625 0.7490234375 0.9296875 0.7294921875 0.921875 0.6982421875 0.923828125 0.6708984375 0.935546875 0.64453125 0.9697265625 0.6435546875 1
3 0.7978515625 0.986328125 0.822265625 0.9873046875 0.845703125 0.9697265625 0.8515625 0.9443359375 0.8330078125 0.92578125 0.8076171875 0.921875 0.7939453125 0.9296875 0.787109375 0.9423828125 0.787109375 0.9677734375 0.7978515625 0.986328125