3 0.7578125 0.1943359375 0.75390625 0.2451171875 0.76953125 0.3017578125 0.8017578125 0.326171875 0.8564453125 0.3359375 0.9111328125 0.330078125 0.95703125 0.2958984375 0.98828125 0.2509765625 0.994140625 0.1318359375 0.990234375 0.0966796875 0.9560546875 0.05078125 0.912109375 0.0263671875 0.8759765625 0.025390625 0.8291015625 0.044921875 0.810546875 0.0615234375 0.78125 0.1162109375 0.7578125 0.1943359375
3 0.5693359375 0.265625 0.6064453125 0.283203125 0.6474609375 0.2890625 0.7060546875 0.2578125 0.7421875 0.2138671875 0.7578125 0.1787109375 0.779296875 0.0869140625 0.76953125 0.0380859375 0.75 0.0009765625 0.521484375 0.0009765625 0.501953125 0.0517578125 0.5 0.1416015625 0.529296875 0.2177734375 0.5693359375 0.265625
3 0.5576171875 0.390625 0.58203125 0.3642578125 0.58203125 0.3369140625 0.556640625 0.2978515625 0.5302734375 0.30078125 0.50390625 0.3408203125 0.505859375 0.3779296875 0.5166015625 0.390625 0.5576171875 0.390625
3 0.259765625 0.8994140625 0.265625 0.9130859375 0.2919921875 0.94921875 0.3310546875 0.962890625 0.3994140625 0.951171875 0.435546875 0.9189453125 0.44921875 0.8916015625 0.44921875 0.8173828125 0.4375 0.7919921875 0.4013671875 0.76171875 0.376953125 0.7548828125 0.3505859375 0.75390625 0.2919921875 0.78515625 0.27734375 0.8056640625 0.26171875 0.8466796875 0.259765625 0.8994140625
3 0.029296875 0.7314453125 0.0400390625 0.744140625 0.0810546875 0.7578125 0.1025390625 0.75390625 0.1220703125 0.7421875 0.1416015625 0.7109375 0.158203125 0.7080078125 0.166015625 0.6884765625 0.162109375 0.6591796875 0.146484375 0.6474609375 0.138671875 0.6240234375 0.10546875 0.5986328125 0.0537109375 0.6015625 0.0234375 0.6279296875 0.0078125 0.6552734375 0.009765625 0.6787109375 0.029296875 0.7314453125
3 0 0.2060546875 0.0087890625 0.2109375 0.0419921875 0.2109375 0.0869140625 0.197265625 0.111328125 0.1708984375 0.130859375 0.1162109375 0.130859375 0.1044921875 0.1171875 0.0888671875 0.115234375 0.0673828125 0.1064453125 0.0546875 0.0771484375 0.033203125 0.0556640625 0.03125 0.033203125 0.0205078125 0 0.0263671875 0 0.2060546875
3 0.7958984375 0.46484375 0.8115234375 0.47265625 0.8408203125 0.470703125 0.8623046875 0.4609375 0.88671875 0.4287109375 0.88671875 0.3916015625 0.8642578125 0.36328125 0.818359375 0.3583984375 0.7958984375 0.359375 0.765625 0.3837890625 0.76171875 0.4228515625 0.76953125 0.4423828125 0.7958984375 0.46484375
3 0.833984375 0.7451171875 0.83984375 0.7626953125 0.8603515625 0.783203125 0.8974609375 0.80078125 0.9482421875 0.794921875 0.9765625 0.7587890625 0.990234375 0.7236328125 0.9921875 0.6865234375 0.982421875 0.6513671875 0.9697265625 0.63671875 0.9560546875 0.634765625 0.931640625 0.6142578125 0.9150390625 0.61328125 0.8720703125 0.64453125 0.8505859375 0.65234375 0.83203125 0.6884765625 0.833984375 0.7451171875
3 0.62109375 0.9990234375 0.9111328125 1 0.921875 0.9521484375 0.90234375 0.9091796875 0.8740234375 0.89453125 0.8642578125 0.8828125 0.8408203125 0.875 0.81640625 0.8544921875 0.7236328125 0.85546875 0.6630859375 0.892578125 0.646484375 0.9091796875 0.626953125 0.9501953125 0.62109375 0.9990234375
3 1 0.3525390625 0.9775390625 0.357421875 0.9609375 0.3798828125 0.966796875 0.4130859375 0.9990234375 0.439453125 1 0.3525390625
3 0.7236328125 0.33203125 0.74609375 0.3212890625 0.748046875 0.2998046875 0.732421875 0.2861328125 0.7138671875 0.28515625 0.697265625 0.2978515625 0.6953125 0.3212890625 0.7021484375 0.330078125 0.7236328125 0.33203125