3 0.4755859375 0.048828125 0.5087890625 0.03515625 0.533203125 0.0009765625 0.4033203125 0 0.40234375 0.0166015625 0.4169921875 0.0390625 0.4326171875 0.046875 0.4755859375 0.048828125
3 1 0.4970703125 0.966796875 0.4912109375 0.9482421875 0.4921875 0.9296875 0.5048828125 0.91796875 0.5302734375 0.91796875 0.5615234375 0.9326171875 0.5859375 0.9755859375 0.59375 1 0.5732421875 1 0.4970703125
3 0.69921875 0.7255859375 0.7099609375 0.732421875 0.7294921875 0.734375 0.7548828125 0.7265625 0.8046875 0.6962890625 0.8125 0.6572265625 0.80859375 0.6318359375 0.7939453125 0.611328125 0.765625 0.5966796875 0.7236328125 0.603515625 0.705078125 0.6201171875 0.69140625 0.6474609375 0.69140625 0.7021484375 0.69921875 0.7255859375
3 0.5986328125 0.6328125 0.6357421875 0.6484375 0.662109375 0.6240234375 0.66796875 0.5634765625 0.6572265625 0.546875 0.62890625 0.5302734375 0.6142578125 0.529296875 0.583984375 0.5576171875 0.580078125 0.5927734375 0.587890625 0.6201171875 0.5986328125 0.6328125
3 0.7529296875 0.537109375 0.767578125 0.5166015625 0.763671875 0.4814453125 0.744140625 0.4736328125 0.7138671875 0.484375 0.705078125 0.5029296875 0.708984375 0.5302734375 0.7255859375 0.541015625 0.7529296875 0.537109375
3 0.55859375 0.4033203125 0.572265625 0.3681640625 0.564453125 0.3486328125 0.5546875 0.3447265625 0.5361328125 0.345703125 0.51171875 0.3720703125 0.505859375 0.4052734375 0.5146484375 0.419921875 0.55859375 0.4033203125
3 0.318359375 0.4775390625 0.318359375 0.5068359375 0.32421875 0.5166015625 0.3486328125 0.5390625 0.3642578125 0.544921875 0.3896484375 0.537109375 0.4091796875 0.521484375 0.443359375 0.4755859375 0.44140625 0.4521484375 0.427734375 0.4365234375 0.423828125 0.4208984375 0.3984375 0.4111328125 0.3837890625 0.41015625 0.3759765625 0.421875 0.3505859375 0.427734375 0.33203125 0.4638671875 0.318359375 0.4775390625
3 0.1376953125 0.80078125 0.1572265625 0.791015625 0.17578125 0.7587890625 0.16796875 0.7197265625 0.1328125 0.6865234375 0.0927734375 0.705078125 0.07421875 0.7333984375 0.087890625 0.7841796875 0.1123046875 0.802734375 0.1376953125 0.80078125
3 0.2685546875 0.826171875 0.287109375 0.8017578125 0.2890625 0.7744140625 0.283203125 0.7587890625 0.271484375 0.7490234375 0.2392578125 0.755859375 0.21875 0.7861328125 0.224609375 0.8154296875 0.2333984375 0.826171875 0.2685546875 0.826171875
3 0.1015625 0.6005859375 0.099609375 0.6435546875 0.123046875 0.6572265625 0.1220703125 0.66796875 0.1396484375 0.671875 0.1455078125 0.666015625 0.1689453125 0.666015625 0.208984375 0.6376953125 0.21875 0.6005859375 0.212890625 0.5673828125 0.201171875 0.5556640625 0.1884765625 0.564453125 0.1689453125 0.556640625 0.1513671875 0.55859375 0.1181640625 0.599609375 0.1015625 0.6005859375
3 0.1455078125 0.400390625 0.1826171875 0.376953125 0.197265625 0.3583984375 0.189453125 0.3232421875 0.19140625 0.3037109375 0.177734375 0.2861328125 0.1474609375 0.28515625 0.123046875 0.3095703125 0.11328125 0.3740234375 0.1220703125 0.38671875 0.1455078125 0.400390625
3 0.54296875 0.8271484375 0.556640625 0.7783203125 0.55078125 0.7431640625 0.537109375 0.7353515625 0.5009765625 0.73828125 0.4765625 0.7626953125 0.490234375 0.8056640625 0.5283203125 0.83984375 0.54296875 0.8271484375
3 0.4794921875 0.720703125 0.509765625 0.7001953125 0.521484375 0.6748046875 0.51953125 0.6552734375 0.5029296875 0.65625 0.486328125 0.6435546875 0.4638671875 0.64453125 0.443359375 0.6591796875 0.439453125 0.6923828125 0.4482421875 0.71484375 0.4794921875 0.720703125