3 0.0888671875 0.818359375 0.0654296875 0.806640625 0.0361328125 0.806640625 0.001953125 0.8330078125 0.001953125 0.9052734375 0.0244140625 0.92578125 0.0712890625 0.9296875 0.107421875 0.8994140625 0.1123046875 0.861328125 0.10546875 0.8388671875 0.0888671875 0.818359375
3 0.095703125 0.5224609375 0.0693359375 0.5 0.0361328125 0.49609375 0.0107421875 0.505859375 0.001953125 0.5166015625 0.001953125 0.5966796875 0.0205078125 0.61328125 0.0537109375 0.615234375 0.0830078125 0.60546875 0.103515625 0.5830078125 0.1064453125 0.55859375 0.095703125 0.5224609375
3 0.2392578125 0.5546875 0.263671875 0.5341796875 0.2734375 0.5126953125 0.2744140625 0.48828125 0.26953125 0.4619140625 0.2509765625 0.44140625 0.2197265625 0.4296875 0.1982421875 0.4296875 0.1591796875 0.44140625 0.138671875 0.4599609375 0.12890625 0.5009765625 0.14453125 0.5361328125 0.1669921875 0.55859375 0.1806640625 0.564453125 0.2138671875 0.564453125 0.2392578125 0.5546875
3 0.2353515625 0.392578125 0.248046875 0.3779296875 0.265625 0.3330078125 0.2646484375 0.30859375 0.259765625 0.2900390625 0.2216796875 0.2578125 0.1845703125 0.255859375 0.1591796875 0.26171875 0.119140625 0.2958984375 0.111328125 0.3115234375 0.10546875 0.3388671875 0.115234375 0.3759765625 0.1376953125 0.400390625 0.1552734375 0.40625 0.2099609375 0.40625 0.2353515625 0.392578125
3 0.5947265625 0.44140625 0.6171875 0.4150390625 0.6181640625 0.388671875 0.611328125 0.3662109375 0.59765625 0.3486328125 0.5654296875 0.33203125 0.5341796875 0.333984375 0.5166015625 0.341796875 0.490234375 0.3740234375 0.490234375 0.3994140625 0.5 0.4189453125 0.5224609375 0.439453125 0.5498046875 0.451171875 0.5712890625 0.451171875 0.5947265625 0.44140625
3 0.42578125 0.4873046875 0.4404296875 0.5078125 0.4658203125 0.515625 0.48828125 0.5029296875 0.4912109375 0.478515625 0.4658203125 0.44140625 0.4501953125 0.439453125 0.4296875 0.4619140625 0.42578125 0.4873046875
3 0.5302734375 0.64453125 0.5087890625 0.64453125 0.4892578125 0.65234375 0.478515625 0.6650390625 0.4765625 0.6982421875 0.4990234375 0.72265625 0.5322265625 0.724609375 0.55859375 0.7060546875 0.5595703125 0.681640625 0.5439453125 0.65234375 0.5302734375 0.64453125
3 0.4296875 0.9755859375 0.4443359375 0.998046875 0.4931640625 0.998046875 0.51171875 0.9833984375 0.5166015625 0.96875 0.4990234375 0.9296875 0.4599609375 0.91796875 0.4453125 0.9306640625 0.4296875 0.9755859375
3 0.5322265625 0.97265625 0.5537109375 0.970703125 0.564453125 0.9560546875 0.5634765625 0.935546875 0.5546875 0.9150390625 0.5361328125 0.904296875 0.5146484375 0.90625 0.4990234375 0.927734375 0.4755859375 0.91796875 0.4580078125 0.91796875 0.44140625 0.9365234375 0.4296875 0.9755859375 0.4443359375 0.998046875 0.5009765625 0.99609375 0.5205078125 0.966796875 0.5322265625 0.97265625
3 0.802734375 0.2021484375 0.8125 0.1845703125 0.8134765625 0.15625 0.8046875 0.1123046875 0.7841796875 0.091796875 0.7685546875 0.087890625 0.7470703125 0.087890625 0.7236328125 0.099609375 0.6953125 0.1279296875 0.689453125 0.1533203125 0.69921875 0.1845703125 0.7158203125 0.201171875 0.7353515625 0.212890625 0.7587890625 0.216796875 0.802734375 0.2021484375
3 0.5458984375 0 0.544921875 0.0068359375 0.5625 0.0380859375 0.5947265625 0.072265625 0.6259765625 0.08203125 0.6650390625 0.083984375 0.6875 0.0654296875 0.689453125 0.0458984375 0.716796875 0.0185546875 0.7197265625 0 0.5458984375 0
3 0.3505859375 0.1171875 0.3427734375 0.103515625 0.3251953125 0.09765625 0.2861328125 0.09765625 0.2744140625 0.103515625 0.240234375 0.1357421875 0.23828125 0.1630859375 0.24609375 0.1806640625 0.2607421875 0.189453125 0.2880859375 0.19140625 0.3369140625 0.185546875 0.3515625 0.1591796875 0.3505859375 0.1171875
3 0.0029296875 0 0.001953125 0.0283203125 0.0361328125 0.033203125 0.0634765625 0.01953125 0.0830078125 0 0.0029296875 0
3 0.2880859375 0.01953125 0.3251953125 0.033203125 0.3662109375 0.025390625 0.3935546875 0 0.267578125 0.0009765625 0.2880859375 0.01953125
3 0.9296875 0.2509765625 0.921875 0.2705078125 0.923828125 0.3017578125 0.935546875 0.3291015625 0.9697265625 0.35546875 1 0.3564453125 0.9990234375 0.220703125 0.9755859375 0.220703125 0.9541015625 0.23046875 0.9296875 0.2509765625
3 0.92578125 0.1669921875 0.921875 0.1923828125 0.9296875 0.2060546875 0.9423828125 0.212890625 0.9677734375 0.212890625 0.986328125 0.2021484375 0.9873046875 0.177734375 0.9697265625 0.154296875 0.9443359375 0.1484375 0.92578125 0.1669921875