3 0.658203125 0.2275390625 0.6748046875 0.244140625 0.701171875 0.2451171875 0.72265625 0.2353515625 0.72265625 0.1943359375 0.75 0.1650390625 0.7412109375 0.134765625 0.6826171875 0.154296875 0.654296875 0.1884765625 0.65234375 0.2119140625 0.658203125 0.2275390625
3 0.49609375 0.3310546875 0.5234375 0.3056640625 0.525390625 0.2861328125 0.5146484375 0.259765625 0.4775390625 0.25390625 0.4609375 0.2685546875 0.45703125 0.2939453125 0.4814453125 0.328125 0.49609375 0.3310546875
3 0.447265625 0.6884765625 0.458984375 0.7119140625 0.4853515625 0.73046875 0.525390625 0.7314453125 0.544921875 0.7041015625 0.546875 0.6728515625 0.5244140625 0.64453125 0.5087890625 0.63671875 0.4775390625 0.63671875 0.4658203125 0.642578125 0.447265625 0.6708984375 0.447265625 0.6884765625
3 0.130859375 0.3330078125 0.130859375 0.3642578125 0.146484375 0.4072265625 0.193359375 0.4130859375 0.2060546875 0.41015625 0.220703125 0.3935546875 0.228515625 0.3662109375 0.22265625 0.3388671875 0.1962890625 0.31640625 0.1611328125 0.31640625 0.1357421875 0.328125 0.130859375 0.3330078125
3 0 0.3837890625 0.0302734375 0.396484375 0.0546875 0.3955078125 0.07421875 0.3779296875 0.083984375 0.3544921875 0.076171875 0.2998046875 0.0419921875 0.271484375 0.0048828125 0.271484375 0 0.2744140625 0 0.3837890625
3 0.044921875 0.1787109375 0.048828125 0.1396484375 0.037109375 0.0966796875 0.0263671875 0.083984375 0.0009765625 0.078125 0 0.1923828125 0.01171875 0.1923828125 0.044921875 0.1787109375
3 0.14453125 0.8740234375 0.130859375 0.9072265625 0.134765625 0.9443359375 0.14453125 0.9677734375 0.1669921875 0.9921875 0.1826171875 1 0.24609375 0.9990234375 0.26953125 0.9775390625 0.27734375 0.9501953125 0.27734375 0.9267578125 0.263671875 0.8896484375 0.2373046875 0.861328125 0.2177734375 0.8515625 0.1669921875 0.85546875 0.14453125 0.8740234375
3 0 0.9814453125 0.0146484375 0.994140625 0.044921875 0.9951171875 0.0654296875 0.984375 0.076171875 0.9697265625 0.083984375 0.9423828125 0.080078125 0.9189453125 0.0537109375 0.884765625 0.0361328125 0.87890625 0.0048828125 0.880859375 0 0.8837890625 0 0.9814453125
3 0.6748046875 0.92578125 0.6376953125 0.9296875 0.615234375 0.9560546875 0.6162109375 1 0.720703125 0.9990234375 0.712890625 0.9619140625 0.6748046875 0.92578125
3 0.8193359375 0.830078125 0.8037109375 0.83203125 0.763671875 0.8623046875 0.76171875 0.9189453125 0.7734375 0.9482421875 0.798828125 0.9736328125 0.8017578125 0.986328125 0.837890625 0.9892578125 0.8623046875 0.9765625 0.8974609375 0.984375 0.90625 0.9736328125 0.908203125 0.9228515625 0.892578125 0.8798828125 0.8681640625 0.845703125 0.8349609375 0.83984375 0.8193359375 0.830078125
3 0.85546875 0.7080078125 0.8701171875 0.712890625 0.8837890625 0.734375 0.91796875 0.7431640625 0.951171875 0.7314453125 0.978515625 0.6767578125 0.962890625 0.6318359375 0.9423828125 0.603515625 0.9267578125 0.59765625 0.8818359375 0.60546875 0.84765625 0.6416015625 0.85546875 0.7080078125
3 0.7958984375 0.48046875 0.78125 0.5126953125 0.787109375 0.5224609375 0.77734375 0.5693359375 0.7919921875 0.599609375 0.818359375 0.6044921875 0.83984375 0.5888671875 0.849609375 0.5634765625 0.8359375 0.5283203125 0.8056640625 0.501953125 0.796875 0.5029296875 0.8046875 0.4990234375 0.8046875 0.4853515625 0.7958984375 0.48046875