3 0.986328125 0.9345703125 0.9560546875 0.8984375 0.947265625 0.8955078125 0.9033203125 0.900390625 0.857421875 0.9345703125 0.84375 0.9775390625 0.8583984375 1 0.9765625 0.9970703125 0.986328125 0.9736328125 0.986328125 0.9345703125
3 0.3095703125 0.748046875 0.3271484375 0.744140625 0.357421875 0.7255859375 0.361328125 0.7119140625 0.376953125 0.6943359375 0.37890625 0.6552734375 0.373046875 0.6396484375 0.3564453125 0.62109375 0.318359375 0.6064453125 0.2919921875 0.607421875 0.2685546875 0.6171875 0.240234375 0.6494140625 0.234375 0.6884765625 0.240234375 0.7119140625 0.2724609375 0.7421875 0.3095703125 0.748046875
3 0.1435546875 0.673828125 0.16015625 0.6611328125 0.17578125 0.6298828125 0.169921875 0.5927734375 0.1416015625 0.5625 0.103515625 0.5576171875 0.0908203125 0.55859375 0.076171875 0.5791015625 0.072265625 0.6318359375 0.078125 0.6455078125 0.0947265625 0.658203125 0.1279296875 0.673828125 0.1435546875 0.673828125
3 0.44140625 0.5634765625 0.5107421875 0.609375 0.5322265625 0.60546875 0.5751953125 0.583984375 0.591796875 0.5595703125 0.5703125 0.4931640625 0.5439453125 0.474609375 0.525390625 0.4716796875 0.5009765625 0.47265625 0.4638671875 0.4921875 0.4521484375 0.4921875 0.4375 0.5029296875 0.427734375 0.5244140625 0.431640625 0.5517578125 0.44140625 0.5634765625
3 0.4248046875 0.40234375 0.4384765625 0.396484375 0.462890625 0.3662109375 0.474609375 0.3349609375 0.474609375 0.2998046875 0.46484375 0.2802734375 0.43359375 0.2568359375 0.3779296875 0.259765625 0.326171875 0.3056640625 0.318359375 0.3349609375 0.3203125 0.3623046875 0.3525390625 0.3984375 0.3798828125 0.408203125 0.4248046875 0.40234375
3 0.7548828125 0.267578125 0.787109375 0.2490234375 0.802734375 0.2197265625 0.796875 0.1787109375 0.7763671875 0.16015625 0.759765625 0.1552734375 0.7392578125 0.15625 0.7177734375 0.169921875 0.7109375 0.1884765625 0.71484375 0.2373046875 0.72265625 0.2548828125 0.7333984375 0.263671875 0.7548828125 0.267578125
3 0.7939453125 0.685546875 0.8076171875 0.67578125 0.8212890625 0.677734375 0.8369140625 0.66796875 0.8681640625 0.66796875 0.869140625 0.6494140625 0.853515625 0.6376953125 0.841796875 0.6181640625 0.830078125 0.5791015625 0.791015625 0.5654296875 0.7529296875 0.5703125 0.71484375 0.6025390625 0.70703125 0.6318359375 0.724609375 0.6611328125 0.7490234375 0.681640625 0.7744140625 0.6875 0.7939453125 0.685546875
3 0.86328125 0.5126953125 0.869140625 0.4931640625 0.849609375 0.4638671875 0.8232421875 0.462890625 0.794921875 0.4794921875 0.7890625 0.5107421875 0.791015625 0.5224609375 0.8037109375 0.533203125 0.8466796875 0.53125 0.86328125 0.5126953125
3 0.6005859375 0.775390625 0.6337890625 0.783203125 0.63671875 0.7998046875 0.6494140625 0.806640625 0.662109375 0.8037109375 0.6533203125 0.796875 0.671875 0.7939453125 0.6748046875 0.78125 0.6943359375 0.787109375 0.7109375 0.7783203125 0.72265625 0.7255859375 0.720703125 0.6904296875 0.6865234375 0.650390625 0.666015625 0.6435546875 0.6416015625 0.642578125 0.6044921875 0.654296875 0.576171875 0.7001953125 0.5703125 0.7216796875 0.572265625 0.7431640625 0.591796875 0.7666015625 0.6005859375 0.775390625
3 0.9814453125 0.337890625 0.9970703125 0.328125 1 0.2646484375 0.9404296875 0.271484375 0.9150390625 0.28515625 0.912109375 0.2998046875 0.927734375 0.3291015625 0.9443359375 0.341796875 0.9560546875 0.341796875 0.9814453125 0.337890625
3 1 0.2626953125 0.986328125 0.2607421875 0.99609375 0.2529296875 0.99609375 0.2373046875 0.986328125 0.2138671875 0.9716796875 0.19921875 0.953125 0.1943359375 0.9345703125 0.1953125 0.912109375 0.2119140625 0.908203125 0.2412109375 0.9228515625 0.259765625 0.939453125 0.2685546875 0.919921875 0.2783203125 0.912109375 0.2998046875 0.9365234375 0.337890625 0.9658203125 0.341796875 1 0.3251953125 1 0.2626953125
3 1 0.6376953125 0.966796875 0.6728515625 0.958984375 0.7021484375 0.97265625 0.7314453125 0.9931640625 0.7421875 1 0.7412109375 1 0.6376953125