3 0.1533203125 0.69140625 0.1103515625 0.708984375 0.076171875 0.7412109375 0.056640625 0.7861328125 0.05078125 0.8388671875 0.06640625 0.8779296875 0.0947265625 0.91015625 0.1162109375 0.91796875 0.189453125 0.9189453125 0.2119140625 0.904296875 0.25390625 0.8564453125 0.265625 0.8232421875 0.265625 0.7841796875 0.255859375 0.7490234375 0.2255859375 0.716796875 0.1845703125 0.693359375 0.1533203125 0.69140625
3 0.2255859375 1 0.482421875 0.9990234375 0.45703125 0.9560546875 0.43359375 0.8935546875 0.3896484375 0.8671875 0.2939453125 0.8671875 0.24609375 0.8974609375 0.208984375 0.9560546875 0.208984375 0.9677734375 0.2255859375 1
3 0.455078125 0.9306640625 0.484375 0.9873046875 0.4970703125 1 0.580078125 0.9990234375 0.615234375 0.9345703125 0.60546875 0.9150390625 0.5615234375 0.876953125 0.5361328125 0.86328125 0.4970703125 0.861328125 0.4658203125 0.873046875 0.453125 0.9052734375 0.455078125 0.9306640625
3 0.74609375 0.9990234375 0.736328125 0.9541015625 0.7119140625 0.935546875 0.6826171875 0.927734375 0.6259765625 0.939453125 0.6015625 0.9638671875 0.587890625 0.9931640625 0.5888671875 1 0.74609375 0.9990234375
3 0.8232421875 0.818359375 0.85546875 0.8251953125 0.8662109375 0.8203125 0.8828125 0.7978515625 0.865234375 0.7470703125 0.8408203125 0.734375 0.8056640625 0.73828125 0.791015625 0.7568359375 0.796875 0.7900390625 0.8232421875 0.818359375
3 0.3623046875 0.775390625 0.404296875 0.7783203125 0.427734375 0.7529296875 0.42578125 0.7216796875 0.3955078125 0.6953125 0.3740234375 0.693359375 0.3583984375 0.69921875 0.341796875 0.7197265625 0.34375 0.7548828125 0.3623046875 0.775390625
3 0.5712890625 0.51953125 0.5625 0.5322265625 0.5546875 0.5810546875 0.5703125 0.6083984375 0.5927734375 0.626953125 0.62890625 0.6298828125 0.6494140625 0.623046875 0.662109375 0.6083984375 0.66796875 0.5908203125 0.666015625 0.5556640625 0.6279296875 0.517578125 0.6103515625 0.509765625 0.5888671875 0.509765625 0.5712890625 0.51953125
3 0.1494140625 0.359375 0.1796875 0.3642578125 0.1884765625 0.36328125 0.19921875 0.3466796875 0.201171875 0.2841796875 0.1904296875 0.263671875 0.1533203125 0.2578125 0.126953125 0.2783203125 0.125 0.3251953125 0.1494140625 0.359375
3 0.0380859375 0.037109375 0.001953125 0.0849609375 0 0.1572265625 0.013671875 0.1943359375 0.0380859375 0.21484375 0.1171875 0.2197265625 0.1572265625 0.19921875 0.189453125 0.1591796875 0.197265625 0.1279296875 0.1953125 0.0869140625 0.1591796875 0.0390625 0.1201171875 0.0234375 0.0595703125 0.02734375 0.0380859375 0.037109375
3 0.3740234375 0.07421875 0.40625 0.0732421875 0.4228515625 0.068359375 0.435546875 0.0556640625 0.455078125 0.0009765625 0.3486328125 0 0.341796875 0.0146484375 0.341796875 0.0498046875 0.349609375 0.0634765625 0.3740234375 0.07421875
3 0.76171875 0.0009765625 0.595703125 0.0009765625 0.6318359375 0.0390625 0.6650390625 0.05078125 0.708984375 0.0498046875 0.7431640625 0.03125 0.76171875 0.0009765625
3 1 0.0009765625 0.81640625 0.0009765625 0.8408203125 0.02734375 0.8720703125 0.046875 0.9033203125 0.0625 0.92578125 0.0634765625 0.9443359375 0.060546875 0.9619140625 0.048828125 1 0.0087890625 1 0.0009765625
3 0.759765625 0.0673828125 0.748046875 0.0966796875 0.75 0.1494140625 0.7783203125 0.189453125 0.8076171875 0.205078125 0.833984375 0.2060546875 0.8818359375 0.189453125 0.908203125 0.1708984375 0.916015625 0.1357421875 0.912109375 0.1044921875 0.8447265625 0.056640625 0.8154296875 0.05078125 0.7763671875 0.052734375 0.759765625 0.0673828125
3 0.6044921875 0.25390625 0.630859375 0.2568359375 0.6455078125 0.251953125 0.66015625 0.2373046875 0.662109375 0.2041015625 0.6435546875 0.181640625 0.5966796875 0.18359375 0.583984375 0.1962890625 0.591796875 0.2431640625 0.6044921875 0.25390625
3 0.408203125 0.1826171875 0.427734375 0.1572265625 0.42578125 0.1259765625 0.4072265625 0.111328125 0.3818359375 0.115234375 0.3671875 0.1337890625 0.3671875 0.1591796875 0.3876953125 0.18359375 0.408203125 0.1826171875
3 0.7509765625 0.2578125 0.712890625 0.2900390625 0.697265625 0.3369140625 0.701171875 0.3564453125 0.7333984375 0.400390625 0.7822265625 0.4140625 0.8046875 0.4130859375 0.8251953125 0.408203125 0.869140625 0.3642578125 0.876953125 0.3388671875 0.875 0.2998046875 0.8603515625 0.279296875 0.8310546875 0.259765625 0.7900390625 0.251953125 0.7509765625 0.2578125
3 0.8779296875 0.568359375 0.8408203125 0.58203125 0.822265625 0.5966796875 0.814453125 0.6123046875 0.828125 0.6513671875 0.8359375 0.7041015625 0.8525390625 0.720703125 0.875 0.7236328125 0.9130859375 0.71484375 0.9404296875 0.6953125 0.947265625 0.6845703125 0.951171875 0.6533203125 0.947265625 0.6123046875 0.9208984375 0.59765625 0.9052734375 0.576171875 0.8779296875 0.568359375
3 1 0.7216796875 0.9736328125 0.708984375 0.9462890625 0.705078125 0.9052734375 0.7265625 0.888671875 0.7431640625 0.884765625 0.7587890625 0.890625 0.7939453125 0.90234375 0.8173828125 0.9443359375 0.845703125 1 0.8486328125 1 0.7216796875
3 0.78515625 0.9072265625 0.798828125 0.9638671875 0.8193359375 1 1 0.9990234375 0.9990234375 0.966796875 0.9521484375 0.943359375 0.9130859375 0.9140625 0.8857421875 0.904296875 0.8623046875 0.884765625 0.8154296875 0.8828125 0.7939453125 0.89453125 0.78515625 0.9072265625
3 0.1796875 0.9990234375 0.181640625 0.9912109375 0.1494140625 0.962890625 0.1181640625 0.955078125 0.0908203125 0.9609375 0.078125 0.9755859375 0.072265625 0.9951171875 0.0732421875 1 0.1796875 0.9990234375