3 0.193359375 0.5439453125 0.193359375 0.6044921875 0.2294921875 0.6328125 0.2724609375 0.64453125 0.3115234375 0.642578125 0.3525390625 0.603515625 0.34765625 0.5869140625 0.31640625 0.5458984375 0.2861328125 0.5234375 0.2314453125 0.5234375 0.193359375 0.5439453125
3 0.14453125 0.6748046875 0.1484375 0.7255859375 0.1728515625 0.751953125 0.2216796875 0.771484375 0.2451171875 0.76953125 0.265625 0.7509765625 0.283203125 0.7216796875 0.2841796875 0.69921875 0.2744140625 0.677734375 0.2216796875 0.64453125 0.1728515625 0.646484375 0.1484375 0.6650390625 0.14453125 0.6748046875
3 0.4326171875 0.56640625 0.404296875 0.5986328125 0.396484375 0.6240234375 0.3984375 0.6513671875 0.4287109375 0.677734375 0.5068359375 0.67578125 0.537109375 0.6533203125 0.5419921875 0.640625 0.541015625 0.6083984375 0.53125 0.5888671875 0.5087890625 0.568359375 0.4814453125 0.55859375 0.4326171875 0.56640625
3 0.6005859375 0.419921875 0.5751953125 0.43359375 0.56640625 0.4462890625 0.55859375 0.4794921875 0.6005859375 0.5234375 0.6123046875 0.529296875 0.6474609375 0.529296875 0.66015625 0.5224609375 0.669921875 0.5048828125 0.6806640625 0.462890625 0.681640625 0.4501953125 0.6689453125 0.431640625 0.6455078125 0.41796875 0.6240234375 0.416015625 0.6005859375 0.419921875
3 0.365234375 0.4013671875 0.3876953125 0.419921875 0.4228515625 0.4375 0.4501953125 0.4375 0.48828125 0.4052734375 0.4970703125 0.380859375 0.4921875 0.3447265625 0.4423828125 0.302734375 0.376953125 0.3115234375 0.365234375 0.3408203125 0.365234375 0.4013671875
3 0.1689453125 0.169921875 0.1396484375 0.18359375 0.126953125 0.2021484375 0.125 0.2392578125 0.1328125 0.2587890625 0.1533203125 0.28515625 0.1826171875 0.30078125 0.2431640625 0.30078125 0.2734375 0.2783203125 0.2861328125 0.25 0.287109375 0.2255859375 0.267578125 0.1923828125 0.2294921875 0.177734375 0.2021484375 0.169921875 0.1689453125 0.169921875
3 0.16796875 0.0380859375 0.158203125 0.0576171875 0.1640625 0.0947265625 0.18359375 0.1240234375 0.18359375 0.1357421875 0.2041015625 0.150390625 0.2607421875 0.146484375 0.2841796875 0.13671875 0.30859375 0.1162109375 0.3154296875 0.08984375 0.31640625 0.0712890625 0.30078125 0.0361328125 0.2568359375 0.005859375 0.1982421875 0.01171875 0.16796875 0.0380859375
3 0.130859375 0.3564453125 0.12890625 0.3740234375 0.138671875 0.4013671875 0.1630859375 0.423828125 0.2041015625 0.427734375 0.2333984375 0.408203125 0.23046875 0.3701171875 0.2001953125 0.33984375 0.1630859375 0.33203125 0.1435546875 0.341796875 0.130859375 0.3564453125
3 0.185546875 0.4833984375 0.2001953125 0.50390625 0.2451171875 0.50390625 0.2705078125 0.486328125 0.267578125 0.4580078125 0.2470703125 0.439453125 0.2041015625 0.439453125 0.18359375 0.4599609375 0.185546875 0.4833984375
3 0.390625 0.7685546875 0.4091796875 0.78515625 0.4267578125 0.78515625 0.4541015625 0.7734375 0.4716796875 0.7578125 0.46484375 0.7314453125 0.4345703125 0.716796875 0.4033203125 0.71875 0.384765625 0.7373046875 0.390625 0.7685546875
3 0.6171875 0.7275390625 0.6455078125 0.75390625 0.6591796875 0.75 0.6845703125 0.724609375 0.68359375 0.7080078125 0.6630859375 0.689453125 0.6337890625 0.689453125 0.615234375 0.7099609375 0.6171875 0.7275390625
3 0.7158203125 0.453125 0.7060546875 0.458984375 0.6875 0.4873046875 0.685546875 0.5166015625 0.693359375 0.5380859375 0.7275390625 0.564453125 0.7841796875 0.55859375 0.80078125 0.5458984375 0.8115234375 0.525390625 0.8125 0.5146484375 0.794921875 0.5107421875 0.7705078125 0.470703125 0.7333984375 0.455078125 0.7158203125 0.453125
3 0.9267578125 0.05859375 0.8779296875 0.0546875 0.84375 0.0927734375 0.841796875 0.1357421875 0.8603515625 0.16015625 0.8955078125 0.177734375 0.9423828125 0.177734375 0.9677734375 0.15234375 0.9873046875 0.14453125 0.98828125 0.1337890625 0.98046875 0.1259765625 0.970703125 0.0908203125 0.9560546875 0.07421875 0.9267578125 0.05859375
3 0.822265625 0.4404296875 0.8447265625 0.474609375 0.8818359375 0.478515625 0.8994140625 0.4609375 0.8984375 0.4306640625 0.8779296875 0.412109375 0.8427734375 0.41015625 0.828125 0.4208984375 0.822265625 0.4404296875
3 0.8017578125 0.865234375 0.783203125 0.8837890625 0.76953125 0.9111328125 0.779296875 0.9482421875 0.7900390625 0.9609375 0.81640625 0.9716796875 0.814453125 0.9833984375 0.8212890625 0.99609375 0.8525390625 0.994140625 0.8857421875 0.970703125 0.9208984375 0.921875 0.9150390625 0.904296875 0.8935546875 0.900390625 0.8759765625 0.87890625 0.8232421875 0.865234375 0.8017578125 0.865234375
3 0.9990234375 1 1 0.9482421875 0.9716796875 0.939453125 0.9501953125 0.94140625 0.9287109375 0.955078125 0.91015625 0.9912109375 0.9111328125 1 0.9990234375 1
3 0.6591796875 1 0.66015625 0.9892578125 0.6416015625 0.96875 0.5830078125 0.94921875 0.5732421875 0.93359375 0.5458984375 0.931640625 0.51953125 0.9482421875 0.517578125 0.9619140625 0.529296875 0.9775390625 0.5322265625 1 0.6591796875 1
3 0.0146484375 0.3828125 0.0234375 0.3740234375 0.0302734375 0.349609375 0.03125 0.3330078125 0.015625 0.2998046875 0.0009765625 0.29296875 0.0009765625 0.3828125 0.0146484375 0.3828125
3 0 0.6708984375 0.0009765625 0.806640625 0.0400390625 0.82421875 0.0947265625 0.82421875 0.1328125 0.7998046875 0.1435546875 0.775390625 0.142578125 0.7490234375 0.123046875 0.7138671875 0.0849609375 0.67578125 0.0341796875 0.666015625 0 0.6708984375