3 0.001953125 0.3603515625 0.00390625 0.5341796875 0.0537109375 0.55078125 0.119140625 0.5556640625 0.1494140625 0.552734375 0.18359375 0.5244140625 0.185546875 0.4794921875 0.177734375 0.4111328125 0.16796875 0.3779296875 0.1494140625 0.353515625 0.1103515625 0.333984375 0.0634765625 0.328125 0.0263671875 0.33984375 0.001953125 0.3603515625
3 0.1123046875 0.564453125 0.0087890625 0.544921875 0.001953125 0.5517578125 0.001953125 0.9150390625 0.0078125 0.9208984375 0.0634765625 0.892578125 0.0888671875 0.865234375 0.1181640625 0.849609375 0.138671875 0.8291015625 0.158203125 0.7978515625 0.16015625 0.7607421875 0.177734375 0.7255859375 0.169921875 0.6376953125 0.142578125 0.5830078125 0.1123046875 0.564453125
3 0.09765625 0.9384765625 0.1103515625 0.953125 0.1376953125 0.96484375 0.166015625 0.9638671875 0.1826171875 0.958984375 0.21484375 0.9326171875 0.248046875 0.8779296875 0.25 0.8388671875 0.23828125 0.8056640625 0.2119140625 0.7890625 0.1767578125 0.80078125 0.103515625 0.8857421875 0.09375 0.9052734375 0.09765625 0.9384765625
3 0.328125 0.8369140625 0.3408203125 0.83203125 0.357421875 0.8115234375 0.361328125 0.7646484375 0.3486328125 0.748046875 0.3369140625 0.744140625 0.2958984375 0.748046875 0.279296875 0.7724609375 0.279296875 0.8134765625 0.3017578125 0.8359375 0.328125 0.8369140625
3 0.18359375 0.4033203125 0.19140625 0.4970703125 0.2119140625 0.517578125 0.2421875 0.5185546875 0.2548828125 0.513671875 0.275390625 0.4912109375 0.2890625 0.4599609375 0.287109375 0.4462890625 0.271484375 0.4072265625 0.2548828125 0.388671875 0.2451171875 0.3828125 0.2138671875 0.380859375 0.1943359375 0.388671875 0.18359375 0.4033203125
3 0.072265625 0.1435546875 0.07421875 0.1767578125 0.1064453125 0.22265625 0.1552734375 0.25 0.18359375 0.2509765625 0.2060546875 0.240234375 0.236328125 0.2001953125 0.2421875 0.1611328125 0.234375 0.1201171875 0.22265625 0.0986328125 0.1943359375 0.0703125 0.1337890625 0.068359375 0.1025390625 0.087890625 0.08203125 0.1123046875 0.072265625 0.1435546875
3 0.25390625 0.2919921875 0.25390625 0.3447265625 0.267578125 0.3740234375 0.2919921875 0.400390625 0.3271484375 0.421875 0.3515625 0.4228515625 0.3779296875 0.412109375 0.392578125 0.3955078125 0.40234375 0.3681640625 0.400390625 0.3310546875 0.3828125 0.2958984375 0.3486328125 0.2578125 0.3251953125 0.248046875 0.2998046875 0.248046875 0.2802734375 0.259765625 0.25390625 0.2919921875
3 0.3515625 0.4892578125 0.3310546875 0.470703125 0.3134765625 0.470703125 0.294921875 0.4873046875 0.2890625 0.5185546875 0.3017578125 0.53515625 0.326171875 0.5380859375 0.34765625 0.5224609375 0.3515625 0.4892578125
3 0.359375 0.0810546875 0.3828125 0.0458984375 0.3994140625 0 0.248046875 0.0009765625 0.244140625 0.0341796875 0.25390625 0.0732421875 0.2763671875 0.09375 0.3095703125 0.107421875 0.32421875 0.1064453125 0.359375 0.0810546875
3 0.640625 0.1064453125 0.6572265625 0.09765625 0.681640625 0.0712890625 0.70703125 0.0205078125 0.7080078125 0 0.5234375 0.0009765625 0.521484375 0.0205078125 0.529296875 0.0478515625 0.5595703125 0.0859375 0.6025390625 0.107421875 0.640625 0.1064453125
3 0.83203125 0.1396484375 0.8017578125 0.09375 0.7763671875 0.08984375 0.755859375 0.1083984375 0.751953125 0.1591796875 0.7705078125 0.185546875 0.80859375 0.1904296875 0.83203125 0.1669921875 0.83203125 0.1396484375
3 0.884765625 0.1181640625 0.9189453125 0.1015625 0.939453125 0.0712890625 0.943359375 0.0283203125 0.9296875 0.0029296875 0.8037109375 0 0.796875 0.0498046875 0.810546875 0.0791015625 0.8447265625 0.111328125 0.8642578125 0.119140625 0.884765625 0.1181640625
3 0.380859375 0.9775390625 0.373046875 0.9970703125 0.4765625 0.9990234375 0.466796875 0.9716796875 0.4423828125 0.955078125 0.3955078125 0.96484375 0.380859375 0.9775390625
3 0.61328125 0.9580078125 0.611328125 0.9287109375 0.5966796875 0.90625 0.5810546875 0.90625 0.5439453125 0.927734375 0.5234375 0.9482421875 0.51171875 0.9677734375 0.505859375 0.9990234375 0.59765625 0.9990234375 0.61328125 0.9580078125
3 0.76171875 0.9521484375 0.7529296875 0.9296875 0.7353515625 0.919921875 0.7060546875 0.91796875 0.677734375 0.9365234375 0.671875 0.9482421875 0.673828125 0.9736328125 0.6884765625 1 0.7578125 0.9990234375 0.76171875 0.9521484375
3 0.998046875 0.8798828125 0.9462890625 0.849609375 0.9267578125 0.84375 0.8955078125 0.845703125 0.8447265625 0.8671875 0.802734375 0.9072265625 0.78515625 0.9326171875 0.7880859375 1 1 0.9990234375 0.998046875 0.8798828125