3 0.892578125 0.8994140625 0.9287109375 0.9296875 0.9755859375 0.92578125 0.998046875 0.9052734375 0.998046875 0.8330078125 0.9638671875 0.806640625 0.9345703125 0.806640625 0.9111328125 0.818359375 0.89453125 0.8388671875 0.8876953125 0.861328125 0.892578125 0.8994140625
3 0.9169921875 0.60546875 0.9462890625 0.615234375 0.9794921875 0.61328125 0.998046875 0.5966796875 0.998046875 0.5166015625 0.9892578125 0.505859375 0.9638671875 0.49609375 0.9306640625 0.5 0.904296875 0.5224609375 0.8935546875 0.55859375 0.896484375 0.5830078125 0.9169921875 0.60546875
3 0.8330078125 0.55859375 0.85546875 0.5361328125 0.87109375 0.5009765625 0.861328125 0.4599609375 0.8408203125 0.44140625 0.8017578125 0.4296875 0.7802734375 0.4296875 0.7490234375 0.44140625 0.73046875 0.4619140625 0.7255859375 0.48828125 0.7265625 0.5126953125 0.736328125 0.5341796875 0.7607421875 0.5546875 0.7861328125 0.564453125 0.8193359375 0.564453125 0.8330078125 0.55859375
3 0.8623046875 0.400390625 0.884765625 0.3759765625 0.89453125 0.3388671875 0.888671875 0.3115234375 0.880859375 0.2958984375 0.8408203125 0.26171875 0.8154296875 0.255859375 0.7783203125 0.2578125 0.740234375 0.2900390625 0.7353515625 0.30859375 0.734375 0.3330078125 0.751953125 0.3779296875 0.7646484375 0.392578125 0.7900390625 0.40625 0.8447265625 0.40625 0.8623046875 0.400390625
3 0.4775390625 0.439453125 0.5 0.4189453125 0.509765625 0.3994140625 0.509765625 0.3740234375 0.4833984375 0.341796875 0.4658203125 0.333984375 0.4345703125 0.33203125 0.40234375 0.3486328125 0.388671875 0.3662109375 0.3818359375 0.388671875 0.3828125 0.4150390625 0.4052734375 0.44140625 0.4287109375 0.451171875 0.4501953125 0.451171875 0.4775390625 0.439453125
3 0.5341796875 0.44140625 0.5087890625 0.478515625 0.51171875 0.5029296875 0.5341796875 0.515625 0.5595703125 0.5078125 0.57421875 0.4873046875 0.5703125 0.4619140625 0.5498046875 0.439453125 0.5341796875 0.44140625
3 0.44140625 0.7060546875 0.4677734375 0.724609375 0.5009765625 0.72265625 0.5234375 0.6982421875 0.521484375 0.6650390625 0.5107421875 0.65234375 0.4912109375 0.64453125 0.4697265625 0.64453125 0.4560546875 0.65234375 0.4404296875 0.681640625 0.44140625 0.7060546875
3 0.5009765625 0.9296875 0.4833984375 0.96875 0.48828125 0.9833984375 0.5068359375 0.998046875 0.5556640625 0.998046875 0.5703125 0.9755859375 0.5546875 0.9306640625 0.5400390625 0.91796875 0.5009765625 0.9296875
3 0.5556640625 0.998046875 0.5703125 0.9755859375 0.55859375 0.9365234375 0.5419921875 0.91796875 0.5244140625 0.91796875 0.5009765625 0.927734375 0.4853515625 0.90625 0.4638671875 0.904296875 0.4453125 0.9150390625 0.4365234375 0.935546875 0.435546875 0.9560546875 0.4462890625 0.970703125 0.4677734375 0.97265625 0.4794921875 0.966796875 0.4990234375 0.99609375 0.5556640625 0.998046875
3 0.2841796875 0.201171875 0.30078125 0.1845703125 0.310546875 0.1533203125 0.3046875 0.1279296875 0.2763671875 0.099609375 0.2529296875 0.087890625 0.2314453125 0.087890625 0.2158203125 0.091796875 0.1953125 0.1123046875 0.1865234375 0.15625 0.1875 0.1845703125 0.197265625 0.2021484375 0.2412109375 0.216796875 0.2646484375 0.212890625 0.2841796875 0.201171875
3 0.2802734375 0 0.283203125 0.0185546875 0.310546875 0.0458984375 0.3125 0.0654296875 0.3349609375 0.083984375 0.3740234375 0.08203125 0.4052734375 0.072265625 0.4375 0.0380859375 0.455078125 0.0068359375 0.4541015625 0 0.2802734375 0
3 0.7119140625 0.19140625 0.7392578125 0.189453125 0.75390625 0.1806640625 0.76171875 0.1630859375 0.759765625 0.1357421875 0.7255859375 0.103515625 0.7138671875 0.09765625 0.6748046875 0.09765625 0.6572265625 0.103515625 0.6494140625 0.1171875 0.6484375 0.1591796875 0.6630859375 0.185546875 0.7119140625 0.19140625
3 0.9169921875 0 0.9365234375 0.01953125 0.9638671875 0.033203125 0.998046875 0.0283203125 0.9970703125 0 0.9169921875 0
3 0.6337890625 0.025390625 0.6748046875 0.033203125 0.7119140625 0.01953125 0.732421875 0.0009765625 0.6064453125 0 0.6337890625 0.025390625
3 0.0009765625 0.220703125 0 0.3564453125 0.0302734375 0.35546875 0.064453125 0.3291015625 0.076171875 0.3017578125 0.078125 0.2705078125 0.0703125 0.2509765625 0.0458984375 0.23046875 0.0244140625 0.220703125 0.0009765625 0.220703125
3 0.0126953125 0.177734375 0.013671875 0.2021484375 0.0322265625 0.212890625 0.0576171875 0.212890625 0.0703125 0.2060546875 0.078125 0.1923828125 0.07421875 0.1669921875 0.0556640625 0.1484375 0.0302734375 0.154296875 0.0126953125 0.177734375