3 0.12109375 0.5595703125 0.109375 0.5947265625 0.111328125 0.6298828125 0.1337890625 0.66015625 0.1787109375 0.6875 0.248046875 0.6904296875 0.28515625 0.6591796875 0.29296875 0.5244140625 0.2822265625 0.5078125 0.2490234375 0.486328125 0.2138671875 0.4765625 0.1650390625 0.48046875 0.126953125 0.5146484375 0.12109375 0.5595703125
3 0 0.5947265625 0.0078125 0.6181640625 0.0244140625 0.6328125 0.0625 0.6357421875 0.0771484375 0.62890625 0.095703125 0.6064453125 0.111328125 0.5537109375 0.103515625 0.5244140625 0.0888671875 0.509765625 0.0458984375 0.50390625 0.0283203125 0.51171875 0.009765625 0.5302734375 0 0.5556640625 0 0.5947265625
3 0 0.3662109375 0.02734375 0.3662109375 0.0595703125 0.3515625 0.080078125 0.3271484375 0.091796875 0.2978515625 0.091796875 0.2587890625 0.06640625 0.1982421875 0.0341796875 0.171875 0.0009765625 0.162109375 0 0.3662109375
3 0 0.9443359375 0.1337890625 0.98828125 0.181640625 0.9912109375 0.2080078125 0.98046875 0.236328125 0.9521484375 0.25390625 0.8994140625 0.251953125 0.8291015625 0.224609375 0.7802734375 0.1806640625 0.748046875 0.1337890625 0.734375 0.1025390625 0.734375 0.0751953125 0.7421875 0.029296875 0.7763671875 0 0.8232421875 0 0.9443359375
3 0.3349609375 0.8125 0.310546875 0.8291015625 0.291015625 0.8603515625 0.294921875 0.9228515625 0.3125 0.9521484375 0.3310546875 0.966796875 0.3447265625 0.97265625 0.37890625 0.9716796875 0.4072265625 0.95703125 0.431640625 0.9287109375 0.4375 0.9091796875 0.43359375 0.8681640625 0.423828125 0.8466796875 0.3994140625 0.82421875 0.3681640625 0.8125 0.3349609375 0.8125
3 0.36328125 0.6943359375 0.36328125 0.7431640625 0.3818359375 0.76953125 0.4130859375 0.787109375 0.470703125 0.7880859375 0.48828125 0.7783203125 0.515625 0.7373046875 0.5078125 0.6767578125 0.4931640625 0.662109375 0.4677734375 0.654296875 0.4365234375 0.658203125 0.4033203125 0.669921875 0.36328125 0.6943359375
3 0.3271484375 0.505859375 0.3125 0.5224609375 0.29296875 0.5810546875 0.29296875 0.6181640625 0.310546875 0.6552734375 0.3310546875 0.671875 0.369140625 0.6748046875 0.4443359375 0.646484375 0.458984375 0.6318359375 0.462890625 0.6181640625 0.453125 0.5771484375 0.4296875 0.5283203125 0.3955078125 0.49609375 0.3544921875 0.49609375 0.3271484375 0.505859375
3 0.390625 0.4853515625 0.4013671875 0.484375 0.40625 0.4775390625 0.404296875 0.4521484375 0.3974609375 0.4453125 0.3720703125 0.439453125 0.33984375 0.4560546875 0.3408203125 0.482421875 0.390625 0.4853515625
3 0.44921875 0.4755859375 0.44140625 0.4912109375 0.44140625 0.5244140625 0.45703125 0.5693359375 0.4853515625 0.595703125 0.5185546875 0.60546875 0.537109375 0.6044921875 0.560546875 0.5830078125 0.5859375 0.5341796875 0.591796875 0.5009765625 0.587890625 0.4833984375 0.5634765625 0.455078125 0.5185546875 0.439453125 0.4853515625 0.44921875 0.44921875 0.4755859375
3 0.5029296875 0.212890625 0.474609375 0.2412109375 0.458984375 0.2666015625 0.458984375 0.2900390625 0.4814453125 0.32421875 0.5185546875 0.33984375 0.55078125 0.3408203125 0.5791015625 0.33203125 0.59765625 0.3154296875 0.609375 0.2919921875 0.611328125 0.2646484375 0.5927734375 0.232421875 0.5498046875 0.205078125 0.5302734375 0.203125 0.5029296875 0.212890625
3 0.4365234375 0.23046875 0.4453125 0.2314453125 0.4677734375 0.220703125 0.484375 0.2001953125 0.48046875 0.1630859375 0.4580078125 0.1484375 0.4365234375 0.15234375 0.412109375 0.1806640625 0.416015625 0.2080078125 0.4365234375 0.23046875
3 0.44921875 0.0283203125 0.455078125 0.0029296875 0.3837890625 0.001953125 0.37890625 0.0126953125 0.3828125 0.0302734375 0.4052734375 0.046875 0.421875 0.0458984375 0.44921875 0.0283203125
3 0.59375 0.1708984375 0.603515625 0.1904296875 0.6240234375 0.208984375 0.666015625 0.2138671875 0.693359375 0.1982421875 0.705078125 0.1494140625 0.6845703125 0.12109375 0.6513671875 0.109375 0.6318359375 0.109375 0.6123046875 0.119140625 0.595703125 0.1376953125 0.59375 0.1708984375
3 0.740234375 0.2802734375 0.732421875 0.3251953125 0.7607421875 0.36328125 0.7763671875 0.369140625 0.806640625 0.3681640625 0.8291015625 0.35546875 0.845703125 0.3349609375 0.853515625 0.3134765625 0.853515625 0.2802734375 0.8466796875 0.263671875 0.7998046875 0.251953125 0.7744140625 0.251953125 0.740234375 0.2802734375
3 0.685546875 0.6474609375 0.7021484375 0.666015625 0.7421875 0.6669921875 0.7587890625 0.662109375 0.767578125 0.6494140625 0.7734375 0.6142578125 0.765625 0.5986328125 0.7392578125 0.57421875 0.7216796875 0.57421875 0.693359375 0.6064453125 0.685546875 0.6474609375
3 0.705078125 0.4501953125 0.72265625 0.4365234375 0.724609375 0.4267578125 0.7119140625 0.408203125 0.6943359375 0.404296875 0.6796875 0.4150390625 0.677734375 0.4345703125 0.6884765625 0.447265625 0.705078125 0.4501953125
3 1 0.3505859375 0.9677734375 0.353515625 0.9365234375 0.345703125 0.9150390625 0.3515625 0.90625 0.3623046875 0.90625 0.3779296875 0.916015625 0.3974609375 0.9140625 0.4208984375 0.921875 0.4365234375 0.9423828125 0.453125 1 0.4580078125 1 0.3505859375
3 0.76171875 0.0712890625 0.8056640625 0.052734375 0.830078125 0.0283203125 0.837890625 0.0048828125 0.671875 0.0048828125 0.689453125 0.0419921875 0.7099609375 0.060546875 0.7314453125 0.0703125 0.76171875 0.0712890625
3 0.77734375 0.1572265625 0.78125 0.1904296875 0.7919921875 0.20703125 0.833984375 0.2099609375 0.8515625 0.2001953125 0.87109375 0.1455078125 0.8671875 0.1220703125 0.8447265625 0.103515625 0.8232421875 0.10546875 0.7900390625 0.119140625 0.78125 0.1318359375 0.77734375 0.1572265625
3 0.94140625 0.0302734375 0.94921875 0.0048828125 0.8779296875 0.001953125 0.875 0.0185546875 0.8828125 0.0341796875 0.8994140625 0.048828125 0.916015625 0.0478515625 0.94140625 0.0302734375
3 0.68359375 0.3056640625 0.69921875 0.2939453125 0.705078125 0.2666015625 0.6923828125 0.251953125 0.6767578125 0.25 0.66015625 0.2646484375 0.658203125 0.2822265625 0.6708984375 0.302734375 0.68359375 0.3056640625