3 0.0810546875 0.736328125 0.0986328125 0.76953125 0.1396484375 0.787109375 0.1689453125 0.783203125 0.189453125 0.7705078125 0.1953125 0.7275390625 0.1708984375 0.69921875 0.1123046875 0.6796875 0.0859375 0.7041015625 0.080078125 0.7158203125 0.0810546875 0.736328125
3 0.3232421875 0.87890625 0.3359375 0.9052734375 0.3779296875 0.93359375 0.4150390625 0.931640625 0.4375 0.9013671875 0.435546875 0.8740234375 0.4091796875 0.84765625 0.3896484375 0.837890625 0.3447265625 0.83984375 0.326171875 0.8583984375 0.3232421875 0.87890625
3 0.4912109375 0.638671875 0.49609375 0.6630859375 0.5361328125 0.685546875 0.5751953125 0.68359375 0.59375 0.6611328125 0.58984375 0.6220703125 0.5673828125 0.599609375 0.5322265625 0.58984375 0.5166015625 0.58984375 0.5 0.6005859375 0.4912109375 0.638671875
3 0.447265625 0.4111328125 0.453125 0.4267578125 0.4453125 0.4345703125 0.4423828125 0.466796875 0.453125 0.4912109375 0.4892578125 0.521484375 0.5263671875 0.529296875 0.572265625 0.5283203125 0.564453125 0.4521484375 0.5380859375 0.427734375 0.5087890625 0.421875 0.4716796875 0.3984375 0.4521484375 0.400390625 0.447265625 0.4111328125
3 0.435546875 0.3076171875 0.42578125 0.3291015625 0.4267578125 0.349609375 0.43359375 0.3662109375 0.4462890625 0.376953125 0.4833984375 0.390625 0.5283203125 0.384765625 0.548828125 0.3662109375 0.5390625 0.3369140625 0.5107421875 0.30859375 0.4794921875 0.29296875 0.4599609375 0.29296875 0.435546875 0.3076171875
3 0.2763671875 0.232421875 0.263671875 0.2470703125 0.2587890625 0.265625 0.26171875 0.2841796875 0.2705078125 0.29296875 0.3056640625 0.310546875 0.3408203125 0.30859375 0.35546875 0.2841796875 0.35546875 0.2646484375 0.34375 0.2451171875 0.3310546875 0.234375 0.3056640625 0.2265625 0.2763671875 0.232421875
3 0.2802734375 0.521484375 0.3134765625 0.529296875 0.3369140625 0.5234375 0.349609375 0.5029296875 0.3359375 0.4619140625 0.3095703125 0.443359375 0.2880859375 0.443359375 0.2568359375 0.4609375 0.2548828125 0.490234375 0.2802734375 0.521484375
3 0.2314453125 0.68359375 0.2275390625 0.697265625 0.232421875 0.7333984375 0.2578125 0.7568359375 0.2666015625 0.779296875 0.2724609375 0.779296875 0.279296875 0.7666015625 0.330078125 0.7216796875 0.3046875 0.6826171875 0.2841796875 0.673828125 0.2509765625 0.673828125 0.2314453125 0.68359375
3 0.91796875 0.2822265625 0.9404296875 0.30078125 0.9697265625 0.30078125 0.9892578125 0.291015625 0.998046875 0.2783203125 0.9921875 0.2373046875 0.9638671875 0.224609375 0.9287109375 0.2265625 0.9091796875 0.263671875 0.91796875 0.2822265625
3 0.634765625 0.0341796875 0.6298828125 0.091796875 0.6396484375 0.09375 0.6474609375 0.0859375 0.6572265625 0.0859375 0.6728515625 0.09765625 0.7099609375 0.091796875 0.724609375 0.0810546875 0.724609375 0.0537109375 0.6865234375 0.021484375 0.6455078125 0.01953125 0.634765625 0.0341796875
3 0.5263671875 0 0.517578125 0.0146484375 0.5166015625 0.048828125 0.5341796875 0.0703125 0.5693359375 0.076171875 0.578125 0.0712890625 0.58984375 0.0478515625 0.591796875 0.0302734375 0.5634765625 0 0.5263671875 0
3 0.6494140625 0.31640625 0.65625 0.3349609375 0.6689453125 0.34765625 0.6865234375 0.35546875 0.7080078125 0.35546875 0.7265625 0.3388671875 0.73046875 0.3056640625 0.7021484375 0.27734375 0.6630859375 0.2734375 0.6484375 0.2900390625 0.6494140625 0.31640625
3 0.8798828125 0.787109375 0.88671875 0.8017578125 0.9130859375 0.82421875 0.9580078125 0.830078125 0.97265625 0.8154296875 0.9765625 0.7763671875 0.9482421875 0.744140625 0.9150390625 0.73828125 0.8955078125 0.744140625 0.8828125 0.7568359375 0.8798828125 0.787109375
3 0.9990234375 0.498046875 0.9853515625 0.5 0.9609375 0.5185546875 0.951171875 0.5400390625 0.9501953125 0.560546875 0.9755859375 0.58984375 1 0.5986328125 0.9990234375 0.498046875