3 0.5634765625 0.359375 0.59375 0.4208984375 0.6162109375 0.4453125 0.6474609375 0.455078125 0.7314453125 0.44921875 0.765625 0.4248046875 0.796875 0.3779296875 0.80859375 0.3271484375 0.80859375 0.2939453125 0.796875 0.2548828125 0.7822265625 0.23828125 0.7333984375 0.20703125 0.7060546875 0.201171875 0.6533203125 0.20703125 0.59765625 0.2587890625 0.576171875 0.2900390625 0.564453125 0.3193359375 0.5634765625 0.359375
3 0.8408203125 0.431640625 0.8671875 0.4775390625 0.9111328125 0.501953125 0.9580078125 0.505859375 0.9990234375 0.48828125 1 0.2919921875 0.9443359375 0.279296875 0.9091796875 0.287109375 0.8779296875 0.306640625 0.8671875 0.3173828125 0.8515625 0.3564453125 0.83984375 0.4033203125 0.8408203125 0.431640625
3 0.8525390625 0.701171875 0.853515625 0.7236328125 0.869140625 0.7607421875 0.912109375 0.8173828125 0.9580078125 0.8515625 0.9990234375 0.859375 0.9990234375 0.5390625 0.9423828125 0.55859375 0.890625 0.5986328125 0.861328125 0.6435546875 0.8525390625 0.701171875
3 0.7587890625 1 0.76171875 0.9912109375 0.7578125 0.9580078125 0.744140625 0.9326171875 0.7060546875 0.908203125 0.6513671875 0.9140625 0.619140625 0.9560546875 0.6181640625 0.98828125 0.6201171875 1 0.7587890625 1
3 0.5556640625 1 0.556640625 0.9951171875 0.5361328125 0.970703125 0.5107421875 0.95703125 0.4541015625 0.953125 0.3955078125 0.966796875 0.3544921875 1 0.5556640625 1
3 0.8017578125 0.876953125 0.8173828125 0.892578125 0.8408203125 0.892578125 0.859375 0.8818359375 0.861328125 0.8642578125 0.8427734375 0.83984375 0.8115234375 0.83984375 0.80078125 0.8564453125 0.8017578125 0.876953125
3 0.4892578125 0.419921875 0.5068359375 0.443359375 0.5283203125 0.4453125 0.546875 0.4326171875 0.548828125 0.4052734375 0.5361328125 0.384765625 0.5126953125 0.3828125 0.494140625 0.3994140625 0.4892578125 0.419921875
3 0.3232421875 0.291015625 0.33203125 0.3232421875 0.3603515625 0.357421875 0.3876953125 0.375 0.4248046875 0.37890625 0.4599609375 0.3671875 0.50390625 0.3330078125 0.521484375 0.3056640625 0.5234375 0.2724609375 0.51171875 0.2255859375 0.4892578125 0.1953125 0.4384765625 0.18359375 0.3876953125 0.185546875 0.3623046875 0.193359375 0.3359375 0.2177734375 0.32421875 0.2490234375 0.3232421875 0.291015625
3 0.3291015625 0.03125 0.33203125 0.0498046875 0.35546875 0.0732421875 0.3671875 0.1064453125 0.3818359375 0.125 0.4228515625 0.146484375 0.4521484375 0.150390625 0.4970703125 0.142578125 0.5703125 0.0927734375 0.578125 0.0751953125 0.5859375 0.0009765625 0.3291015625 0 0.3291015625 0.03125
3 0.0009765625 0.42578125 0.0458984375 0.43359375 0.0947265625 0.427734375 0.1318359375 0.40234375 0.142578125 0.3857421875 0.146484375 0.3466796875 0.13671875 0.3056640625 0.126953125 0.2900390625 0.11328125 0.2822265625 0.0966796875 0.25390625 0.0595703125 0.234375 0 0.2333984375 0.0009765625 0.42578125
3 0.0009765625 0.69921875 0.0380859375 0.71484375 0.0927734375 0.708984375 0.138671875 0.6708984375 0.1640625 0.6142578125 0.1640625 0.6025390625 0.1591796875 0.59375 0.14453125 0.5888671875 0.126953125 0.5556640625 0.1044921875 0.533203125 0.0673828125 0.5234375 0 0.5322265625 0.0009765625 0.69921875
3 0.3291015625 0 0.3291015625 0.037109375 0.330078125 0.0478515625 0.35546875 0.0732421875 0.375 0.1162109375 0.3857421875 0.126953125 0.4326171875 0.1484375 0.4912109375 0.14453125 0.5517578125 0.109375 0.5771484375 0.08203125 0.6279296875 0.080078125 0.640625 0.0654296875 0.640625 0.0498046875 0.623046875 0.0126953125 0.6142578125 0.00390625 0.5908203125 0 0.3291015625 0