3 0.3671875 0.4951171875 0.36328125 0.5283203125 0.3828125 0.5830078125 0.4072265625 0.615234375 0.4306640625 0.625 0.4912109375 0.6171875 0.51171875 0.5673828125 0.5126953125 0.55078125 0.505859375 0.4951171875 0.4814453125 0.431640625 0.4580078125 0.427734375 0.4365234375 0.439453125 0.3955078125 0.443359375 0.38671875 0.4521484375 0.3671875 0.4951171875
3 0.443359375 0.7021484375 0.431640625 0.7353515625 0.43359375 0.7705078125 0.44921875 0.7998046875 0.4755859375 0.82421875 0.5341796875 0.82421875 0.5654296875 0.8046875 0.5810546875 0.78125 0.58203125 0.7587890625 0.57421875 0.7431640625 0.5400390625 0.701171875 0.5087890625 0.677734375 0.4677734375 0.681640625 0.443359375 0.7021484375
3 0.15625 0.2158203125 0.154296875 0.2802734375 0.16796875 0.3115234375 0.2060546875 0.33984375 0.2509765625 0.34765625 0.2822265625 0.33984375 0.30859375 0.3232421875 0.3232421875 0.283203125 0.318359375 0.2509765625 0.30078125 0.2216796875 0.2626953125 0.193359375 0.2021484375 0.19140625 0.15625 0.2158203125
3 0 0.9267578125 0.0498046875 0.9765625 0.0927734375 0.99609375 0.1220703125 0.99609375 0.1416015625 0.98828125 0.16015625 0.9599609375 0.166015625 0.9033203125 0.203125 0.8759765625 0.2177734375 0.84375 0.20703125 0.8056640625 0.1630859375 0.7578125 0.0654296875 0.689453125 0.0244140625 0.673828125 0 0.6728515625 0 0.9267578125
3 0.3369140625 1 0.3408203125 0.98828125 0.330078125 0.9169921875 0.2880859375 0.880859375 0.2392578125 0.87890625 0.1806640625 0.90625 0.173828125 0.9150390625 0.1708984375 1 0.3369140625 1
3 0.5380859375 1 0.5166015625 0.970703125 0.4697265625 0.935546875 0.4384765625 0.921875 0.3837890625 0.92578125 0.36328125 0.9404296875 0.357421875 0.9560546875 0.3623046875 1 0.5380859375 1
3 0.8046875 0.5458984375 0.80859375 0.6005859375 0.8427734375 0.634765625 0.8681640625 0.6484375 0.9091796875 0.6484375 0.9326171875 0.6328125 0.943359375 0.6181640625 0.9462890625 0.58984375 0.947265625 0.5732421875 0.9296875 0.5322265625 0.8876953125 0.501953125 0.8564453125 0.5 0.8369140625 0.5078125 0.814453125 0.5263671875 0.8046875 0.5458984375
3 0.9326171875 0.19921875 0.904296875 0.2275390625 0.890625 0.2607421875 0.890625 0.2939453125 0.904296875 0.3330078125 0.9267578125 0.357421875 0.9638671875 0.37890625 0.9990234375 0.380859375 1 0.1923828125 0.9619140625 0.189453125 0.9326171875 0.19921875
3 0.9990234375 0.65234375 1 0.5517578125 0.9951171875 0.55078125 0.9775390625 0.5546875 0.966796875 0.5673828125 0.962890625 0.6044921875 0.97265625 0.6318359375 0.9990234375 0.65234375
3 0.2978515625 0.404296875 0.2734375 0.4287109375 0.2734375 0.4501953125 0.28515625 0.4716796875 0.3212890625 0.49609375 0.3330078125 0.49609375 0.3515625 0.4814453125 0.3603515625 0.453125 0.359375 0.4326171875 0.3291015625 0.40625 0.2978515625 0.404296875
3 0 0.1181640625 0.0048828125 0.123046875 0.0322265625 0.138671875 0.0537109375 0.126953125 0.0673828125 0.10546875 0.0625 0.0732421875 0.0458984375 0.0546875 0.0263671875 0.04296875 0 0.0458984375 0 0.1181640625
3 0.1015625 0.1748046875 0.0869140625 0.162109375 0.0654296875 0.16015625 0.05078125 0.1689453125 0.05078125 0.1943359375 0.0634765625 0.205078125 0.0869140625 0.20703125 0.1025390625 0.193359375 0.1015625 0.1748046875
3 0.1826171875 0.0859375 0.1650390625 0.08984375 0.154296875 0.1005859375 0.1484375 0.1279296875 0.1669921875 0.154296875 0.1982421875 0.16015625 0.22265625 0.1435546875 0.2294921875 0.123046875 0.224609375 0.1044921875 0.2099609375 0.08984375 0.1826171875 0.0859375