3 0.0009765625 0.404296875 0 0.5908203125 0.0107421875 0.591796875 0.0498046875 0.576171875 0.0859375 0.5458984375 0.09765625 0.5087890625 0.099609375 0.4658203125 0.0859375 0.4345703125 0.0615234375 0.408203125 0.0009765625 0.404296875
3 0.28125 0.5849609375 0.306640625 0.5419921875 0.310546875 0.5087890625 0.296875 0.4775390625 0.2724609375 0.45703125 0.2431640625 0.447265625 0.2119140625 0.447265625 0.1982421875 0.453125 0.173828125 0.4814453125 0.1552734375 0.5390625 0.162109375 0.5908203125 0.1728515625 0.6015625 0.1904296875 0.607421875 0.2314453125 0.607421875 0.28125 0.5849609375
3 0.337890625 0.4111328125 0.349609375 0.3876953125 0.349609375 0.3603515625 0.33984375 0.3388671875 0.3134765625 0.310546875 0.2861328125 0.298828125 0.2568359375 0.30078125 0.2373046875 0.310546875 0.22265625 0.3291015625 0.2197265625 0.34765625 0.2265625 0.3974609375 0.2451171875 0.41796875 0.2666015625 0.4296875 0.2958984375 0.43359375 0.3232421875 0.423828125 0.337890625 0.4111328125
3 0.2666015625 0 0.267578125 0.0341796875 0.283203125 0.0654296875 0.3310546875 0.099609375 0.3681640625 0.09765625 0.3955078125 0.0859375 0.416015625 0.0654296875 0.431640625 0.0361328125 0.4306640625 0 0.2666015625 0
3 0.4208984375 0.693359375 0.4287109375 0.70703125 0.4833984375 0.70703125 0.509765625 0.6806640625 0.513671875 0.6005859375 0.4775390625 0.55859375 0.4423828125 0.55859375 0.4033203125 0.576171875 0.392578125 0.5849609375 0.3857421875 0.607421875 0.384765625 0.6240234375 0.3984375 0.6533203125 0.396484375 0.6767578125 0.4052734375 0.689453125 0.4208984375 0.693359375
3 0.7353515625 1 0.736328125 0.9755859375 0.724609375 0.9306640625 0.705078125 0.8916015625 0.6767578125 0.865234375 0.6181640625 0.837890625 0.5595703125 0.828125 0.5029296875 0.845703125 0.4609375 0.8779296875 0.439453125 0.9150390625 0.4287109375 0.98828125 0.4306640625 1 0.7353515625 1
3 0.3857421875 0.9609375 0.3232421875 0.951171875 0.2900390625 0.958984375 0.2392578125 0.99609375 0.4052734375 1 0.40625 0.9833984375 0.3857421875 0.9609375
3 0.6865234375 0.77734375 0.71484375 0.7255859375 0.71484375 0.6923828125 0.705078125 0.6650390625 0.6904296875 0.6484375 0.6650390625 0.638671875 0.6220703125 0.638671875 0.5869140625 0.6484375 0.572265625 0.6611328125 0.5498046875 0.705078125 0.55078125 0.7314453125 0.57421875 0.7646484375 0.6181640625 0.791015625 0.6533203125 0.791015625 0.6865234375 0.77734375
3 0.8232421875 0.962890625 0.8388671875 0.962890625 0.8759765625 0.94921875 0.8828125 0.9345703125 0.90625 0.9130859375 0.908203125 0.8818359375 0.8984375 0.8525390625 0.8544921875 0.8203125 0.8154296875 0.8203125 0.7626953125 0.857421875 0.767578125 0.9248046875 0.7783203125 0.939453125 0.8232421875 0.962890625
3 0.876953125 0.7861328125 0.8828125 0.8037109375 0.923828125 0.8701171875 0.9501953125 0.88671875 0.9990234375 0.900390625 0.9990234375 0.626953125 0.9541015625 0.6484375 0.904296875 0.6943359375 0.888671875 0.7158203125 0.8779296875 0.755859375 0.876953125 0.7861328125
3 0.849609375 0.6474609375 0.8701171875 0.666015625 0.8896484375 0.671875 0.9130859375 0.66796875 0.9423828125 0.6484375 0.96484375 0.6240234375 0.958984375 0.5927734375 0.9423828125 0.58203125 0.9013671875 0.583984375 0.8505859375 0.609375 0.859375 0.6220703125 0.849609375 0.6474609375
3 0.9140625 0.3447265625 0.9072265625 0.3671875 0.908203125 0.4150390625 0.927734375 0.4521484375 0.9580078125 0.478515625 0.9990234375 0.490234375 1 0.3115234375 0.9384765625 0.3203125 0.9140625 0.3447265625
3 0.689453125 0.3466796875 0.7177734375 0.3828125 0.7509765625 0.376953125 0.76953125 0.3623046875 0.78125 0.3173828125 0.7646484375 0.287109375 0.7392578125 0.27734375 0.7119140625 0.275390625 0.689453125 0.2939453125 0.6865234375 0.3046875 0.689453125 0.3466796875
3 0.6162109375 0.044921875 0.5966796875 0.07421875 0.595703125 0.0966796875 0.6181640625 0.12109375 0.6455078125 0.12109375 0.666015625 0.1005859375 0.662109375 0.0595703125 0.6455078125 0.046875 0.6162109375 0.044921875
3 0.541015625 0.4990234375 0.5615234375 0.533203125 0.6025390625 0.525390625 0.638671875 0.4951171875 0.640625 0.4326171875 0.6142578125 0.42578125 0.6005859375 0.43359375 0.5595703125 0.439453125 0.55078125 0.4462890625 0.5419921875 0.47265625 0.541015625 0.4990234375
3 0.2900390625 0.88671875 0.3427734375 0.890625 0.3759765625 0.875 0.40234375 0.8466796875 0.404296875 0.7783203125 0.3642578125 0.74609375 0.3173828125 0.740234375 0.2783203125 0.75390625 0.2353515625 0.78125 0.2236328125 0.796875 0.224609375 0.8427734375 0.2587890625 0.873046875 0.2900390625 0.88671875