3 0.810546875 0.0810546875 0.7880859375 0.095703125 0.74609375 0.1435546875 0.734375 0.1767578125 0.734375 0.2158203125 0.744140625 0.2509765625 0.7744140625 0.283203125 0.8154296875 0.306640625 0.8466796875 0.30859375 0.8896484375 0.291015625 0.923828125 0.2587890625 0.943359375 0.2138671875 0.94921875 0.1611328125 0.93359375 0.1220703125 0.9052734375 0.08984375 0.8837890625 0.08203125 0.810546875 0.0810546875
3 0.517578125 0.0009765625 0.54296875 0.0439453125 0.56640625 0.1064453125 0.6103515625 0.1328125 0.7060546875 0.1328125 0.75390625 0.1025390625 0.791015625 0.0439453125 0.791015625 0.0322265625 0.7744140625 0 0.517578125 0.0009765625
3 0.419921875 0.0009765625 0.384765625 0.0654296875 0.39453125 0.0849609375 0.4384765625 0.123046875 0.4638671875 0.13671875 0.5029296875 0.138671875 0.5341796875 0.126953125 0.546875 0.0947265625 0.544921875 0.0693359375 0.515625 0.0126953125 0.5029296875 0 0.419921875 0.0009765625
3 0.25390625 0.0009765625 0.263671875 0.0458984375 0.2880859375 0.064453125 0.3173828125 0.072265625 0.3740234375 0.060546875 0.3984375 0.0361328125 0.412109375 0.0068359375 0.4111328125 0 0.25390625 0.0009765625
3 0.14453125 0.1748046875 0.1337890625 0.1796875 0.1171875 0.2021484375 0.134765625 0.2529296875 0.1591796875 0.265625 0.1943359375 0.26171875 0.208984375 0.2431640625 0.203125 0.2099609375 0.1767578125 0.181640625 0.14453125 0.1748046875
3 0.595703125 0.2216796875 0.572265625 0.2470703125 0.57421875 0.2783203125 0.6044921875 0.3046875 0.6259765625 0.306640625 0.6416015625 0.30078125 0.658203125 0.2802734375 0.65625 0.2451171875 0.6376953125 0.224609375 0.595703125 0.2216796875
3 0.37109375 0.3701171875 0.3505859375 0.376953125 0.337890625 0.3916015625 0.33203125 0.4091796875 0.333984375 0.4443359375 0.3720703125 0.482421875 0.3896484375 0.490234375 0.4111328125 0.490234375 0.4287109375 0.48046875 0.4375 0.4677734375 0.4453125 0.4189453125 0.4296875 0.3916015625 0.4072265625 0.373046875 0.37109375 0.3701171875
3 0.8203125 0.6357421875 0.8115234375 0.63671875 0.80078125 0.6533203125 0.798828125 0.7158203125 0.8095703125 0.736328125 0.8466796875 0.7421875 0.873046875 0.7216796875 0.875 0.6748046875 0.8505859375 0.640625 0.8203125 0.6357421875
3 0.8828125 0.7802734375 0.8427734375 0.80078125 0.810546875 0.8408203125 0.802734375 0.8720703125 0.8046875 0.9130859375 0.8408203125 0.9609375 0.8798828125 0.9765625 0.9404296875 0.97265625 0.9619140625 0.962890625 0.998046875 0.9150390625 1 0.8427734375 0.986328125 0.8056640625 0.9619140625 0.78515625 0.8828125 0.7802734375
3 0.59375 0.9267578125 0.5771484375 0.931640625 0.564453125 0.9443359375 0.544921875 0.9990234375 0.6513671875 1 0.658203125 0.9853515625 0.658203125 0.9501953125 0.650390625 0.9365234375 0.6259765625 0.92578125 0.59375 0.9267578125
3 0.291015625 0.9501953125 0.2568359375 0.96875 0.23828125 0.9990234375 0.404296875 0.9990234375 0.3681640625 0.9609375 0.3349609375 0.94921875 0.291015625 0.9501953125
3 0 0.9990234375 0.18359375 0.9990234375 0.1591796875 0.97265625 0.1279296875 0.953125 0.0966796875 0.9375 0.07421875 0.9365234375 0.0556640625 0.939453125 0.0380859375 0.951171875 0 0.9912109375 0 0.9990234375
3 0.166015625 0.7939453125 0.1181640625 0.810546875 0.091796875 0.8291015625 0.083984375 0.8642578125 0.087890625 0.8955078125 0.1552734375 0.943359375 0.1845703125 0.94921875 0.2236328125 0.947265625 0.240234375 0.9326171875 0.251953125 0.9033203125 0.25 0.8505859375 0.2216796875 0.810546875 0.1923828125 0.794921875 0.166015625 0.7939453125
3 0.369140625 0.7431640625 0.3544921875 0.748046875 0.33984375 0.7626953125 0.337890625 0.7958984375 0.3564453125 0.818359375 0.4033203125 0.81640625 0.416015625 0.8037109375 0.408203125 0.7568359375 0.3955078125 0.74609375 0.369140625 0.7431640625
3 0.591796875 0.8173828125 0.572265625 0.8427734375 0.57421875 0.8740234375 0.5927734375 0.888671875 0.6181640625 0.884765625 0.6328125 0.8662109375 0.6328125 0.8408203125 0.6123046875 0.81640625 0.591796875 0.8173828125
3 0.1953125 0.5869140625 0.1748046875 0.591796875 0.130859375 0.6357421875 0.123046875 0.6611328125 0.125 0.7001953125 0.1396484375 0.720703125 0.1689453125 0.740234375 0.2099609375 0.748046875 0.2490234375 0.7421875 0.287109375 0.7099609375 0.302734375 0.6630859375 0.298828125 0.6435546875 0.2666015625 0.599609375 0.2177734375 0.5859375 0.1953125 0.5869140625
3 0.125 0.2763671875 0.0869140625 0.28515625 0.0595703125 0.3046875 0.052734375 0.3154296875 0.048828125 0.3466796875 0.052734375 0.3876953125 0.0791015625 0.40234375 0.0947265625 0.423828125 0.1220703125 0.431640625 0.1591796875 0.41796875 0.177734375 0.4033203125 0.185546875 0.3876953125 0.171875 0.3486328125 0.1640625 0.2958984375 0.1474609375 0.279296875 0.125 0.2763671875
3 0 0.2783203125 0.0263671875 0.291015625 0.0537109375 0.294921875 0.0947265625 0.2734375 0.111328125 0.2568359375 0.115234375 0.2412109375 0.109375 0.2060546875 0.09765625 0.1826171875 0.0556640625 0.154296875 0 0.1513671875 0 0.2783203125
3 0 0.0009765625 0.0009765625 0.033203125 0.0478515625 0.056640625 0.0869140625 0.0859375 0.1142578125 0.095703125 0.1376953125 0.115234375 0.1845703125 0.1171875 0.2060546875 0.10546875 0.21484375 0.0927734375 0.201171875 0.0361328125 0.1806640625 0 0 0.0009765625
3 0.8203125 0.0009765625 0.818359375 0.0087890625 0.8505859375 0.037109375 0.8818359375 0.044921875 0.9091796875 0.0390625 0.921875 0.0244140625 0.927734375 0.0048828125 0.9267578125 0 0.8203125 0.0009765625