3 0.3603515625 0.05078125 0.3740234375 0.05859375 0.3994140625 0.06640625 0.4384765625 0.06640625 0.48046875 0.0419921875 0.482421875 0.0009765625 0.3291015625 0 0.328125 0.0126953125 0.3603515625 0.05078125
3 0.76953125 0.3564453125 0.7998046875 0.376953125 0.8349609375 0.369140625 0.84765625 0.3544921875 0.853515625 0.3349609375 0.849609375 0.3076171875 0.8330078125 0.2890625 0.818359375 0.2841796875 0.7861328125 0.2890625 0.765625 0.3173828125 0.76953125 0.3564453125
3 0.681640625 0.5458984375 0.7001953125 0.564453125 0.7431640625 0.57421875 0.763671875 0.5576171875 0.771484375 0.5419921875 0.771484375 0.5205078125 0.7568359375 0.5 0.7421875 0.4951171875 0.7158203125 0.49609375 0.685546875 0.5205078125 0.681640625 0.5458984375
3 0.6796875 0.7138671875 0.6640625 0.7470703125 0.673828125 0.7861328125 0.70703125 0.8193359375 0.7255859375 0.84765625 0.7529296875 0.86328125 0.7724609375 0.861328125 0.8271484375 0.828125 0.865234375 0.7880859375 0.83203125 0.7001953125 0.8154296875 0.685546875 0.78125 0.6787109375 0.7412109375 0.677734375 0.7060546875 0.6875 0.6796875 0.7138671875
3 0.7734375 0.6044921875 0.7880859375 0.625 0.8056640625 0.6328125 0.8291015625 0.6328125 0.84765625 0.6162109375 0.84765625 0.5888671875 0.8349609375 0.5703125 0.81640625 0.5615234375 0.8017578125 0.5625 0.783203125 0.5751953125 0.7734375 0.6044921875
3 0.869140625 0.4853515625 0.87109375 0.5126953125 0.88671875 0.5361328125 0.9072265625 0.55078125 0.9560546875 0.548828125 0.982421875 0.5244140625 0.98046875 0.4912109375 0.9482421875 0.451171875 0.916015625 0.4404296875 0.8935546875 0.4453125 0.876953125 0.4638671875 0.869140625 0.4853515625
3 0.962890625 0.4462890625 0.9990234375 0.48828125 1 0.3388671875 0.9609375 0.3681640625 0.951171875 0.3955078125 0.962890625 0.4462890625
3 0.8671875 0.7431640625 0.876953125 0.7783203125 0.8916015625 0.791015625 0.9501953125 0.79296875 0.962890625 0.7646484375 0.958984375 0.7373046875 0.9443359375 0.71484375 0.90625 0.7001953125 0.8857421875 0.701171875 0.8671875 0.7138671875 0.8671875 0.7431640625
3 0.8359375 0.8701171875 0.830078125 0.8935546875 0.8359375 0.9033203125 0.8544921875 0.912109375 0.8818359375 0.9140625 0.9267578125 0.8828125 0.94140625 0.8662109375 0.95703125 0.8310546875 0.955078125 0.7998046875 0.9169921875 0.798828125 0.8701171875 0.8203125 0.8359375 0.8701171875
3 0.68359375 0.9951171875 0.7841796875 0.998046875 0.783203125 0.9736328125 0.7705078125 0.9609375 0.751953125 0.9541015625 0.7080078125 0.95703125 0.6875 0.9755859375 0.68359375 0.9951171875
3 0.486328125 0.9951171875 0.5068359375 1 0.6181640625 0.998046875 0.62109375 0.9912109375 0.609375 0.9658203125 0.5966796875 0.953125 0.56640625 0.9423828125 0.5126953125 0.955078125 0.490234375 0.9794921875 0.486328125 0.9951171875
3 1 0.8642578125 0.96875 0.8916015625 0.951171875 0.9228515625 0.951171875 0.9501953125 0.9609375 0.9755859375 0.9912109375 0.998046875 1 0.9970703125 1 0.8642578125
3 0.1220703125 0.302734375 0.103515625 0.3212890625 0.091796875 0.3505859375 0.091796875 0.3798828125 0.099609375 0.3994140625 0.1220703125 0.4140625 0.1416015625 0.41015625 0.1796875 0.3798828125 0.2119140625 0.337890625 0.2470703125 0.3203125 0.2900390625 0.30859375 0.3203125 0.2783203125 0.3203125 0.2705078125 0.2890625 0.2626953125 0.2021484375 0.267578125 0.1552734375 0.283203125 0.1220703125 0.302734375