3 0.345703125 0.8115234375 0.34765625 0.7880859375 0.341796875 0.7724609375 0.3251953125 0.755859375 0.298828125 0.7548828125 0.27734375 0.7646484375 0.27734375 0.8056640625 0.25 0.8349609375 0.2587890625 0.865234375 0.3173828125 0.845703125 0.345703125 0.8115234375
3 0.50390625 0.6689453125 0.4765625 0.6943359375 0.474609375 0.7138671875 0.4853515625 0.740234375 0.5224609375 0.74609375 0.5390625 0.7314453125 0.54296875 0.7060546875 0.5185546875 0.671875 0.50390625 0.6689453125
3 0.5224609375 0.36328125 0.5341796875 0.357421875 0.552734375 0.3291015625 0.552734375 0.3115234375 0.541015625 0.2880859375 0.5146484375 0.26953125 0.474609375 0.2685546875 0.455078125 0.2958984375 0.453125 0.3271484375 0.4755859375 0.35546875 0.4912109375 0.36328125 0.5224609375 0.36328125
3 0.8037109375 0.68359375 0.8388671875 0.68359375 0.8642578125 0.671875 0.869140625 0.6669921875 0.869140625 0.6357421875 0.853515625 0.5927734375 0.806640625 0.5869140625 0.7939453125 0.58984375 0.779296875 0.6064453125 0.771484375 0.6337890625 0.77734375 0.6611328125 0.8037109375 0.68359375
3 1 0.6162109375 0.9697265625 0.603515625 0.9453125 0.6044921875 0.92578125 0.6220703125 0.916015625 0.6455078125 0.923828125 0.7001953125 0.9580078125 0.728515625 0.9951171875 0.728515625 1 0.7255859375 1 0.6162109375
3 0.951171875 0.8603515625 0.962890625 0.9033203125 0.9736328125 0.916015625 0.9990234375 0.921875 1 0.8076171875 0.98828125 0.8076171875 0.955078125 0.8212890625 0.951171875 0.8603515625
3 0.72265625 0.0498046875 0.72265625 0.0732421875 0.736328125 0.1103515625 0.7626953125 0.138671875 0.7822265625 0.1484375 0.8330078125 0.14453125 0.85546875 0.1259765625 0.869140625 0.0927734375 0.865234375 0.0556640625 0.85546875 0.0322265625 0.8330078125 0.0078125 0.8173828125 0 0.75390625 0.0009765625 0.73046875 0.0224609375 0.72265625 0.0498046875
3 1 0.0185546875 0.9853515625 0.005859375 0.955078125 0.0048828125 0.9345703125 0.015625 0.923828125 0.0302734375 0.916015625 0.0576171875 0.919921875 0.0810546875 0.9462890625 0.115234375 0.9638671875 0.12109375 0.9951171875 0.119140625 1 0.1162109375 1 0.0185546875
3 0.384765625 0.0439453125 0.3837890625 0 0.279296875 0.0009765625 0.287109375 0.0380859375 0.3251953125 0.07421875 0.3623046875 0.0703125 0.384765625 0.0439453125
3 0.1376953125 0.0234375 0.1025390625 0.015625 0.09375 0.0263671875 0.091796875 0.0771484375 0.107421875 0.1201171875 0.1318359375 0.154296875 0.1650390625 0.16015625 0.1806640625 0.169921875 0.1962890625 0.16796875 0.236328125 0.1376953125 0.23828125 0.0810546875 0.2265625 0.0517578125 0.201171875 0.0263671875 0.1982421875 0.013671875 0.162109375 0.0107421875 0.1376953125 0.0234375
3 0.0732421875 0.40234375 0.1181640625 0.39453125 0.15234375 0.3583984375 0.14453125 0.2919921875 0.1298828125 0.287109375 0.1162109375 0.265625 0.08203125 0.2568359375 0.048828125 0.2685546875 0.021484375 0.3232421875 0.037109375 0.3681640625 0.0576171875 0.396484375 0.0732421875 0.40234375
3 0.1640625 0.4716796875 0.1943359375 0.498046875 0.203125 0.4970703125 0.1953125 0.5009765625 0.1953125 0.5146484375 0.2041015625 0.51953125 0.21875 0.4873046875 0.212890625 0.4775390625 0.22265625 0.4306640625 0.2080078125 0.400390625 0.181640625 0.3955078125 0.16015625 0.4111328125 0.150390625 0.4365234375 0.1640625 0.4716796875