3 0.4052734375 1 0.423828125 0.9912109375 0.462890625 0.9267578125 0.4765625 0.8876953125 0.470703125 0.8388671875 0.44921875 0.8037109375 0.4287109375 0.783203125 0.4013671875 0.771484375 0.3779296875 0.771484375 0.3408203125 0.77734375 0.310546875 0.7939453125 0.28515625 0.8427734375 0.287109375 0.9287109375 0.279296875 0.9541015625 0.2802734375 0.994140625 0.2822265625 1 0.4052734375 1
3 0.166015625 0.4853515625 0.154296875 0.5068359375 0.1513671875 0.5546875 0.158203125 0.5791015625 0.1728515625 0.595703125 0.1982421875 0.603515625 0.2236328125 0.6015625 0.2373046875 0.595703125 0.255859375 0.5732421875 0.263671875 0.5244140625 0.259765625 0.5126953125 0.2333984375 0.484375 0.2119140625 0.474609375 0.1806640625 0.474609375 0.166015625 0.4853515625
3 0.037109375 0.5068359375 0.0380859375 0.537109375 0.05859375 0.5849609375 0.087890625 0.6318359375 0.0986328125 0.63671875 0.115234375 0.6142578125 0.12109375 0.5791015625 0.12109375 0.5400390625 0.10546875 0.4716796875 0.111328125 0.4658203125 0.0927734375 0.451171875 0.0673828125 0.455078125 0.044921875 0.4833984375 0.037109375 0.5068359375
3 0.07421875 0.6962890625 0.08203125 0.6630859375 0.078125 0.6376953125 0.0546875 0.6025390625 0.0048828125 0.56640625 0 0.5673828125 0.0009765625 0.728515625 0.0283203125 0.728515625 0.0595703125 0.71484375 0.07421875 0.6962890625
3 0.0048828125 0.17578125 0 0.1767578125 0.0009765625 0.29296875 0.0302734375 0.2890625 0.048828125 0.2568359375 0.046875 0.2099609375 0.0224609375 0.18359375 0.0048828125 0.17578125
3 0.1396484375 0.001953125 0.1962890625 0.041015625 0.2548828125 0.033203125 0.29296875 0.0029296875 0.1396484375 0.001953125
3 0.5107421875 0.162109375 0.5341796875 0.166015625 0.5517578125 0.158203125 0.564453125 0.1435546875 0.564453125 0.1064453125 0.5341796875 0.08203125 0.5068359375 0.08203125 0.486328125 0.1083984375 0.4853515625 0.130859375 0.4921875 0.1474609375 0.5107421875 0.162109375
3 0.6005859375 0.349609375 0.6435546875 0.353515625 0.6572265625 0.349609375 0.671875 0.3349609375 0.677734375 0.3212890625 0.67578125 0.2978515625 0.6455078125 0.259765625 0.6103515625 0.259765625 0.599609375 0.2666015625 0.591796875 0.2802734375 0.5927734375 0.3359375 0.6005859375 0.349609375
3 0.8544921875 0.3046875 0.869140625 0.3544921875 0.9052734375 0.392578125 0.9482421875 0.3984375 0.9931640625 0.376953125 0.998046875 0.3701171875 0.99609375 0.1728515625 0.9775390625 0.1640625 0.9619140625 0.166015625 0.8876953125 0.205078125 0.859375 0.2470703125 0.853515625 0.2685546875 0.8544921875 0.3046875
3 0.6220703125 0.9765625 0.5888671875 0.96875 0.5634765625 0.978515625 0.5439453125 1 0.6484375 0.9990234375 0.6220703125 0.9765625
3 0.912109375 0.6279296875 0.90625 0.6474609375 0.890625 0.6591796875 0.8916015625 0.673828125 0.9033203125 0.701171875 0.9365234375 0.703125 0.943359375 0.7119140625 0.9375 0.7275390625 0.9453125 0.8115234375 0.9697265625 0.833984375 0.9951171875 0.845703125 1 0.8291015625 0.99609375 0.5849609375 0.9580078125 0.580078125 0.9443359375 0.5859375 0.912109375 0.6279296875