3 0.701171875 0.2197265625 0.7333984375 0.255859375 0.7685546875 0.2734375 0.8134765625 0.275390625 0.8486328125 0.259765625 0.890625 0.2119140625 0.8955078125 0.18359375 0.892578125 0.1494140625 0.880859375 0.1181640625 0.8544921875 0.087890625 0.8173828125 0.064453125 0.7705078125 0.0625 0.7255859375 0.07421875 0.701171875 0.0986328125 0.685546875 0.1337890625 0.68359375 0.1826171875 0.701171875 0.2197265625
3 0.302734375 0.0009765625 0.322265625 0.0400390625 0.3779296875 0.08984375 0.4267578125 0.1015625 0.4716796875 0.103515625 0.5263671875 0.087890625 0.5458984375 0.076171875 0.595703125 0.0302734375 0.6103515625 0 0.302734375 0.0009765625
3 0.5078125 0.3662109375 0.5068359375 0.34375 0.4990234375 0.33203125 0.4716796875 0.314453125 0.4306640625 0.318359375 0.404296875 0.3427734375 0.396484375 0.3583984375 0.39453125 0.3935546875 0.4248046875 0.421875 0.4638671875 0.421875 0.494140625 0.3974609375 0.5078125 0.3662109375
3 0.044921875 0.6513671875 0.03515625 0.6982421875 0.046875 0.7763671875 0.056640625 0.7998046875 0.0810546875 0.8203125 0.1279296875 0.828125 0.1748046875 0.826171875 0.2080078125 0.8046875 0.21484375 0.7939453125 0.21875 0.7216796875 0.232421875 0.6787109375 0.2314453125 0.662109375 0.1904296875 0.6171875 0.1669921875 0.61328125 0.16796875 0.6064453125 0.1572265625 0.595703125 0.1357421875 0.583984375 0.1083984375 0.58203125 0.0712890625 0.59765625 0.0625 0.6064453125 0.060546875 0.6259765625 0.044921875 0.6513671875
3 0.0849609375 0.90625 0.0576171875 0.888671875 0.0224609375 0.87890625 0 0.8798828125 0.0009765625 0.998046875 0.1103515625 0.998046875 0.1181640625 0.984375 0.107421875 0.9423828125 0.0849609375 0.90625
3 0.8759765625 0.6484375 0.8564453125 0.626953125 0.8017578125 0.626953125 0.779296875 0.6416015625 0.7734375 0.6728515625 0.7958984375 0.705078125 0.8310546875 0.7109375 0.8603515625 0.69921875 0.87109375 0.6884765625 0.876953125 0.6767578125 0.8759765625 0.6484375
3 0.8740234375 0.572265625 0.869140625 0.5576171875 0.8505859375 0.541015625 0.8076171875 0.541015625 0.7890625 0.5615234375 0.783203125 0.5791015625 0.78515625 0.6083984375 0.8037109375 0.619140625 0.8525390625 0.6171875 0.875 0.5966796875 0.8740234375 0.572265625
3 0.5263671875 0.369140625 0.509765625 0.3837890625 0.501953125 0.4169921875 0.5341796875 0.458984375 0.5498046875 0.462890625 0.587890625 0.4326171875 0.5888671875 0.400390625 0.5673828125 0.375 0.5263671875 0.369140625
3 0.0927734375 0.25 0.1318359375 0.255859375 0.169921875 0.2353515625 0.1875 0.2001953125 0.1884765625 0.173828125 0.18359375 0.1533203125 0.1669921875 0.126953125 0.1435546875 0.111328125 0.1181640625 0.107421875 0.0888671875 0.12109375 0.068359375 0.1416015625 0.052734375 0.1689453125 0.048828125 0.2060546875 0.060546875 0.2255859375 0.0927734375 0.25
3 0.0322265625 0.037109375 0 0.0498046875 0.0009765625 0.140625 0.0283203125 0.142578125 0.048828125 0.1279296875 0.06640625 0.0947265625 0.0673828125 0.0625 0.0595703125 0.05078125 0.0322265625 0.037109375
3 0.2470703125 0.171875 0.2158203125 0.173828125 0.201171875 0.1884765625 0.1953125 0.2060546875 0.201171875 0.2373046875 0.2275390625 0.251953125 0.2490234375 0.244140625 0.263671875 0.2255859375 0.2626953125 0.197265625 0.2470703125 0.171875
3 0.0166015625 0.44921875 0.041015625 0.4208984375 0.0478515625 0.365234375 0.037109375 0.3369140625 0.0009765625 0.3125 0.0009765625 0.45703125 0.0166015625 0.44921875
3 0.9287109375 0.4375 0.8916015625 0.39453125 0.8740234375 0.388671875 0.8544921875 0.390625 0.83203125 0.4169921875 0.83203125 0.4716796875 0.8369140625 0.478515625 0.8544921875 0.482421875 0.9033203125 0.48046875 0.92578125 0.4619140625 0.9287109375 0.4375
3 0.7490234375 0.7421875 0.7001953125 0.736328125 0.67578125 0.7607421875 0.67578125 0.7958984375 0.6962890625 0.83203125 0.7177734375 0.837890625 0.7451171875 0.8359375 0.759765625 0.8271484375 0.7685546875 0.775390625 0.7490234375 0.7421875