3 0.212890625 0.1396484375 0.216796875 0.1689453125 0.2294921875 0.189453125 0.2724609375 0.1953125 0.30078125 0.1708984375 0.3203125 0.1123046875 0.2958984375 0.0859375 0.2841796875 0.080078125 0.263671875 0.0810546875 0.23046875 0.0986328125 0.212890625 0.1396484375
3 0.06640625 0.3779296875 0.068359375 0.4150390625 0.0986328125 0.4375 0.1259765625 0.435546875 0.15234375 0.4091796875 0.162109375 0.3896484375 0.16015625 0.3447265625 0.1416015625 0.326171875 0.12109375 0.3232421875 0.0947265625 0.3359375 0.06640625 0.3779296875
3 0.314453125 0.5361328125 0.31640625 0.5751953125 0.3388671875 0.59375 0.3779296875 0.58984375 0.400390625 0.5673828125 0.41015625 0.5322265625 0.41015625 0.5166015625 0.3994140625 0.5 0.361328125 0.4912109375 0.3369140625 0.49609375 0.314453125 0.5361328125
3 0.5654296875 0.4453125 0.533203125 0.4423828125 0.5087890625 0.453125 0.478515625 0.4892578125 0.470703125 0.5263671875 0.4716796875 0.572265625 0.5478515625 0.564453125 0.572265625 0.5380859375 0.578125 0.5087890625 0.6015625 0.4716796875 0.599609375 0.4521484375 0.5888671875 0.447265625 0.5732421875 0.453125 0.5654296875 0.4453125
3 0.650390625 0.4267578125 0.6337890625 0.43359375 0.623046875 0.4462890625 0.609375 0.4833984375 0.615234375 0.5283203125 0.6337890625 0.548828125 0.6630859375 0.5390625 0.69140625 0.5107421875 0.70703125 0.4794921875 0.70703125 0.4599609375 0.6923828125 0.435546875 0.6708984375 0.42578125 0.650390625 0.4267578125
3 0.734375 0.2587890625 0.7158203125 0.26171875 0.70703125 0.2705078125 0.689453125 0.3056640625 0.69140625 0.3408203125 0.7158203125 0.35546875 0.7353515625 0.35546875 0.7548828125 0.34375 0.765625 0.3310546875 0.7734375 0.3056640625 0.767578125 0.2763671875 0.7529296875 0.263671875 0.734375 0.2587890625
3 0.4765625 0.3369140625 0.4970703125 0.349609375 0.5380859375 0.3359375 0.556640625 0.3095703125 0.556640625 0.2880859375 0.5390625 0.2568359375 0.509765625 0.2548828125 0.478515625 0.2802734375 0.470703125 0.3134765625 0.4765625 0.3369140625
3 0.2666015625 0.232421875 0.2431640625 0.2578125 0.220703125 0.2666015625 0.220703125 0.2724609375 0.2333984375 0.279296875 0.2783203125 0.330078125 0.3173828125 0.3046875 0.326171875 0.2841796875 0.326171875 0.2509765625 0.31640625 0.2314453125 0.302734375 0.2275390625 0.2666015625 0.232421875
3 0.69921875 0.9697265625 0.708984375 0.9892578125 0.7216796875 0.998046875 0.7626953125 0.9921875 0.775390625 0.9638671875 0.7734375 0.9287109375 0.736328125 0.9091796875 0.7177734375 0.91796875 0.69921875 0.9404296875 0.69921875 0.9697265625
3 0.90625 0.6396484375 0.9140625 0.6474609375 0.9140625 0.6572265625 0.90234375 0.6728515625 0.908203125 0.7099609375 0.9189453125 0.724609375 0.9462890625 0.724609375 0.978515625 0.6865234375 0.98046875 0.6455078125 0.9658203125 0.634765625 0.908203125 0.6298828125 0.90625 0.6396484375
3 1 0.5263671875 0.9853515625 0.517578125 0.951171875 0.5166015625 0.9296875 0.5341796875 0.923828125 0.5693359375 0.9287109375 0.578125 0.9521484375 0.58984375 0.9697265625 0.591796875 1 0.5634765625 1 0.5263671875
3 0.65234375 0.6689453125 0.64453125 0.6865234375 0.64453125 0.7080078125 0.6611328125 0.7265625 0.6943359375 0.73046875 0.72265625 0.7021484375 0.7265625 0.6630859375 0.7099609375 0.6484375 0.68359375 0.6494140625 0.6650390625 0.65625 0.65234375 0.6689453125
3 0.17578125 0.9130859375 0.169921875 0.9580078125 0.1845703125 0.97265625 0.2236328125 0.9765625 0.255859375 0.9482421875 0.26171875 0.9150390625 0.255859375 0.8955078125 0.2431640625 0.8828125 0.212890625 0.8798828125 0.1982421875 0.88671875 0.17578125 0.9130859375
3 0.4814453125 0.9609375 0.4599609375 0.951171875 0.439453125 0.9501953125 0.41015625 0.9755859375 0.4013671875 1 0.501953125 0.9990234375 0.5 0.9853515625 0.4814453125 0.9609375