3 0.1767578125 0.90234375 0.1484375 0.9208984375 0.1474609375 0.98046875 0.1494140625 1 0.421875 0.9990234375 0.41796875 0.9580078125 0.40234375 0.9208984375 0.3603515625 0.876953125 0.3212890625 0.861328125 0.2822265625 0.86328125 0.2001953125 0.8828125 0.1904296875 0.900390625 0.1767578125 0.90234375
3 0.2412109375 0.734375 0.2197265625 0.716796875 0.1904296875 0.71875 0.154296875 0.7431640625 0.1328125 0.7880859375 0.1337890625 0.814453125 0.1513671875 0.845703125 0.1923828125 0.8671875 0.2080078125 0.869140625 0.2314453125 0.85546875 0.2470703125 0.833984375 0.2724609375 0.837890625 0.3046875 0.8017578125 0.306640625 0.7802734375 0.2822265625 0.748046875 0.2412109375 0.734375
3 0.4892578125 0.78125 0.4580078125 0.796875 0.4453125 0.8115234375 0.431640625 0.8349609375 0.4326171875 0.859375 0.439453125 0.8837890625 0.4560546875 0.900390625 0.4755859375 0.912109375 0.5302734375 0.91796875 0.55078125 0.9072265625 0.564453125 0.8818359375 0.5703125 0.8662109375 0.5703125 0.8271484375 0.5400390625 0.78515625 0.4892578125 0.78125
3 0.7509765625 0.1953125 0.7294921875 0.20703125 0.712890625 0.2314453125 0.7099609375 0.28125 0.71875 0.2998046875 0.7431640625 0.322265625 0.7626953125 0.330078125 0.7919921875 0.330078125 0.833984375 0.3056640625 0.841796875 0.2490234375 0.826171875 0.2177734375 0.8095703125 0.201171875 0.7783203125 0.193359375 0.7509765625 0.1953125
3 0.865234375 0.1220703125 0.8564453125 0.1640625 0.861328125 0.1865234375 0.8876953125 0.208984375 0.9208984375 0.21484375 0.9423828125 0.203125 0.951171875 0.1845703125 0.951171875 0.1455078125 0.94140625 0.1025390625 0.9169921875 0.0859375 0.8935546875 0.091796875 0.865234375 0.1220703125
3 0.9990234375 0.212890625 0.9990234375 0.017578125 0.97265625 0.0419921875 0.958984375 0.0712890625 0.9560546875 0.12109375 0.96484375 0.1826171875 0.9833984375 0.208984375 0.9990234375 0.212890625
3 0.7724609375 0 0.75 0.0166015625 0.7451171875 0.041015625 0.75390625 0.0732421875 0.7685546875 0.091796875 0.8076171875 0.09765625 0.8251953125 0.08984375 0.849609375 0.0654296875 0.857421875 0.0498046875 0.857421875 0.0263671875 0.8408203125 0 0.7724609375 0
3 0.5009765625 0 0.5009765625 0.005859375 0.525390625 0.0556640625 0.5654296875 0.080078125 0.6123046875 0.078125 0.6318359375 0.06640625 0.65625 0.0341796875 0.6640625 0.0107421875 0.6630859375 0 0.5009765625 0
3 0.2353515625 0.427734375 0.2001953125 0.40625 0.1552734375 0.404296875 0.1337890625 0.416015625 0.103515625 0.4521484375 0.080078125 0.4912109375 0.0791015625 0.515625 0.08984375 0.5439453125 0.1259765625 0.580078125 0.1572265625 0.591796875 0.1962890625 0.59375 0.2236328125 0.583984375 0.244140625 0.5654296875 0.267578125 0.5263671875 0.2734375 0.4990234375 0.2578125 0.4560546875 0.2353515625 0.427734375
3 0.1025390625 0.203125 0.0673828125 0.203125 0.0380859375 0.216796875 0.0234375 0.2412109375 0.0224609375 0.267578125 0.03515625 0.3037109375 0.0673828125 0.33203125 0.0908203125 0.341796875 0.1220703125 0.34375 0.1337890625 0.337890625 0.158203125 0.3076171875 0.16015625 0.2626953125 0.15234375 0.2392578125 0.1318359375 0.216796875 0.1025390625 0.203125
3 0.0244140625 0.47265625 0.0400390625 0.478515625 0.0673828125 0.4765625 0.1015625 0.4326171875 0.103515625 0.4033203125 0.0693359375 0.36328125 0.0087890625 0.36328125 0 0.3681640625 0.0009765625 0.44140625 0.0244140625 0.47265625
3 0.044921875 0.6630859375 0.0390625 0.6201171875 0.02734375 0.6005859375 0.0009765625 0.58203125 0.0009765625 0.708984375 0.0166015625 0.705078125 0.03125 0.6923828125 0.044921875 0.6630859375
3 0.1298828125 1 0.125 0.9404296875 0.1171875 0.9150390625 0.0810546875 0.888671875 0.0595703125 0.88671875 0.0361328125 0.89453125 0 0.9345703125 0.0009765625 1 0.1298828125 1