3 0 0.3447265625 0.0087890625 0.349609375 0.05078125 0.3486328125 0.0771484375 0.34375 0.08984375 0.3310546875 0.10546875 0.2998046875 0.103515625 0.2626953125 0.0908203125 0.244140625 0.0478515625 0.21484375 0.0009765625 0.21484375 0 0.3447265625
3 0 0.4716796875 0.0263671875 0.49609375 0.0439453125 0.501953125 0.080078125 0.5009765625 0.1103515625 0.4921875 0.1328125 0.4638671875 0.13671875 0.4189453125 0.123046875 0.3837890625 0.0986328125 0.3671875 0.0595703125 0.3671875 0.0126953125 0.380859375 0 0.3916015625 0 0.4716796875
3 0.1162109375 0.55859375 0.0888671875 0.5703125 0.0703125 0.5888671875 0.060546875 0.6083984375 0.05859375 0.6552734375 0.07421875 0.6884765625 0.0986328125 0.708984375 0.1162109375 0.71484375 0.1484375 0.7138671875 0.1689453125 0.705078125 0.193359375 0.6826171875 0.2109375 0.6474609375 0.2109375 0.6298828125 0.197265625 0.6005859375 0.1728515625 0.57421875 0.1435546875 0.560546875 0.1162109375 0.55859375
3 0.1708984375 0.54296875 0.1953125 0.5439453125 0.2099609375 0.541015625 0.224609375 0.5283203125 0.23046875 0.5009765625 0.2119140625 0.474609375 0.1787109375 0.462890625 0.150390625 0.4853515625 0.14453125 0.5107421875 0.1708984375 0.54296875
3 0.2890625 0.9990234375 0.2314453125 0.935546875 0.1748046875 0.904296875 0.1357421875 0.904296875 0.1181640625 0.912109375 0.09375 0.9384765625 0.080078125 0.9794921875 0.0810546875 1 0.2890625 0.9990234375
3 0.33203125 0.8798828125 0.318359375 0.9228515625 0.322265625 0.9619140625 0.337890625 0.9970703125 0.46875 0.9990234375 0.470703125 0.9365234375 0.46484375 0.9111328125 0.4453125 0.8779296875 0.4248046875 0.859375 0.3935546875 0.84765625 0.3603515625 0.8515625 0.3466796875 0.859375 0.33203125 0.8798828125
3 0.794921875 0.2822265625 0.779296875 0.3134765625 0.779296875 0.3251953125 0.794921875 0.3623046875 0.8134765625 0.384765625 0.8369140625 0.3984375 0.861328125 0.4013671875 0.91015625 0.3564453125 0.91796875 0.3134765625 0.912109375 0.2978515625 0.8876953125 0.283203125 0.8740234375 0.265625 0.8330078125 0.251953125 0.8232421875 0.265625 0.794921875 0.2822265625
3 0.8828125 0.4462890625 0.8916015625 0.455078125 0.9091796875 0.46484375 0.939453125 0.4677734375 0.9501953125 0.46484375 0.97265625 0.4365234375 0.970703125 0.3955078125 0.9501953125 0.369140625 0.9228515625 0.375 0.8916015625 0.396484375 0.87890625 0.4208984375 0.8828125 0.4462890625
3 0.595703125 0.0009765625 0.5419921875 0 0.544921875 0.0283203125 0.5556640625 0.0390625 0.572265625 0.0419921875 0.58984375 0.0322265625 0.595703125 0.0009765625
3 0.16015625 0.3720703125 0.173828125 0.3623046875 0.17578125 0.3466796875 0.1669921875 0.333984375 0.1513671875 0.33203125 0.138671875 0.3427734375 0.13671875 0.3583984375 0.1455078125 0.37109375 0.16015625 0.3720703125
3 0.23828125 0.4716796875 0.248046875 0.4638671875 0.248046875 0.4462890625 0.2392578125 0.43359375 0.2236328125 0.431640625 0.212890625 0.4423828125 0.212890625 0.4541015625 0.2236328125 0.470703125 0.23828125 0.4716796875
3 0.4140625 0.6376953125 0.419921875 0.6318359375 0.419921875 0.6142578125 0.4091796875 0.599609375 0.3974609375 0.599609375 0.384765625 0.6123046875 0.3828125 0.6279296875 0.3935546875 0.638671875 0.4140625 0.6376953125