3 0.6455078125 0.099609375 0.5888671875 0.125 0.58203125 0.1318359375 0.5703125 0.1767578125 0.572265625 0.2158203125 0.595703125 0.2607421875 0.6181640625 0.28515625 0.6474609375 0.3046875 0.677734375 0.3056640625 0.7080078125 0.298828125 0.734375 0.2802734375 0.744140625 0.2607421875 0.76171875 0.2451171875 0.767578125 0.1982421875 0.767578125 0.1708984375 0.7578125 0.1435546875 0.7099609375 0.099609375 0.6923828125 0.09375 0.6455078125 0.099609375
3 0.5107421875 0.55078125 0.525390625 0.5380859375 0.53515625 0.5068359375 0.5185546875 0.4765625 0.4833984375 0.466796875 0.46875 0.4873046875 0.466796875 0.5244140625 0.4765625 0.5458984375 0.494140625 0.5537109375 0.5107421875 0.55078125
3 0.1796875 0.8447265625 0.169921875 0.9189453125 0.185546875 0.9541015625 0.1923828125 1 0.576171875 0.9990234375 0.56640625 0.9736328125 0.54296875 0.9521484375 0.494140625 0.8740234375 0.45703125 0.8291015625 0.4111328125 0.787109375 0.3505859375 0.751953125 0.3251953125 0.76953125 0.3076171875 0.763671875 0.2568359375 0.767578125 0.1796875 0.8447265625
3 0 0.4501953125 0.005859375 0.4501953125 0.0390625 0.4228515625 0.06640625 0.3818359375 0.080078125 0.3154296875 0.078125 0.2919921875 0.064453125 0.2666015625 0.0380859375 0.240234375 0.0126953125 0.23046875 0 0.2314453125 0 0.4501953125
3 0.00390625 0.2197265625 0.037109375 0.1943359375 0.04296875 0.1650390625 0.025390625 0.1142578125 0.0009765625 0.091796875 0.00390625 0.2197265625
3 0.2255859375 0.056640625 0.236328125 0.0458984375 0.2421875 0.0224609375 0.236328125 0.0009765625 0.1552734375 0 0.15234375 0.0244140625 0.162109375 0.0517578125 0.1787109375 0.064453125 0.205078125 0.0634765625 0.2255859375 0.056640625
3 0.8466796875 0 0.84375 0.0205078125 0.853515625 0.0400390625 0.8759765625 0.060546875 0.89453125 0.0595703125 0.9443359375 0.037109375 0.96484375 0.0009765625 0.8466796875 0
3 0.962890625 0.1552734375 0.974609375 0.1865234375 1 0.2158203125 0.9970703125 0.041015625 0.984375 0.0478515625 0.966796875 0.0791015625 0.962890625 0.1552734375
3 0.0849609375 0.962890625 0.07421875 0.9736328125 0.068359375 0.9951171875 0.0693359375 1 0.15234375 0.9990234375 0.142578125 0.9599609375 0.1220703125 0.94921875 0.0849609375 0.962890625
3 0.578125 0.3857421875 0.5673828125 0.373046875 0.5478515625 0.37109375 0.53515625 0.3876953125 0.53515625 0.3974609375 0.5458984375 0.4140625 0.56640625 0.4169921875 0.578125 0.4072265625 0.578125 0.3857421875
3 0.111328125 0.1787109375 0.1259765625 0.19140625 0.1796875 0.2099609375 0.1982421875 0.20703125 0.208984375 0.1982421875 0.216796875 0.1787109375 0.212890625 0.1494140625 0.1923828125 0.130859375 0.1630859375 0.12109375 0.1337890625 0.125 0.115234375 0.1396484375 0.109375 0.1572265625 0.111328125 0.1787109375