3 0.1767578125 0.431640625 0.2060546875 0.4453125 0.2294921875 0.447265625 0.2587890625 0.439453125 0.2880859375 0.421875 0.302734375 0.4052734375 0.28515625 0.3173828125 0.2509765625 0.291015625 0.2177734375 0.291015625 0.1708984375 0.3046875 0.158203125 0.3193359375 0.1494140625 0.34375 0.1484375 0.3857421875 0.16015625 0.4091796875 0.1767578125 0.431640625
3 0.2880859375 0.72265625 0.3056640625 0.7265625 0.3310546875 0.7265625 0.3564453125 0.71484375 0.384765625 0.6689453125 0.390625 0.6455078125 0.376953125 0.5869140625 0.3642578125 0.572265625 0.3349609375 0.55859375 0.3017578125 0.560546875 0.2841796875 0.5703125 0.2734375 0.5986328125 0.2470703125 0.62890625 0.248046875 0.6591796875 0.265625 0.6962890625 0.2880859375 0.72265625
3 0.2138671875 0.62890625 0.2333984375 0.630859375 0.2470703125 0.625 0.271484375 0.5927734375 0.28125 0.5693359375 0.27734375 0.5439453125 0.26171875 0.5087890625 0.2490234375 0.498046875 0.2041015625 0.498046875 0.1806640625 0.505859375 0.1708984375 0.517578125 0.171875 0.5732421875 0.185546875 0.6005859375 0.2138671875 0.62890625
3 0.0693359375 0.720703125 0.1025390625 0.736328125 0.1416015625 0.73828125 0.1650390625 0.73046875 0.197265625 0.7041015625 0.208984375 0.6826171875 0.208984375 0.6513671875 0.197265625 0.6181640625 0.154296875 0.5615234375 0.1240234375 0.533203125 0.1025390625 0.53515625 0.0888671875 0.55078125 0.0693359375 0.556640625 0.041015625 0.5771484375 0.0263671875 0.630859375 0.033203125 0.6767578125 0.044921875 0.6982421875 0.0693359375 0.720703125
3 0.2783203125 0.998046875 0.2890625 0.9873046875 0.2890625 0.9541015625 0.271484375 0.8681640625 0.259765625 0.8447265625 0.2236328125 0.8125 0.1552734375 0.802734375 0.1259765625 0.81640625 0.078125 0.8603515625 0.0595703125 0.908203125 0.05859375 0.9482421875 0.0751953125 0.99609375 0.2783203125 0.998046875
3 0.798828125 0.9951171875 0.794921875 0.9560546875 0.77734375 0.9345703125 0.7216796875 0.896484375 0.6943359375 0.888671875 0.6552734375 0.890625 0.5927734375 0.90625 0.5615234375 0.970703125 0.560546875 0.9951171875 0.5673828125 0.998046875 0.798828125 0.9951171875
3 0.8544921875 0.685546875 0.8935546875 0.68359375 0.9140625 0.6513671875 0.912109375 0.6259765625 0.8974609375 0.607421875 0.8798828125 0.599609375 0.8662109375 0.599609375 0.8271484375 0.625 0.826171875 0.6572265625 0.8447265625 0.681640625 0.8544921875 0.685546875
3 0.7861328125 0.193359375 0.8154296875 0.1875 0.84765625 0.1630859375 0.85546875 0.1279296875 0.8388671875 0.10546875 0.7900390625 0.099609375 0.765625 0.1181640625 0.7509765625 0.154296875 0.751953125 0.1728515625 0.7607421875 0.1875 0.7861328125 0.193359375
3 0.5166015625 0.248046875 0.5439453125 0.248046875 0.5537109375 0.240234375 0.5673828125 0.248046875 0.5908203125 0.248046875 0.6171875 0.2236328125 0.62109375 0.2099609375 0.62109375 0.1943359375 0.60546875 0.1708984375 0.607421875 0.1455078125 0.5986328125 0.1328125 0.5751953125 0.126953125 0.5576171875 0.138671875 0.5439453125 0.123046875 0.5263671875 0.115234375 0.4990234375 0.119140625 0.48046875 0.1357421875 0.466796875 0.1591796875 0.4619140625 0.185546875 0.4609375 0.1982421875 0.47265625 0.2236328125 0.5166015625 0.248046875
3 0.2119140625 0 0.22265625 0.0537109375 0.25 0.0927734375 0.3076171875 0.1484375 0.3603515625 0.166015625 0.4130859375 0.162109375 0.4365234375 0.146484375 0.4765625 0.0966796875 0.494140625 0.0556640625 0.4912109375 0 0.2119140625 0
3 0.09375 0.2470703125 0.1103515625 0.2578125 0.1962890625 0.2578125 0.2490234375 0.234375 0.26171875 0.2138671875 0.263671875 0.1826171875 0.251953125 0.1337890625 0.2216796875 0.09375 0.1806640625 0.068359375 0.1689453125 0.05078125 0.1533203125 0.05078125 0.1416015625 0.0625 0.1083984375 0.078125 0.060546875 0.1318359375 0.0556640625 0.1484375 0.0546875 0.1767578125 0.0703125 0.2138671875 0.09375 0.2470703125