3 0.9990234375 0.33984375 0.9501953125 0.3203125 0.9052734375 0.322265625 0.8759765625 0.333984375 0.857421875 0.3505859375 0.8486328125 0.37890625 0.84765625 0.3935546875 0.859375 0.4228515625 0.8837890625 0.44921875 0.9130859375 0.46484375 0.9521484375 0.47265625 0.9814453125 0.47265625 1 0.4658203125 0.9990234375 0.33984375
3 0.9990234375 0.2890625 1 0.0830078125 0.9697265625 0.08203125 0.9404296875 0.09375 0.912109375 0.1201171875 0.9072265625 0.1328125 0.90625 0.1806640625 0.912109375 0.1943359375 0.935546875 0.2294921875 0.9990234375 0.2890625
3 0.71484375 0.1123046875 0.701171875 0.0849609375 0.6533203125 0.056640625 0.6142578125 0.05859375 0.5849609375 0.072265625 0.5595703125 0.115234375 0.55859375 0.1376953125 0.57421875 0.1728515625 0.6025390625 0.19921875 0.6279296875 0.2109375 0.6494140625 0.2109375 0.6806640625 0.1953125 0.703125 0.1728515625 0.71484375 0.1474609375 0.71484375 0.1123046875
3 0.54296875 0.2060546875 0.54296875 0.1708984375 0.5302734375 0.154296875 0.5126953125 0.14453125 0.4873046875 0.1484375 0.4638671875 0.17578125 0.462890625 0.1904296875 0.470703125 0.2060546875 0.4970703125 0.228515625 0.5224609375 0.228515625 0.54296875 0.2060546875
3 0.3916015625 0 0.376953125 0.0205078125 0.3681640625 0.05859375 0.37109375 0.1083984375 0.3876953125 0.125 0.4091796875 0.134765625 0.4658203125 0.1328125 0.498046875 0.1005859375 0.501953125 0.0419921875 0.4921875 0.0205078125 0.4716796875 0 0.3916015625 0
3 0.3623046875 0.173828125 0.373046875 0.1572265625 0.37109375 0.1455078125 0.3603515625 0.13671875 0.3408203125 0.140625 0.3330078125 0.150390625 0.333984375 0.1669921875 0.3466796875 0.17578125 0.3623046875 0.173828125
3 0.2158203125 0 0.2138671875 0.009765625 0.21484375 0.0478515625 0.2529296875 0.09765625 0.2705078125 0.10546875 0.2998046875 0.10546875 0.341796875 0.0810546875 0.349609375 0.0478515625 0.349609375 0.0087890625 0.3447265625 0 0.2158203125 0
3 0 0.5947265625 0.0302734375 0.591796875 0.041015625 0.5771484375 0.0390625 0.5556640625 0.0224609375 0.541015625 0.0009765625 0.541015625 0 0.5947265625
3 0.46484375 0.9072265625 0.455078125 0.8896484375 0.4423828125 0.880859375 0.4111328125 0.880859375 0.375 0.9208984375 0.3681640625 0.94140625 0.369140625 0.9541015625 0.3935546875 0.970703125 0.4365234375 0.97265625 0.466796875 0.9462890625 0.46484375 0.9072265625
3 0.6142578125 0.419921875 0.638671875 0.4150390625 0.638671875 0.3916015625 0.6298828125 0.3828125 0.6123046875 0.384765625 0.5986328125 0.400390625 0.599609375 0.4111328125 0.6142578125 0.419921875
3 0.3984375 0.8349609375 0.3828125 0.8095703125 0.3271484375 0.779296875 0.3134765625 0.779296875 0.2822265625 0.794921875 0.2529296875 0.83203125 0.251953125 0.8447265625 0.263671875 0.8583984375 0.265625 0.8740234375 0.28125 0.8857421875 0.2978515625 0.912109375 0.3095703125 0.91796875 0.3349609375 0.91796875 0.3583984375 0.91015625 0.400390625 0.8603515625 0.3984375 0.8349609375