3 0.50390625 0.3369140625 0.4931640625 0.326171875 0.4619140625 0.3125 0.4384765625 0.310546875 0.4208984375 0.31640625 0.4072265625 0.330078125 0.40625 0.3681640625 0.4287109375 0.396484375 0.4716796875 0.41015625 0.4853515625 0.408203125 0.498046875 0.3974609375 0.5078125 0.3583984375 0.50390625 0.3369140625
3 0.5546875 0.5595703125 0.55859375 0.5380859375 0.54296875 0.5048828125 0.5087890625 0.4765625 0.4716796875 0.46875 0.4287109375 0.46875 0.43359375 0.5419921875 0.44140625 0.5556640625 0.4697265625 0.57421875 0.5009765625 0.58203125 0.5244140625 0.599609375 0.5517578125 0.59765625 0.5546875 0.5908203125 0.544921875 0.5732421875 0.5546875 0.5595703125
3 0.572265625 0.6748046875 0.568359375 0.6357421875 0.5517578125 0.62109375 0.5244140625 0.609375 0.4892578125 0.609375 0.4521484375 0.626953125 0.458984375 0.6611328125 0.4892578125 0.69140625 0.5126953125 0.703125 0.5341796875 0.70703125 0.5517578125 0.701171875 0.572265625 0.6748046875
3 0.7275390625 0.705078125 0.7119140625 0.693359375 0.6884765625 0.6875 0.6630859375 0.6875 0.6513671875 0.6953125 0.6435546875 0.724609375 0.64453125 0.7353515625 0.6630859375 0.76171875 0.6943359375 0.771484375 0.7197265625 0.767578125 0.740234375 0.7392578125 0.73828125 0.7177734375 0.7275390625 0.705078125
3 0.4716796875 0.998046875 0.482421875 0.9814453125 0.482421875 0.9482421875 0.4619140625 0.92578125 0.4228515625 0.923828125 0.4052734375 0.962890625 0.4345703125 0.998046875 0.4716796875 0.998046875
3 0.3583984375 0.916015625 0.3447265625 0.9140625 0.3251953125 0.900390625 0.3115234375 0.900390625 0.2802734375 0.912109375 0.2724609375 0.927734375 0.275390625 0.9462890625 0.3056640625 0.974609375 0.3310546875 0.98046875 0.359375 0.9755859375 0.3681640625 0.91015625 0.3583984375 0.916015625
3 0.34765625 0.6748046875 0.3330078125 0.654296875 0.3173828125 0.64453125 0.2900390625 0.642578125 0.275390625 0.6552734375 0.2685546875 0.67578125 0.271484375 0.6982421875 0.2958984375 0.720703125 0.3310546875 0.7265625 0.349609375 0.7119140625 0.34765625 0.6748046875
3 0.0693359375 0.775390625 0.091796875 0.7392578125 0.083984375 0.7197265625 0.0537109375 0.6953125 0.0205078125 0.69921875 0.0009765625 0.716796875 0.00390625 0.7626953125 0.0380859375 0.775390625 0.0693359375 0.775390625
3 0 0.5009765625 0.0068359375 0.501953125 0.04296875 0.4736328125 0.048828125 0.4365234375 0.0244140625 0.41015625 0.0009765625 0.3984375 0 0.5009765625
3 0.119140625 0.2353515625 0.115234375 0.2001953125 0.0791015625 0.169921875 0.0341796875 0.171875 0.025390625 0.1826171875 0.0224609375 0.20703125 0.021484375 0.2236328125 0.0498046875 0.25390625 0.0654296875 0.259765625 0.0966796875 0.2578125 0.111328125 0.2490234375 0.119140625 0.2353515625
3 0.494140625 0.2998046875 0.4921875 0.2724609375 0.4677734375 0.25390625 0.4248046875 0.24609375 0.41796875 0.2509765625 0.4150390625 0.265625 0.4140625 0.2841796875 0.4423828125 0.3046875 0.4853515625 0.30859375 0.494140625 0.2998046875
3 0.8056640625 0.515625 0.830078125 0.4990234375 0.830078125 0.4541015625 0.7998046875 0.42578125 0.7646484375 0.427734375 0.7451171875 0.44921875 0.744140625 0.4677734375 0.75 0.4794921875 0.7802734375 0.513671875 0.8056640625 0.515625
3 0.744140625 0.5341796875 0.744140625 0.5087890625 0.7177734375 0.4765625 0.6767578125 0.46875 0.65625 0.4814453125 0.6494140625 0.498046875 0.6640625 0.5361328125 0.6904296875 0.5546875 0.7119140625 0.5546875 0.744140625 0.5341796875
3 0.765625 0.2626953125 0.7421875 0.2431640625 0.7353515625 0.21875 0.7255859375 0.21875 0.7119140625 0.23828125 0.6689453125 0.2734375 0.6796875 0.2998046875 0.7001953125 0.3203125 0.7412109375 0.326171875 0.7734375 0.3115234375 0.765625 0.2626953125
3 0.5556640625 0.150390625 0.5283203125 0.150390625 0.513671875 0.1611328125 0.5078125 0.1865234375 0.4853515625 0.193359375 0.4755859375 0.208984375 0.4765625 0.2294921875 0.4990234375 0.2578125 0.5244140625 0.263671875 0.5537109375 0.2578125 0.560546875 0.2451171875 0.546875 0.2158203125 0.5712890625 0.2109375 0.58984375 0.1943359375 0.58984375 0.1806640625 0.5791015625 0.1640625 0.5556640625 0.150390625
3 0.67578125 0.1337890625 0.673828125 0.1123046875 0.662109375 0.0927734375 0.6240234375 0.06640625 0.5849609375 0.06640625 0.5615234375 0.095703125 0.564453125 0.1259765625 0.6044921875 0.16015625 0.6513671875 0.16015625 0.67578125 0.1337890625
3 0.91796875 0.2607421875 0.90234375 0.2333984375 0.8701171875 0.212890625 0.8251953125 0.216796875 0.80859375 0.2294921875 0.8037109375 0.255859375 0.802734375 0.2705078125 0.8271484375 0.298828125 0.8701171875 0.31640625 0.8916015625 0.31640625 0.91796875 0.2841796875 0.91796875 0.2607421875
3 0.9677734375 0.09375 0.9951171875 0.09765625 0.998046875 0.0302734375 0.9814453125 0.0234375 0.9638671875 0.025390625 0.9443359375 0.041015625 0.951171875 0.0791015625 0.9677734375 0.09375