3 0.7177734375 1 0.7197265625 0.994140625 0.720703125 0.9541015625 0.712890625 0.9287109375 0.71484375 0.8427734375 0.689453125 0.7939453125 0.6591796875 0.77734375 0.6220703125 0.771484375 0.5986328125 0.771484375 0.5712890625 0.783203125 0.55078125 0.8037109375 0.529296875 0.8388671875 0.5234375 0.8876953125 0.537109375 0.9267578125 0.576171875 0.9912109375 0.5947265625 1 0.7177734375 1
3 0.7666015625 0.484375 0.740234375 0.5126953125 0.736328125 0.5244140625 0.744140625 0.5732421875 0.7626953125 0.595703125 0.7763671875 0.6015625 0.8017578125 0.603515625 0.8271484375 0.595703125 0.841796875 0.5791015625 0.8486328125 0.5546875 0.845703125 0.5068359375 0.833984375 0.4853515625 0.8193359375 0.474609375 0.7880859375 0.474609375 0.7666015625 0.484375
3 0.9072265625 0.451171875 0.888671875 0.4658203125 0.89453125 0.4716796875 0.87890625 0.5400390625 0.87890625 0.5791015625 0.884765625 0.6142578125 0.9013671875 0.63671875 0.912109375 0.6318359375 0.94140625 0.5849609375 0.9619140625 0.537109375 0.962890625 0.5068359375 0.955078125 0.4833984375 0.9326171875 0.455078125 0.9072265625 0.451171875
3 0.9990234375 0.728515625 1 0.5673828125 0.9951171875 0.56640625 0.9453125 0.6025390625 0.921875 0.6376953125 0.91796875 0.6630859375 0.92578125 0.6962890625 0.9404296875 0.71484375 0.9716796875 0.728515625 0.9990234375 0.728515625
3 0.951171875 0.2568359375 0.9697265625 0.2890625 0.9990234375 0.29296875 1 0.1767578125 0.9951171875 0.17578125 0.9775390625 0.18359375 0.953125 0.2099609375 0.951171875 0.2568359375
3 0.8037109375 0.041015625 0.8603515625 0.001953125 0.70703125 0.0029296875 0.7451171875 0.033203125 0.8037109375 0.041015625
3 0.513671875 0.1083984375 0.4931640625 0.08203125 0.4658203125 0.08203125 0.435546875 0.1064453125 0.435546875 0.1435546875 0.4482421875 0.158203125 0.4658203125 0.166015625 0.4892578125 0.162109375 0.5078125 0.1474609375 0.5146484375 0.130859375 0.513671875 0.1083984375
3 0.400390625 0.2666015625 0.3896484375 0.259765625 0.3544921875 0.259765625 0.32421875 0.2978515625 0.322265625 0.3212890625 0.328125 0.3349609375 0.3427734375 0.349609375 0.3564453125 0.353515625 0.3994140625 0.349609375 0.4072265625 0.3359375 0.408203125 0.2802734375 0.400390625 0.2666015625
3 0.1123046875 0.205078125 0.0380859375 0.166015625 0.0224609375 0.1640625 0.00390625 0.1728515625 0.001953125 0.3701171875 0.0068359375 0.376953125 0.0517578125 0.3984375 0.0947265625 0.392578125 0.130859375 0.3544921875 0.1455078125 0.3046875 0.146484375 0.2685546875 0.140625 0.2470703125 0.1123046875 0.205078125
3 0.4365234375 0.978515625 0.4111328125 0.96875 0.3779296875 0.9765625 0.3515625 0.9990234375 0.4560546875 1 0.4365234375 0.978515625
3 0.00390625 0.5849609375 0 0.8291015625 0.0048828125 0.845703125 0.0302734375 0.833984375 0.0546875 0.8115234375 0.0625 0.7275390625 0.056640625 0.7119140625 0.0634765625 0.703125 0.0966796875 0.701171875 0.1083984375 0.673828125 0.109375 0.6591796875 0.09375 0.6474609375 0.087890625 0.6279296875 0.0556640625 0.5859375 0.0419921875 0.580078125 0.00390625 0.5849609375