3 0.1962890625 0.546875 0.1875 0.5263671875 0.1591796875 0.50390625 0.1416015625 0.498046875 0.1064453125 0.50390625 0.0703125 0.5322265625 0.0546875 0.5693359375 0.0625 0.6259765625 0.0966796875 0.6484375 0.1435546875 0.642578125 0.189453125 0.6025390625 0.197265625 0.5849609375 0.1962890625 0.546875
3 0.1103515625 0.26171875 0.1015625 0.2333984375 0.0673828125 0.197265625 0.0380859375 0.1875 0.001953125 0.1943359375 0.0048828125 0.37890625 0.0439453125 0.375 0.08984375 0.3408203125 0.107421875 0.3076171875 0.1103515625 0.26171875
3 0.5693359375 0.740234375 0.564453125 0.7138671875 0.5458984375 0.6875 0.5322265625 0.6796875 0.4951171875 0.673828125 0.4658203125 0.6953125 0.42578125 0.7412109375 0.41796875 0.7607421875 0.419921875 0.7822265625 0.4384765625 0.8046875 0.4619140625 0.8203125 0.5224609375 0.82421875 0.5546875 0.7939453125 0.568359375 0.7626953125 0.5693359375 0.740234375
3 0.8310546875 0.974609375 0.828125 0.9091796875 0.7685546875 0.87890625 0.7333984375 0.873046875 0.7041015625 0.8828125 0.673828125 0.9091796875 0.654296875 0.9775390625 0.6630859375 0.998046875 0.8291015625 0.998046875 0.8310546875 0.974609375
3 0.9990234375 0.66796875 0.9423828125 0.68359375 0.8896484375 0.71875 0.8193359375 0.771484375 0.7890625 0.8134765625 0.783203125 0.8291015625 0.787109375 0.8583984375 0.7998046875 0.876953125 0.8359375 0.9052734375 0.841796875 0.9638671875 0.8681640625 0.9921875 0.9033203125 0.99609375 0.9267578125 0.990234375 0.9580078125 0.970703125 1 0.9267578125 0.9990234375 0.66796875
3 0.9072265625 0.63671875 0.89453125 0.6005859375 0.8623046875 0.55078125 0.8330078125 0.541015625 0.7841796875 0.54296875 0.767578125 0.5673828125 0.7197265625 0.603515625 0.6953125 0.6337890625 0.677734375 0.6904296875 0.693359375 0.7470703125 0.7158203125 0.76953125 0.7314453125 0.775390625 0.7626953125 0.7734375 0.8037109375 0.7578125 0.8525390625 0.728515625 0.896484375 0.6884765625 0.90625 0.6748046875 0.9072265625 0.63671875
3 0.8486328125 0.2578125 0.841796875 0.2197265625 0.8388671875 0.22265625 0.83984375 0.2177734375 0.8154296875 0.197265625 0.7998046875 0.189453125 0.7509765625 0.1875 0.7255859375 0.197265625 0.69921875 0.2197265625 0.677734375 0.2626953125 0.677734375 0.2919921875 0.6962890625 0.330078125 0.7373046875 0.345703125 0.7744140625 0.345703125 0.8115234375 0.330078125 0.830078125 0.3134765625 0.84765625 0.2783203125 0.8486328125 0.2578125
3 0.1943359375 0.849609375 0.18359375 0.8212890625 0.1494140625 0.7890625 0.1142578125 0.76953125 0.0791015625 0.759765625 0.0361328125 0.765625 0.0234375 0.7822265625 0.01953125 0.7998046875 0.029296875 0.9365234375 0.0595703125 0.970703125 0.1376953125 0.97265625 0.1630859375 0.962890625 0.173828125 0.9521484375 0.189453125 0.9169921875 0.1943359375 0.849609375
3 0.9990234375 0.044921875 0.9716796875 0.04296875 0.9541015625 0.052734375 0.931640625 0.0888671875 0.93359375 0.1123046875 0.9619140625 0.13671875 0.9755859375 0.13671875 1 0.1181640625 0.9990234375 0.044921875
3 0.6357421875 0.505859375 0.6328125 0.4892578125 0.6083984375 0.443359375 0.5673828125 0.4375 0.5439453125 0.42578125 0.5185546875 0.427734375 0.49609375 0.4892578125 0.48828125 0.5400390625 0.48828125 0.5634765625 0.505859375 0.6103515625 0.5166015625 0.619140625 0.5458984375 0.623046875 0.5751953125 0.623046875 0.5908203125 0.615234375 0.623046875 0.5732421875 0.63671875 0.5380859375 0.6357421875 0.505859375
3 0.4677734375 0.47265625 0.462890625 0.4560546875 0.4521484375 0.447265625 0.4189453125 0.4453125 0.4013671875 0.453125 0.37890625 0.4775390625 0.373046875 0.5068359375 0.376953125 0.5380859375 0.3955078125 0.552734375 0.4326171875 0.55078125 0.453125 0.5302734375 0.46875 0.5029296875 0.4677734375 0.47265625
3 0.0380859375 0.578125 0.0244140625 0.5546875 0.001953125 0.5537109375 0.0048828125 0.6484375 0.033203125 0.6220703125 0.0380859375 0.578125
3 0.3837890625 0.984375 0.3291015625 0.953125 0.2783203125 0.947265625 0.244140625 0.9755859375 0.23828125 0.9951171875 0.3818359375 0.998046875 0.3837890625 0.984375
3 0.6435546875 0.951171875 0.6240234375 0.92578125 0.5673828125 0.91796875 0.5263671875 0.935546875 0.4794921875 0.970703125 0.462890625 0.9951171875 0.6376953125 0.998046875 0.6435546875 0.951171875
3 0.4521484375 0.880859375 0.4453125 0.8623046875 0.4248046875 0.83984375 0.4033203125 0.83203125 0.3564453125 0.83203125 0.318359375 0.8623046875 0.30859375 0.8896484375 0.30859375 0.9169921875 0.3212890625 0.93359375 0.3466796875 0.947265625 0.3876953125 0.955078125 0.4169921875 0.953125 0.447265625 0.9248046875 0.4521484375 0.880859375