3 0.1630859375 0.359375 0.2119140625 0.326171875 0.232421875 0.3037109375 0.23828125 0.2861328125 0.2373046875 0.228515625 0.216796875 0.1923828125 0.1787109375 0.162109375 0.1396484375 0.1484375 0.0888671875 0.15234375 0.048828125 0.1826171875 0.029296875 0.2294921875 0.033203125 0.2744140625 0.044921875 0.3115234375 0.0546875 0.3310546875 0.0966796875 0.36328125 0.1376953125 0.3671875 0.1630859375 0.359375
3 0.2646484375 0.55859375 0.3271484375 0.556640625 0.3740234375 0.5390625 0.40625 0.5009765625 0.4111328125 0.455078125 0.400390625 0.4052734375 0.376953125 0.3681640625 0.3369140625 0.337890625 0.3017578125 0.326171875 0.2490234375 0.333984375 0.2001953125 0.361328125 0.17578125 0.3837890625 0.15625 0.4267578125 0.1640625 0.4697265625 0.18359375 0.5068359375 0.2314453125 0.548828125 0.2646484375 0.55859375
3 0.3056640625 0.787109375 0.3369140625 0.783203125 0.373046875 0.7607421875 0.396484375 0.7294921875 0.3994140625 0.677734375 0.38671875 0.6376953125 0.3740234375 0.62109375 0.3447265625 0.6015625 0.3115234375 0.595703125 0.2666015625 0.59765625 0.2412109375 0.607421875 0.2109375 0.6376953125 0.203125 0.6650390625 0.205078125 0.7060546875 0.220703125 0.7333984375 0.2431640625 0.7578125 0.3056640625 0.787109375
3 0.6396484375 0.982421875 0.66015625 0.9638671875 0.67578125 0.9169921875 0.6748046875 0.89453125 0.662109375 0.8544921875 0.6396484375 0.826171875 0.6181640625 0.814453125 0.5888671875 0.8125 0.5419921875 0.83203125 0.505859375 0.8642578125 0.5 0.9169921875 0.509765625 0.9462890625 0.5400390625 0.986328125 0.5654296875 0.99609375 0.6005859375 0.99609375 0.6396484375 0.982421875
3 0.3076171875 0.984375 0.29296875 0.9423828125 0.2509765625 0.90625 0.2177734375 0.890625 0.1611328125 0.888671875 0.1181640625 0.90234375 0.09375 0.9248046875 0.078125 0.9521484375 0.076171875 0.9677734375 0.078125 0.9892578125 0.0849609375 0.998046875 0.3037109375 0.998046875 0.3076171875 0.984375
3 0.9072265625 0.201171875 0.865234375 0.2626953125 0.859375 0.2919921875 0.86328125 0.3369140625 0.875 0.3603515625 0.87890625 0.3935546875 0.9794921875 0.44140625 1 0.4404296875 0.9990234375 0.185546875 0.9365234375 0.1875 0.9072265625 0.201171875
3 0.9033203125 0.13671875 0.9365234375 0.14453125 0.9814453125 0.138671875 1 0.1279296875 0.9990234375 0 0.849609375 0.0009765625 0.84765625 0.0283203125 0.857421875 0.0673828125 0.9033203125 0.13671875
3 0.9326171875 0.59375 0.9091796875 0.564453125 0.8798828125 0.55078125 0.8369140625 0.556640625 0.810546875 0.5810546875 0.7890625 0.6220703125 0.7890625 0.6591796875 0.80859375 0.7021484375 0.8603515625 0.732421875 0.8955078125 0.724609375 0.916015625 0.6904296875 0.931640625 0.6279296875 0.9326171875 0.59375
3 0.970703125 0.9462890625 0.9697265625 0.931640625 0.951171875 0.8798828125 0.9345703125 0.8671875 0.9052734375 0.86328125 0.8623046875 0.8828125 0.84765625 0.8974609375 0.830078125 0.9560546875 0.841796875 0.9892578125 0.8525390625 0.998046875 0.9326171875 0.998046875 0.9443359375 0.994140625 0.9609375 0.9736328125 0.970703125 0.9462890625
3 0.7880859375 0.82421875 0.7490234375 0.82421875 0.720703125 0.8525390625 0.72265625 0.8857421875 0.732421875 0.9169921875 0.7509765625 0.931640625 0.7939453125 0.9296875 0.8125 0.9052734375 0.8193359375 0.873046875 0.806640625 0.8408203125 0.7880859375 0.82421875
3 0.958984375 0.6435546875 0.951171875 0.6982421875 0.953125 0.7275390625 0.9736328125 0.751953125 0.9853515625 0.755859375 1 0.7548828125 0.9990234375 0.59375 0.9814453125 0.599609375 0.970703125 0.6142578125 0.958984375 0.6435546875