3 0.1923828125 0.3515625 0.1533203125 0.37109375 0.123046875 0.4072265625 0.115234375 0.4326171875 0.111328125 0.4873046875 0.12890625 0.5400390625 0.1494140625 0.564453125 0.2109375 0.5908203125 0.2763671875 0.58984375 0.3232421875 0.572265625 0.3642578125 0.546875 0.4140625 0.4951171875 0.439453125 0.4404296875 0.44140625 0.3798828125 0.4296875 0.3408203125 0.3955078125 0.302734375 0.3623046875 0.2890625 0.3173828125 0.28125 0.2724609375 0.2890625 0.1923828125 0.3515625
3 0.1806640625 0.1328125 0.1220703125 0.140625 0.091796875 0.1591796875 0.0703125 0.1943359375 0.060546875 0.2333984375 0.068359375 0.3212890625 0.1044921875 0.359375 0.12109375 0.3623046875 0.1337890625 0.36328125 0.1572265625 0.3515625 0.2177734375 0.30078125 0.2490234375 0.28515625 0.265625 0.2646484375 0.26953125 0.2099609375 0.259765625 0.1728515625 0.2451171875 0.154296875 0.2158203125 0.134765625 0.1806640625 0.1328125
3 0.3330078125 0.037109375 0.2841796875 0.0546875 0.255859375 0.0791015625 0.24609375 0.0986328125 0.24609375 0.1298828125 0.287109375 0.2353515625 0.3193359375 0.259765625 0.35546875 0.2666015625 0.3935546875 0.267578125 0.427734375 0.2490234375 0.455078125 0.2060546875 0.458984375 0.1533203125 0.44921875 0.1025390625 0.4267578125 0.0703125 0.3818359375 0.044921875 0.3330078125 0.037109375
3 0.6103515625 0.029296875 0.5849609375 0.017578125 0.5498046875 0.017578125 0.50390625 0.0595703125 0.49609375 0.0771484375 0.494140625 0.1376953125 0.5126953125 0.162109375 0.521484375 0.1650390625 0.5673828125 0.166015625 0.5869140625 0.16015625 0.6171875 0.1337890625 0.6328125 0.1005859375 0.634765625 0.0771484375 0.626953125 0.0517578125 0.6103515625 0.029296875
3 0.59765625 0.3486328125 0.5791015625 0.333984375 0.5400390625 0.333984375 0.5205078125 0.34375 0.5078125 0.3642578125 0.513671875 0.3994140625 0.5244140625 0.41015625 0.556640625 0.4208984375 0.5869140625 0.421875 0.599609375 0.4130859375 0.609375 0.3955078125 0.609375 0.3681640625 0.59765625 0.3486328125
3 0.6220703125 0.83203125 0.591796875 0.8544921875 0.572265625 0.8857421875 0.5703125 0.9248046875 0.58203125 0.9501953125 0.6005859375 0.970703125 0.6318359375 0.98828125 0.66015625 0.9951171875 0.6943359375 0.986328125 0.71484375 0.9677734375 0.734375 0.9306640625 0.736328125 0.8916015625 0.7265625 0.8642578125 0.7119140625 0.845703125 0.6904296875 0.83203125 0.6552734375 0.82421875 0.6220703125 0.83203125
3 0.5390625 0.9169921875 0.5185546875 0.892578125 0.4931640625 0.880859375 0.4521484375 0.87890625 0.4189453125 0.888671875 0.396484375 0.9150390625 0.388671875 0.9345703125 0.388671875 0.9990234375 0.5380859375 1 0.552734375 0.9755859375 0.5390625 0.9169921875
3 0.365234375 0.9072265625 0.3486328125 0.88671875 0.2861328125 0.8671875 0.2548828125 0.8671875 0.2255859375 0.880859375 0.193359375 0.9072265625 0.181640625 0.9287109375 0.193359375 0.9990234375 0.3720703125 1 0.375 0.9384765625 0.365234375 0.9072265625
3 0.26171875 0.7939453125 0.251953125 0.7529296875 0.2001953125 0.72265625 0.1767578125 0.724609375 0.130859375 0.7705078125 0.125 0.8056640625 0.1572265625 0.841796875 0.1875 0.8525390625 0.2099609375 0.8515625 0.2333984375 0.83984375 0.25390625 0.8193359375 0.26171875 0.7939453125
3 0.0517578125 0.962890625 0.01953125 0.9990234375 0.171875 0.9990234375 0.1396484375 0.958984375 0.1181640625 0.951171875 0.0830078125 0.951171875 0.0517578125 0.962890625
3 0.8798828125 0.00390625 0.8720703125 0.013671875 0.8408203125 0.021484375 0.833984375 0.0283203125 0.82421875 0.0654296875 0.82421875 0.0966796875 0.837890625 0.1298828125 0.86328125 0.1435546875 0.8857421875 0.14453125 0.9150390625 0.1328125 0.9453125 0.1005859375 0.9453125 0.0400390625 0.9287109375 0.005859375 0.8798828125 0.00390625
3 0.9033203125 0.451171875 0.919921875 0.4365234375 0.923828125 0.4033203125 0.9091796875 0.384765625 0.8740234375 0.384765625 0.859375 0.4013671875 0.857421875 0.4287109375 0.875 0.4501953125 0.9033203125 0.451171875
3 0.8994140625 0.818359375 0.908203125 0.8095703125 0.9140625 0.7802734375 0.8974609375 0.763671875 0.8720703125 0.759765625 0.849609375 0.7763671875 0.849609375 0.8115234375 0.873046875 0.8251953125 0.8994140625 0.818359375
3 0.9599609375 0.978515625 0.98046875 0.9501953125 0.9765625 0.9228515625 0.9560546875 0.90625 0.9208984375 0.912109375 0.90625 0.9365234375 0.91015625 0.9697265625 0.93359375 0.9814453125 0.9599609375 0.978515625
3 0.755859375 0.9990234375 0.8427734375 1 0.84375 0.9873046875 0.837890625 0.9736328125 0.8095703125 0.947265625 0.7783203125 0.962890625 0.76171875 0.9794921875 0.755859375 0.9990234375