3 0.701171875 0.0849609375 0.65625 0.0224609375 0.6298828125 0.00390625 0.5283203125 0.00390625 0.48046875 0.0830078125 0.482421875 0.1181640625 0.51171875 0.1572265625 0.5322265625 0.171875 0.5771484375 0.1953125 0.6171875 0.2021484375 0.6630859375 0.193359375 0.6875 0.1767578125 0.705078125 0.1337890625 0.701171875 0.0849609375
3 0.43359375 0.1083984375 0.4091796875 0.078125 0.3564453125 0.0625 0.30078125 0.0888671875 0.27734375 0.1279296875 0.27734375 0.1513671875 0.28515625 0.1923828125 0.298828125 0.2138671875 0.3369140625 0.23828125 0.365234375 0.2412109375 0.4072265625 0.232421875 0.4306640625 0.216796875 0.451171875 0.1904296875 0.453125 0.1591796875 0.43359375 0.1083984375
3 0.978515625 0.5615234375 0.9580078125 0.5390625 0.9306640625 0.529296875 0.8935546875 0.52734375 0.8720703125 0.5390625 0.85546875 0.5576171875 0.837890625 0.6044921875 0.8359375 0.6318359375 0.853515625 0.6708984375 0.8828125 0.6884765625 0.9443359375 0.673828125 0.982421875 0.6416015625 0.990234375 0.5947265625 0.978515625 0.5615234375
3 0.919921875 0.7919921875 0.9462890625 0.791015625 0.974609375 0.7705078125 0.978515625 0.7158203125 0.9560546875 0.689453125 0.9150390625 0.6953125 0.876953125 0.7353515625 0.880859375 0.7666015625 0.9072265625 0.7890625 0.919921875 0.7919921875
3 0.900390625 0.9365234375 0.896484375 0.9013671875 0.8740234375 0.865234375 0.8388671875 0.845703125 0.8017578125 0.84375 0.7724609375 0.8515625 0.7236328125 0.87890625 0.69140625 0.9150390625 0.673828125 0.9599609375 0.669921875 0.9990234375 0.8779296875 1 0.900390625 0.9365234375
3 0.7578125 0.6513671875 0.7412109375 0.630859375 0.6669921875 0.595703125 0.6337890625 0.595703125 0.5947265625 0.609375 0.560546875 0.6513671875 0.548828125 0.6845703125 0.55078125 0.7255859375 0.56640625 0.7529296875 0.64453125 0.8076171875 0.6787109375 0.80859375 0.720703125 0.7783203125 0.75390625 0.7177734375 0.763671875 0.6826171875 0.7578125 0.6513671875
3 0.5791015625 0.77734375 0.5341796875 0.751953125 0.4931640625 0.7578125 0.4775390625 0.765625 0.427734375 0.8154296875 0.419921875 0.8427734375 0.419921875 0.8623046875 0.44140625 0.9189453125 0.4599609375 0.935546875 0.498046875 0.9482421875 0.5419921875 0.9453125 0.5927734375 0.921875 0.611328125 0.8974609375 0.623046875 0.8564453125 0.62109375 0.8271484375 0.607421875 0.8037109375 0.5791015625 0.77734375
3 0.4619140625 0.626953125 0.4091796875 0.599609375 0.3720703125 0.6015625 0.3271484375 0.62109375 0.30078125 0.6494140625 0.283203125 0.6845703125 0.27734375 0.7314453125 0.2890625 0.7744140625 0.3193359375 0.80859375 0.357421875 0.8271484375 0.3916015625 0.826171875 0.482421875 0.7431640625 0.494140625 0.7177734375 0.498046875 0.6767578125 0.48828125 0.6513671875 0.4619140625 0.626953125
3 0.3720703125 0.97265625 0.396484375 0.9580078125 0.404296875 0.9462890625 0.404296875 0.9169921875 0.3837890625 0.87890625 0.3388671875 0.869140625 0.3125 0.8876953125 0.306640625 0.9287109375 0.3193359375 0.94921875 0.353515625 0.9716796875 0.3720703125 0.97265625
3 0.0361328125 0.9375 0.0029296875 0.9453125 0 0.9990234375 0.0556640625 1 0.0703125 0.9794921875 0.06640625 0.9541015625 0.0556640625 0.943359375 0.0361328125 0.9375
3 0.1474609375 0.169921875 0.1201171875 0.171875 0.1025390625 0.189453125 0.076171875 0.1962890625 0.080078125 0.2373046875 0.0703125 0.2490234375 0.0703125 0.2587890625 0.076171875 0.2900390625 0.0888671875 0.302734375 0.12890625 0.3115234375 0.1669921875 0.30859375 0.1845703125 0.298828125 0.197265625 0.2802734375 0.19921875 0.2314453125 0.193359375 0.2041015625 0.1708984375 0.1796875 0.1474609375 0.169921875
3 0.28515625 0.5517578125 0.287109375 0.5322265625 0.2548828125 0.494140625 0.2177734375 0.49609375 0.2001953125 0.505859375 0.185546875 0.5263671875 0.18359375 0.5556640625 0.189453125 0.5712890625 0.2001953125 0.58203125 0.220703125 0.5888671875 0.2470703125 0.5859375 0.28515625 0.5517578125
3 0.9033203125 0.064453125 0.9208984375 0.076171875 0.9609375 0.0830078125 1 0.0830078125 0.9990234375 0.001953125 0.87890625 0.0048828125 0.880859375 0.0341796875 0.9033203125 0.064453125
3 0.7666015625 0.02734375 0.794921875 0.0380859375 0.8134765625 0.0390625 0.8349609375 0.03125 0.853515625 0.0126953125 0.85546875 0.0029296875 0.7568359375 0 0.748046875 0.0048828125 0.7666015625 0.02734375
3 0.81640625 0.1259765625 0.8359375 0.1357421875 0.8505859375 0.134765625 0.87109375 0.1103515625 0.86328125 0.0830078125 0.8505859375 0.0703125 0.8251953125 0.07421875 0.80859375 0.0966796875 0.81640625 0.1259765625
3 0.68359375 0.4736328125 0.693359375 0.4873046875 0.7119140625 0.48828125 0.7373046875 0.474609375 0.759765625 0.4345703125 0.7138671875 0.4140625 0.6943359375 0.416015625 0.6796875 0.4482421875 0.68359375 0.4736328125