3 0.794921875 0.7431640625 0.806640625 0.7060546875 0.80078125 0.6357421875 0.787109375 0.6044921875 0.76171875 0.5712890625 0.7333984375 0.55078125 0.6494140625 0.54296875 0.6162109375 0.552734375 0.59375 0.5751953125 0.5615234375 0.642578125 0.564453125 0.6845703125 0.583984375 0.7236328125 0.6513671875 0.791015625 0.6865234375 0.796875 0.7275390625 0.79296875 0.7822265625 0.759765625 0.794921875 0.7431640625
3 0.9677734375 0.716796875 0.99609375 0.7021484375 0.998046875 0.5361328125 0.9931640625 0.5078125 0.9560546875 0.4921875 0.9033203125 0.498046875 0.869140625 0.5166015625 0.8388671875 0.56640625 0.837890625 0.5947265625 0.849609375 0.6416015625 0.865234375 0.6806640625 0.8759765625 0.69140625 0.8974609375 0.70703125 0.9423828125 0.71875 0.9677734375 0.716796875
3 0.9931640625 0.138671875 0.9462890625 0.15234375 0.90625 0.1865234375 0.86328125 0.2451171875 0.853515625 0.2705078125 0.8505859375 0.302734375 0.859375 0.3525390625 0.890625 0.4013671875 0.9169921875 0.42578125 0.9560546875 0.447265625 0.9951171875 0.45703125 0.998046875 0.1455078125 0.9931640625 0.138671875
3 0.505859375 0.7822265625 0.51953125 0.7431640625 0.521484375 0.7021484375 0.51171875 0.6767578125 0.4794921875 0.64453125 0.4287109375 0.62109375 0.3935546875 0.62109375 0.3642578125 0.63671875 0.33203125 0.6728515625 0.3232421875 0.701171875 0.322265625 0.7451171875 0.333984375 0.7802734375 0.3544921875 0.80078125 0.3876953125 0.8125 0.4345703125 0.814453125 0.4833984375 0.8046875 0.505859375 0.7822265625
3 0.5107421875 0.552734375 0.4892578125 0.57421875 0.490234375 0.5947265625 0.5029296875 0.611328125 0.5283203125 0.615234375 0.541015625 0.6064453125 0.548828125 0.5751953125 0.5361328125 0.556640625 0.5107421875 0.552734375
3 0.5810546875 0.919921875 0.5439453125 0.884765625 0.4951171875 0.85546875 0.4306640625 0.849609375 0.376953125 0.8759765625 0.353515625 0.9267578125 0.330078125 0.9482421875 0.3271484375 0.974609375 0.326171875 0.9951171875 0.3330078125 0.998046875 0.6064453125 0.99609375 0.626953125 0.9736328125 0.638671875 0.9404296875 0.6259765625 0.919921875 0.5810546875 0.919921875
3 0.140625 0.6083984375 0.1337890625 0.59765625 0.0869140625 0.56640625 0.0302734375 0.5625 0.0009765625 0.568359375 0 0.7646484375 0.0615234375 0.763671875 0.0966796875 0.744140625 0.11328125 0.7138671875 0.130859375 0.7021484375 0.14453125 0.6591796875 0.140625 0.6083984375
3 0.162109375 0.3955078125 0.138671875 0.3291015625 0.0927734375 0.2890625 0.0380859375 0.283203125 0.0009765625 0.296875 0 0.4658203125 0.0458984375 0.474609375 0.1005859375 0.466796875 0.13671875 0.4287109375 0.14453125 0.4091796875 0.1552734375 0.40625 0.162109375 0.3955078125
3 0.3955078125 0.03125 0.4482421875 0.044921875 0.5087890625 0.041015625 0.5322265625 0.029296875 0.556640625 0.0009765625 0.3544921875 0 0.3955078125 0.03125
3 0.7578125 0.0341796875 0.759765625 0.0029296875 0.6201171875 0 0.6162109375 0.01953125 0.6171875 0.0400390625 0.6357421875 0.0703125 0.6572265625 0.087890625 0.6923828125 0.091796875 0.7119140625 0.087890625 0.7421875 0.0654296875 0.7578125 0.0341796875
3 0.8154296875 0.10546875 0.7998046875 0.12109375 0.80078125 0.1455078125 0.8154296875 0.16015625 0.8427734375 0.158203125 0.859375 0.1357421875 0.857421875 0.1162109375 0.8388671875 0.10546875 0.8154296875 0.10546875