3 0.7548828125 0.24609375 0.8056640625 0.2421875 0.8837890625 0.21875 0.9384765625 0.189453125 0.955078125 0.1708984375 0.974609375 0.1240234375 0.9736328125 0.087890625 0.94921875 0.0439453125 0.9033203125 0.009765625 0.8681640625 0.005859375 0.7490234375 0.01171875 0.7041015625 0.04296875 0.669921875 0.0888671875 0.6640625 0.1435546875 0.673828125 0.1982421875 0.6982421875 0.23046875 0.7548828125 0.24609375
3 0.8583984375 0.5 0.9482421875 0.498046875 0.9990234375 0.478515625 0.9990234375 0.25 0.9619140625 0.23046875 0.9130859375 0.220703125 0.8212890625 0.2421875 0.7861328125 0.2578125 0.7421875 0.2939453125 0.7109375 0.3525390625 0.716796875 0.3935546875 0.734375 0.4306640625 0.7822265625 0.470703125 0.8583984375 0.5
3 0.6357421875 0.41796875 0.609375 0.4423828125 0.609375 0.4833984375 0.6220703125 0.494140625 0.6591796875 0.49609375 0.69921875 0.4697265625 0.7021484375 0.443359375 0.6630859375 0.41796875 0.6357421875 0.41796875
3 0.1005859375 0.740234375 0.1533203125 0.73828125 0.1943359375 0.72265625 0.21484375 0.7080078125 0.24609375 0.6494140625 0.2451171875 0.623046875 0.23828125 0.5986328125 0.2080078125 0.5625 0.1826171875 0.55078125 0.1083984375 0.55078125 0.0810546875 0.564453125 0.048828125 0.6005859375 0.037109375 0.6689453125 0.05078125 0.7080078125 0.0869140625 0.734375 0.1005859375 0.740234375
3 0.255859375 0.9599609375 0.2685546875 0.970703125 0.3212890625 0.990234375 0.3447265625 0.9921875 0.3720703125 0.9765625 0.3984375 0.9462890625 0.4013671875 0.89453125 0.3759765625 0.861328125 0.3525390625 0.853515625 0.3408203125 0.837890625 0.3115234375 0.833984375 0.2919921875 0.841796875 0.2890625 0.8583984375 0.2578125 0.8779296875 0.24609375 0.8974609375 0.2421875 0.9189453125 0.255859375 0.9599609375
3 0.9736328125 1 0.9794921875 0.966796875 0.96875 0.9443359375 0.966796875 0.9228515625 0.9453125 0.8935546875 0.9326171875 0.884765625 0.9111328125 0.8828125 0.8955078125 0.869140625 0.8837890625 0.869140625 0.8291015625 0.888671875 0.802734375 0.9130859375 0.7890625 0.9580078125 0.7890625 0.9912109375 0.7939453125 1 0.9736328125 1
3 0.6162109375 0.234375 0.640625 0.2041015625 0.6416015625 0.181640625 0.63671875 0.1357421875 0.6083984375 0.11328125 0.5712890625 0.11328125 0.5390625 0.1376953125 0.529296875 0.1591796875 0.52734375 0.1884765625 0.53515625 0.2041015625 0.5576171875 0.23046875 0.5771484375 0.23828125 0.6162109375 0.234375
3 0.2373046875 0.16015625 0.2548828125 0.166015625 0.3115234375 0.16796875 0.34765625 0.1494140625 0.35546875 0.1279296875 0.38671875 0.0849609375 0.3857421875 0.068359375 0.365234375 0.0439453125 0.36328125 0.0302734375 0.3486328125 0.017578125 0.3134765625 0.0078125 0.2763671875 0.009765625 0.2412109375 0.0234375 0.205078125 0.0517578125 0.19921875 0.1025390625 0.216796875 0.1396484375 0.2373046875 0.16015625
3 0.107421875 0.3369140625 0.14453125 0.2763671875 0.1455078125 0.18359375 0.125 0.1591796875 0.1171875 0.1357421875 0.10546875 0.1259765625 0.0908203125 0.09765625 0.0478515625 0.078125 0 0.0888671875 0.0009765625 0.37890625 0.0498046875 0.373046875 0.0908203125 0.353515625 0.107421875 0.3369140625
3 0.6474609375 0 0.560546875 0.0009765625 0.5869140625 0.033203125 0.6201171875 0.0390625 0.642578125 0.0224609375 0.6474609375 0
3 0.6787109375 0.25390625 0.66796875 0.2763671875 0.669921875 0.2978515625 0.6787109375 0.3046875 0.7021484375 0.302734375 0.71484375 0.2861328125 0.7138671875 0.267578125 0.7001953125 0.251953125 0.6787109375 0.25390625