3 0.544921875 0.2802734375 0.55859375 0.2392578125 0.583984375 0.2177734375 0.595703125 0.1982421875 0.5947265625 0.169921875 0.580078125 0.1337890625 0.5380859375 0.095703125 0.5185546875 0.087890625 0.4580078125 0.099609375 0.431640625 0.1279296875 0.42578125 0.1474609375 0.43359375 0.2138671875 0.4814453125 0.26953125 0.5185546875 0.291015625 0.544921875 0.2802734375
3 0.357421875 0.4580078125 0.3837890625 0.486328125 0.4228515625 0.501953125 0.4970703125 0.494140625 0.52734375 0.4443359375 0.5302734375 0.41015625 0.52734375 0.3935546875 0.5068359375 0.36328125 0.4423828125 0.31640625 0.4208984375 0.30859375 0.3896484375 0.310546875 0.369140625 0.3251953125 0.359375 0.3623046875 0.345703125 0.3857421875 0.345703125 0.4228515625 0.357421875 0.4580078125
3 0.7587890625 0.615234375 0.806640625 0.5732421875 0.81640625 0.5498046875 0.8173828125 0.5234375 0.80859375 0.5009765625 0.7861328125 0.48046875 0.7294921875 0.47265625 0.7021484375 0.478515625 0.6953125 0.4853515625 0.677734375 0.5380859375 0.6953125 0.5869140625 0.7099609375 0.6015625 0.7314453125 0.615234375 0.7587890625 0.615234375
3 0.9658203125 0.7578125 0.974609375 0.7431640625 0.984375 0.7060546875 0.9833984375 0.6640625 0.9765625 0.6435546875 0.9501953125 0.619140625 0.9189453125 0.619140625 0.8984375 0.6435546875 0.896484375 0.6767578125 0.90234375 0.7041015625 0.91796875 0.7275390625 0.921875 0.7470703125 0.9423828125 0.76171875 0.9658203125 0.7578125
3 0.9599609375 0.337890625 0.9853515625 0.333984375 1 0.3251953125 0.9990234375 0.162109375 0.9755859375 0.140625 0.9326171875 0.12890625 0.9033203125 0.138671875 0.875 0.1689453125 0.865234375 0.2001953125 0.865234375 0.2294921875 0.875 0.2646484375 0.896484375 0.3056640625 0.9208984375 0.33203125 0.9599609375 0.337890625
3 0.1796875 0.7099609375 0.2001953125 0.767578125 0.2783203125 0.806640625 0.3642578125 0.8203125 0.3798828125 0.81640625 0.427734375 0.7802734375 0.43359375 0.7626953125 0.4326171875 0.72265625 0.419921875 0.6708984375 0.388671875 0.6259765625 0.3505859375 0.595703125 0.2958984375 0.595703125 0.2353515625 0.580078125 0.19140625 0.5810546875 0.189453125 0.6083984375 0.17578125 0.6298828125 0.17578125 0.6806640625 0.1796875 0.7099609375
3 0.4482421875 1 0.4482421875 0.9765625 0.435546875 0.9306640625 0.376953125 0.8583984375 0.3603515625 0.84765625 0.2451171875 0.818359375 0.2119140625 0.8203125 0.1806640625 0.833984375 0.158203125 0.8642578125 0.15234375 0.8916015625 0.154296875 0.9404296875 0.1826171875 1 0.4482421875 1
3 0 0.9052734375 0.0107421875 0.91796875 0.0498046875 0.94140625 0.0869140625 0.943359375 0.109375 0.9208984375 0.1123046875 0.876953125 0.107421875 0.8486328125 0.0830078125 0.8203125 0.0712890625 0.814453125 0.0361328125 0.81640625 0.025390625 0.8212890625 0 0.8583984375 0 0.9052734375
3 0.0966796875 0.748046875 0.119140625 0.7314453125 0.12890625 0.7119140625 0.1318359375 0.673828125 0.119140625 0.6337890625 0.0869140625 0.609375 0.0341796875 0.6171875 0.009765625 0.6435546875 0.009765625 0.6552734375 0.029296875 0.6845703125 0.044921875 0.7294921875 0.0556640625 0.744140625 0.0751953125 0.751953125 0.0966796875 0.748046875
3 0 0.6044921875 0.0166015625 0.60546875 0.0673828125 0.583984375 0.08203125 0.5595703125 0.0830078125 0.533203125 0.0234375 0.4560546875 0.0009765625 0.44140625 0 0.6044921875
3 0.0576171875 0.46484375 0.0966796875 0.458984375 0.1259765625 0.4453125 0.140625 0.4306640625 0.1435546875 0.392578125 0.138671875 0.3603515625 0.1259765625 0.341796875 0.1103515625 0.333984375 0.0791015625 0.333984375 0.0546875 0.3603515625 0.037109375 0.4033203125 0.02734375 0.4130859375 0.02734375 0.4248046875 0.04296875 0.4541015625 0.0576171875 0.46484375
3 0.236328125 0.1376953125 0.244140625 0.1220703125 0.2431640625 0.109375 0.234375 0.0849609375 0.2041015625 0.05859375 0.1591796875 0.0546875 0.142578125 0.0712890625 0.140625 0.0966796875 0.146484375 0.1201171875 0.162109375 0.1435546875 0.1787109375 0.15625 0.2197265625 0.15625 0.236328125 0.1376953125
3 0.12890625 0.1044921875 0.1142578125 0.091796875 0.0576171875 0.099609375 0.041015625 0.1181640625 0.037109375 0.1494140625 0.04296875 0.1865234375 0.0908203125 0.212890625 0.134765625 0.2041015625 0.1474609375 0.150390625 0.12890625 0.1044921875
3 0.1142578125 0.056640625 0.1015625 0.0341796875 0.0693359375 0.009765625 0.0439453125 0.005859375 0.033203125 0.0126953125 0.037109375 0.0693359375 0.0478515625 0.08984375 0.0673828125 0.09375 0.1044921875 0.087890625 0.115234375 0.0751953125 0.1142578125 0.056640625
3 0.0009765625 0.021484375 0.0009765625 0.17578125 0.015625 0.1689453125 0.02734375 0.1455078125 0.0302734375 0.06640625 0.0234375 0.0380859375 0.0107421875 0.0234375 0.0009765625 0.021484375
3 0.7607421875 0 0.759765625 0.0146484375 0.7646484375 0.0234375 0.7900390625 0.025390625 0.8173828125 0.052734375 0.8720703125 0.0625 0.8857421875 0.05859375 0.90625 0.0400390625 0.916015625 0.0205078125 0.9169921875 0 0.7607421875 0
3 0.9521484375 0.3828125 0.9404296875 0.3828125 0.9296875 0.3916015625 0.91796875 0.4150390625 0.916015625 0.4443359375 0.9306640625 0.4765625 0.9560546875 0.48828125 1 0.4931640625 0.9990234375 0.392578125 0.9521484375 0.3828125
3 0.841796875 0.9013671875 0.875 0.9501953125 0.9287109375 0.9921875 0.9482421875 1 1 0.9990234375 0.9990234375 0.890625 0.9638671875 0.876953125 0.9423828125 0.861328125 0.927734375 0.8291015625 0.9111328125 0.8125 0.8486328125 0.787109375 0.84375 0.7919921875 0.8515625 0.8330078125 0.845703125 0.8544921875 0.83203125 0.8701171875 0.841796875 0.9013671875