3 0.640625 0.0654296875 0.6064453125 0.03515625 0.5693359375 0.021484375 0.5224609375 0.01953125 0.4658203125 0.03125 0.4150390625 0.060546875 0.39453125 0.0849609375 0.38671875 0.1201171875 0.376953125 0.1279296875 0.373046875 0.1435546875 0.392578125 0.1513671875 0.39453125 0.1708984375 0.423828125 0.2158203125 0.4658203125 0.25390625 0.4970703125 0.265625 0.5205078125 0.26171875 0.541015625 0.2685546875 0.5947265625 0.2421875 0.64453125 0.2021484375 0.646484375 0.1826171875 0.63671875 0.1552734375 0.63671875 0.1318359375 0.650390625 0.1025390625 0.650390625 0.0888671875 0.640625 0.0654296875
3 0.7666015625 0.232421875 0.7490234375 0.232421875 0.7275390625 0.2421875 0.703125 0.2646484375 0.68359375 0.3037109375 0.68359375 0.3330078125 0.693359375 0.3662109375 0.7216796875 0.392578125 0.755859375 0.3955078125 0.7744140625 0.38671875 0.798828125 0.3603515625 0.80859375 0.3447265625 0.814453125 0.3154296875 0.814453125 0.2900390625 0.806640625 0.2666015625 0.7841796875 0.240234375 0.7666015625 0.232421875
3 0.4912109375 0.546875 0.4443359375 0.55078125 0.412109375 0.5712890625 0.388671875 0.6123046875 0.388671875 0.7431640625 0.4189453125 0.78125 0.4677734375 0.8125 0.521484375 0.8134765625 0.5732421875 0.791015625 0.59375 0.7744140625 0.61328125 0.7353515625 0.611328125 0.6787109375 0.595703125 0.6396484375 0.5546875 0.5849609375 0.5322265625 0.564453125 0.4912109375 0.546875
3 0.1865234375 0.58203125 0.15234375 0.6220703125 0.14453125 0.6396484375 0.14453125 0.7001953125 0.1640625 0.7431640625 0.1943359375 0.771484375 0.2236328125 0.787109375 0.2734375 0.7880859375 0.3095703125 0.771484375 0.3359375 0.7431640625 0.34375 0.6728515625 0.33984375 0.6357421875 0.3115234375 0.591796875 0.2685546875 0.56640625 0.2294921875 0.5625 0.1865234375 0.58203125
3 0.0390625 0.4912109375 0.03515625 0.5185546875 0.04296875 0.5419921875 0.07421875 0.5712890625 0.076171875 0.5810546875 0.083984375 0.5830078125 0.1162109375 0.57421875 0.1513671875 0.552734375 0.177734375 0.5166015625 0.166015625 0.4697265625 0.1298828125 0.435546875 0.0830078125 0.443359375 0.046875 0.4716796875 0.0390625 0.4912109375
3 0.220703125 0.9990234375 0.1591796875 0.9453125 0.1064453125 0.9296875 0.0712890625 0.931640625 0.0498046875 0.939453125 0.02734375 0.9560546875 0.00390625 0.9931640625 0.0048828125 1 0.220703125 0.9990234375
3 0.2978515625 1 0.609375 0.9990234375 0.5458984375 0.939453125 0.5166015625 0.921875 0.4775390625 0.91015625 0.4345703125 0.91015625 0.3857421875 0.927734375 0.3291015625 0.95703125 0.296875 0.9951171875 0.2978515625 1
3 0.3486328125 0.78515625 0.3115234375 0.7890625 0.2783203125 0.814453125 0.26953125 0.8310546875 0.267578125 0.8798828125 0.2734375 0.8955078125 0.2998046875 0.92578125 0.341796875 0.9306640625 0.3916015625 0.904296875 0.408203125 0.8837890625 0.416015625 0.8623046875 0.4140625 0.8408203125 0.384765625 0.8056640625 0.380859375 0.7802734375 0.3701171875 0.775390625 0.3486328125 0.78515625
3 0.7158203125 0.7890625 0.69921875 0.8056640625 0.693359375 0.8212890625 0.693359375 0.8583984375 0.7041015625 0.88671875 0.7490234375 0.916015625 0.76171875 0.9150390625 0.7802734375 0.9140625 0.80859375 0.8876953125 0.818359375 0.8388671875 0.806640625 0.8076171875 0.7939453125 0.79296875 0.7724609375 0.783203125 0.7451171875 0.78125 0.7158203125 0.7890625
3 1 0.3662109375 0.9619140625 0.349609375 0.8955078125 0.37109375 0.8623046875 0.373046875 0.8427734375 0.380859375 0.818359375 0.4111328125 0.80859375 0.4404296875 0.810546875 0.4970703125 0.8359375 0.5517578125 0.8662109375 0.583984375 0.8916015625 0.59765625 0.94921875 0.6025390625 1 0.5888671875 1 0.3662109375
3 1 0.9990234375 0.9990234375 0.740234375 0.9541015625 0.765625 0.91015625 0.8115234375 0.888671875 0.8603515625 0.884765625 0.9091796875 0.89453125 0.9423828125 0.9423828125 0.99609375 1 0.9990234375
3 0.7607421875 0.9609375 0.7255859375 0.96484375 0.7001953125 0.974609375 0.673828125 0.9970703125 0.859375 0.9990234375 0.8212890625 0.9765625 0.7607421875 0.9609375