3 1 0.1943359375 0.9697265625 0.189453125 0.9287109375 0.203125 0.90234375 0.2314453125 0.890625 0.2626953125 0.890625 0.2958984375 0.904296875 0.3330078125 0.9189453125 0.3515625 0.9443359375 0.37109375 0.9765625 0.3818359375 1 0.3818359375 1 0.1943359375
3 0.9130859375 0.517578125 0.8837890625 0.501953125 0.8544921875 0.501953125 0.8271484375 0.515625 0.8125 0.5302734375 0.8046875 0.5478515625 0.8046875 0.5908203125 0.810546875 0.6044921875 0.8447265625 0.638671875 0.876953125 0.6513671875 0.9091796875 0.650390625 0.939453125 0.6279296875 0.947265625 0.5751953125 0.9296875 0.5322265625 0.9130859375 0.517578125
3 0.576171875 0.7431640625 0.5380859375 0.69921875 0.5048828125 0.67578125 0.4755859375 0.6796875 0.4560546875 0.689453125 0.44140625 0.7060546875 0.431640625 0.7373046875 0.431640625 0.7646484375 0.4453125 0.7958984375 0.4580078125 0.8125 0.482421875 0.8291015625 0.5185546875 0.830078125 0.5439453125 0.822265625 0.576171875 0.7958984375 0.583984375 0.7783203125 0.576171875 0.7431640625
3 0.97265625 0.6337890625 0.99609375 0.6533203125 1 0.5537109375 0.9873046875 0.552734375 0.96484375 0.5732421875 0.962890625 0.6044921875 0.97265625 0.6337890625
3 0.5849609375 0.44921875 0.5517578125 0.44921875 0.53515625 0.4658203125 0.533203125 0.5048828125 0.546875 0.5322265625 0.5693359375 0.5546875 0.58203125 0.5576171875 0.6083984375 0.5546875 0.623046875 0.5419921875 0.626953125 0.5029296875 0.62109375 0.4755859375 0.5849609375 0.44921875
3 0.2880859375 0.880859375 0.2529296875 0.876953125 0.2177734375 0.888671875 0.1806640625 0.90625 0.171875 0.9169921875 0.169921875 0.9990234375 0.3427734375 1 0.345703125 0.9736328125 0.333984375 0.9228515625 0.3212890625 0.904296875 0.2880859375 0.880859375
3 0.20703125 0.8740234375 0.21875 0.8486328125 0.21875 0.8330078125 0.197265625 0.7900390625 0.1513671875 0.75 0.0634765625 0.689453125 0.0009765625 0.671875 0 0.9306640625 0.0556640625 0.982421875 0.0859375 0.9951171875 0.1259765625 0.99609375 0.146484375 0.9853515625 0.162109375 0.9541015625 0.1640625 0.9091796875 0.20703125 0.8740234375
3 0.2041015625 0.087890625 0.1689453125 0.08984375 0.154296875 0.1005859375 0.1484375 0.1142578125 0.15234375 0.1396484375 0.1689453125 0.158203125 0.185546875 0.1630859375 0.2099609375 0.158203125 0.2265625 0.1396484375 0.23046875 0.1259765625 0.22265625 0.1025390625 0.2041015625 0.087890625
3 0.0625 0.0732421875 0.0458984375 0.0546875 0.0283203125 0.044921875 0.0009765625 0.046875 0 0.1201171875 0.025390625 0.1396484375 0.0361328125 0.140625 0.060546875 0.1240234375 0.0703125 0.1103515625 0.0703125 0.0927734375 0.0625 0.0732421875
3 0.0830078125 0.162109375 0.052734375 0.1669921875 0.05078125 0.1962890625 0.06640625 0.2080078125 0.0888671875 0.208984375 0.103515625 0.1962890625 0.10546875 0.1845703125 0.0966796875 0.16796875 0.0830078125 0.162109375
3 0.5009765625 0.091796875 0.490234375 0.1005859375 0.494140625 0.1259765625 0.51171875 0.1396484375 0.5322265625 0.13671875 0.54296875 0.1220703125 0.541015625 0.1044921875 0.5322265625 0.09375 0.5009765625 0.091796875
3 0.3291015625 0.40625 0.2978515625 0.404296875 0.2734375 0.4267578125 0.2734375 0.4541015625 0.2919921875 0.48046875 0.322265625 0.4990234375 0.3369140625 0.498046875 0.35546875 0.4775390625 0.361328125 0.4365234375 0.3505859375 0.419921875 0.3291015625 0.40625
3 0.4111328125 0.919921875 0.3857421875 0.923828125 0.361328125 0.9423828125 0.361328125 0.9990234375 0.541015625 0.9990234375 0.5244140625 0.974609375 0.4755859375 0.9375 0.4326171875 0.919921875 0.4111328125 0.919921875