3 0.228515625 0.7626953125 0.1923828125 0.783203125 0.162109375 0.8212890625 0.1484375 0.8603515625 0.15234375 0.9111328125 0.1826171875 0.951171875 0.2294921875 0.970703125 0.2744140625 0.966796875 0.3115234375 0.955078125 0.3310546875 0.9453125 0.36328125 0.9033203125 0.3671875 0.8623046875 0.359375 0.8369140625 0.326171875 0.7880859375 0.3037109375 0.767578125 0.2861328125 0.76171875 0.228515625 0.7626953125
3 0.455078125 0.5888671875 0.4052734375 0.599609375 0.3681640625 0.623046875 0.337890625 0.6630859375 0.326171875 0.6982421875 0.333984375 0.7509765625 0.361328125 0.7998046875 0.3837890625 0.82421875 0.4267578125 0.84375 0.4697265625 0.8359375 0.5068359375 0.81640625 0.548828125 0.7685546875 0.55859375 0.7353515625 0.556640625 0.6728515625 0.5390625 0.6259765625 0.5009765625 0.59375 0.455078125 0.5888671875
3 0.677734375 0.6005859375 0.6376953125 0.61328125 0.62109375 0.6259765625 0.6015625 0.6552734375 0.595703125 0.6884765625 0.59765625 0.7333984375 0.607421875 0.7587890625 0.6376953125 0.7890625 0.6650390625 0.796875 0.7060546875 0.794921875 0.7333984375 0.779296875 0.7578125 0.7568359375 0.787109375 0.6943359375 0.783203125 0.6630859375 0.7607421875 0.626953125 0.7294921875 0.603515625 0.677734375 0.6005859375
3 0.8544921875 0.337890625 0.826171875 0.3603515625 0.814453125 0.3818359375 0.8125 0.4111328125 0.83203125 0.4580078125 0.8642578125 0.494140625 0.9169921875 0.5 0.9462890625 0.490234375 0.986328125 0.4599609375 0.99609375 0.4345703125 0.99609375 0.3994140625 0.982421875 0.3603515625 0.9638671875 0.33984375 0.9169921875 0.32421875 0.89453125 0.3251953125 0.8544921875 0.337890625
3 0.888671875 0.8388671875 0.90234375 0.8818359375 0.9248046875 0.90625 0.9521484375 0.921875 0.9677734375 0.923828125 0.9892578125 0.921875 0.998046875 0.9150390625 0.998046875 0.6962890625 0.984375 0.6923828125 0.9423828125 0.70703125 0.90625 0.7490234375 0.890625 0.7822265625 0.888671875 0.8388671875
3 0.3603515625 0.125 0.3935546875 0.12109375 0.44140625 0.0205078125 0.4404296875 0 0.185546875 0.0009765625 0.1875 0.0634765625 0.201171875 0.0927734375 0.2626953125 0.134765625 0.2919921875 0.140625 0.3369140625 0.13671875 0.3603515625 0.125
3 0 0.0009765625 0.0009765625 0.150390625 0.0283203125 0.15234375 0.0673828125 0.142578125 0.13671875 0.0966796875 0.14453125 0.0634765625 0.138671875 0.0185546875 0.1279296875 0 0 0.0009765625
3 0.5810546875 0.189453125 0.6220703125 0.2109375 0.6591796875 0.2109375 0.7021484375 0.19140625 0.732421875 0.1396484375 0.724609375 0.1044921875 0.6904296875 0.083984375 0.6279296875 0.068359375 0.59375 0.0673828125 0.564453125 0.0908203125 0.55078125 0.1201171875 0.556640625 0.1630859375 0.5810546875 0.189453125
3 0.86328125 0.0947265625 0.8828125 0.1376953125 0.8974609375 0.15234375 0.9560546875 0.169921875 0.9892578125 0.158203125 0.998046875 0.1474609375 0.998046875 0.0673828125 0.994140625 0.0556640625 0.9736328125 0.0390625 0.9462890625 0.029296875 0.931640625 0.0302734375 0.8798828125 0.048828125 0.8671875 0.0654296875 0.86328125 0.0947265625
3 0.9169921875 0.267578125 0.931640625 0.2490234375 0.9296875 0.2060546875 0.9052734375 0.1875 0.873046875 0.1806640625 0.8408203125 0.193359375 0.82421875 0.2119140625 0.82421875 0.2509765625 0.8525390625 0.279296875 0.8857421875 0.27734375 0.9169921875 0.267578125
3 0.755859375 0.0146484375 0.7548828125 0 0.59375 0.0009765625 0.599609375 0.0185546875 0.6142578125 0.029296875 0.6435546875 0.041015625 0.6982421875 0.048828125 0.7275390625 0.046875 0.751953125 0.0263671875 0.755859375 0.0146484375