3 0.740234375 0.8876953125 0.7236328125 0.873046875 0.7021484375 0.8671875 0.6513671875 0.87109375 0.6279296875 0.884765625 0.6103515625 0.91015625 0.609375 0.9384765625 0.6171875 0.9658203125 0.6416015625 0.98828125 0.6572265625 0.98828125 0.6923828125 0.966796875 0.7333984375 0.951171875 0.75 0.9306640625 0.75 0.9072265625 0.740234375 0.8876953125
3 0.9375 0.9013671875 0.9228515625 0.890625 0.8720703125 0.88671875 0.8388671875 0.8984375 0.8203125 0.9150390625 0.8154296875 0.927734375 0.814453125 0.9541015625 0.8212890625 0.974609375 0.8369140625 0.98046875 0.8505859375 0.99609375 0.9033203125 0.998046875 0.919921875 0.9853515625 0.9375 0.9560546875 0.9453125 0.9208984375 0.9375 0.9013671875
3 0.7314453125 0.564453125 0.6728515625 0.578125 0.6171875 0.6201171875 0.595703125 0.6513671875 0.59765625 0.6943359375 0.5810546875 0.775390625 0.5830078125 0.8046875 0.6103515625 0.80859375 0.6318359375 0.822265625 0.7138671875 0.81640625 0.7412109375 0.802734375 0.767578125 0.7978515625 0.806640625 0.7197265625 0.8203125 0.6533203125 0.818359375 0.6220703125 0.7783203125 0.56640625 0.7314453125 0.564453125
3 0.9990234375 0.55078125 0.9794921875 0.548828125 0.9306640625 0.5625 0.85546875 0.6259765625 0.8359375 0.6748046875 0.8212890625 0.75 0.8203125 0.7822265625 0.828125 0.8076171875 0.8662109375 0.83984375 0.9287109375 0.845703125 1 0.8154296875 0.9990234375 0.55078125
3 0.607421875 0.9912109375 0.5859375 0.9326171875 0.5654296875 0.91796875 0.5380859375 0.9140625 0.5126953125 0.92578125 0.4423828125 0.9921875 0.4462890625 0.998046875 0.6025390625 0.998046875 0.607421875 0.9912109375
3 0.4111328125 0.466796875 0.3896484375 0.47265625 0.359375 0.4951171875 0.349609375 0.5166015625 0.314453125 0.5595703125 0.3095703125 0.583984375 0.31640625 0.6201171875 0.3349609375 0.6328125 0.3916015625 0.654296875 0.4521484375 0.64453125 0.486328125 0.6142578125 0.49609375 0.5947265625 0.501953125 0.5537109375 0.49609375 0.5048828125 0.4736328125 0.484375 0.4423828125 0.470703125 0.4111328125 0.466796875
3 0.16015625 0.7861328125 0.1416015625 0.763671875 0.1103515625 0.75390625 0.0830078125 0.765625 0.060546875 0.7880859375 0.0537109375 0.8125 0.0546875 0.8408203125 0.0654296875 0.853515625 0.1123046875 0.85546875 0.1396484375 0.83984375 0.15625 0.8212890625 0.16015625 0.7861328125
3 0.212890625 0.9091796875 0.20703125 0.8642578125 0.1630859375 0.849609375 0.1220703125 0.859375 0.1025390625 0.869140625 0.0908203125 0.884765625 0.09765625 0.9423828125 0.1201171875 0.958984375 0.1865234375 0.955078125 0.212890625 0.9091796875
3 0.0869140625 1 0.17578125 0.9951171875 0.1669921875 0.98046875 0.1201171875 0.96484375 0.0439453125 0.970703125 0.0205078125 0.9921875 0.0244140625 0.998046875 0.0869140625 1
3 0.1513671875 0.849609375 0.1025390625 0.8671875 0.0869140625 0.884765625 0.0478515625 0.884765625 0.0234375 0.9052734375 0.0068359375 0.9375 0.005859375 0.9599609375 0.0146484375 0.966796875 0.0693359375 0.962890625 0.0869140625 0.95703125 0.0947265625 0.947265625 0.1044921875 0.955078125 0.1337890625 0.9609375 0.1826171875 0.95703125 0.193359375 0.9482421875 0.2109375 0.9150390625 0.20703125 0.8662109375 0.1513671875 0.849609375
3 0.2177734375 0.412109375 0.1884765625 0.400390625 0.1591796875 0.404296875 0.1298828125 0.41796875 0.09765625 0.4560546875 0.0888671875 0.4765625 0.08984375 0.5107421875 0.1015625 0.5439453125 0.1318359375 0.568359375 0.1748046875 0.57421875 0.2099609375 0.568359375 0.2470703125 0.541015625 0.283203125 0.5009765625 0.291015625 0.4697265625 0.2763671875 0.44921875 0.2392578125 0.439453125 0.2177734375 0.412109375
3 0.1630859375 0 0.140625 0.0224609375 0.1318359375 0.044921875 0.130859375 0.0751953125 0.140625 0.0966796875 0.1689453125 0.123046875 0.2099609375 0.134765625 0.2822265625 0.1171875 0.326171875 0.0849609375 0.337890625 0.0576171875 0.3359375 0.0185546875 0.3251953125 0 0.1630859375 0
3 0.5732421875 0.19140625 0.5498046875 0.181640625 0.5205078125 0.181640625 0.4990234375 0.19140625 0.478515625 0.2138671875 0.4736328125 0.24609375 0.47265625 0.2763671875 0.478515625 0.2958984375 0.4931640625 0.30859375 0.5263671875 0.3203125 0.5517578125 0.318359375 0.5810546875 0.306640625 0.615234375 0.2666015625 0.61328125 0.2333984375 0.595703125 0.2099609375 0.5732421875 0.19140625
3 0.7578125 0.0615234375 0.76171875 0.0439453125 0.7470703125 0.0234375 0.6845703125 0.01171875 0.6416015625 0.0234375 0.6201171875 0.048828125 0.619140625 0.0791015625 0.6279296875 0.091796875 0.6494140625 0.1015625 0.6748046875 0.1015625 0.6982421875 0.09765625 0.7451171875 0.07421875 0.7578125 0.0615234375
3 0 0.2119140625 0.0205078125 0.212890625 0.052734375 0.1826171875 0.0625 0.1181640625 0.0361328125 0.087890625 0.0009765625 0.080078125 0 0.2119140625
3 1 0.0009765625 0.8955078125 0 0.865234375 0.0537109375 0.8271484375 0.07421875 0.814453125 0.0888671875 0.7919921875 0.142578125 0.7939453125 0.150390625 0.8193359375 0.14453125 0.8505859375 0.1484375 0.8740234375 0.162109375 0.9033203125 0.150390625 0.9345703125 0.125 0.9541015625 0.119140625 0.994140625 0.0634765625 1 0.0478515625 1 0.0009765625
3 0.533203125 0.0244140625 0.5322265625 0 0.521484375 0.0009765625 0.51953125 0.0302734375 0.5107421875 0.025390625 0.5068359375 0.03125 0.5166015625 0.03515625 0.533203125 0.0244140625
3 0.4765625 0.0693359375 0.4951171875 0.021484375 0.5 0.0283203125 0.5 0.0009765625 0.3935546875 0 0.3837890625 0.0390625 0.3828125 0.0576171875 0.3916015625 0.068359375 0.4169921875 0.08203125 0.4404296875 0.083984375 0.4765625 0.0693359375