3 0 0.3740234375 0.0458984375 0.3984375 0.0810546875 0.3984375 0.1025390625 0.38671875 0.134765625 0.3486328125 0.146484375 0.2978515625 0.142578125 0.2568359375 0.1328125 0.2314453125 0.1083984375 0.203125 0.0478515625 0.169921875 0.013671875 0.1669921875 0 0.1708984375 0 0.3740234375
3 0.7138671875 1 0.720703125 0.9716796875 0.7109375 0.9345703125 0.712890625 0.8447265625 0.6953125 0.8056640625 0.6826171875 0.7890625 0.6630859375 0.779296875 0.59765625 0.7724609375 0.5595703125 0.79296875 0.52734375 0.8408203125 0.521484375 0.8837890625 0.5390625 0.9326171875 0.564453125 0.9638671875 0.5703125 0.9833984375 0.5947265625 1 0.7138671875 1
3 0.822265625 0.4697265625 0.7705078125 0.48046875 0.736328125 0.5185546875 0.73828125 0.5654296875 0.7666015625 0.59765625 0.7841796875 0.603515625 0.8134765625 0.599609375 0.8271484375 0.59375 0.841796875 0.5732421875 0.845703125 0.5185546875 0.830078125 0.4736328125 0.822265625 0.4697265625
3 0.46875 0.0810546875 0.435546875 0.1044921875 0.431640625 0.1337890625 0.4482421875 0.158203125 0.4775390625 0.166015625 0.50390625 0.1494140625 0.513671875 0.1162109375 0.5078125 0.0986328125 0.4931640625 0.08203125 0.46875 0.0810546875
3 0.912109375 0.4521484375 0.8984375 0.4716796875 0.876953125 0.5576171875 0.884765625 0.6142578125 0.9033203125 0.638671875 0.947265625 0.5712890625 0.9609375 0.5283203125 0.9609375 0.5087890625 0.94921875 0.4755859375 0.9306640625 0.455078125 0.912109375 0.4521484375
3 0.99609375 0.5673828125 0.9619140625 0.5859375 0.94140625 0.6064453125 0.91796875 0.6474609375 0.91796875 0.6689453125 0.9296875 0.7060546875 0.9697265625 0.728515625 1 0.7255859375 0.99609375 0.5673828125
3 0.705078125 0.0009765625 0.7314453125 0.02734375 0.7802734375 0.041015625 0.8076171875 0.0390625 0.861328125 0.0009765625 0.705078125 0.0009765625
3 0.173828125 0.1455078125 0.15625 0.1552734375 0.15234375 0.1904296875 0.1708984375 0.21484375 0.1962890625 0.216796875 0.20703125 0.2099609375 0.21484375 0.1943359375 0.21875 0.1689453125 0.2060546875 0.1484375 0.173828125 0.1455078125
3 0.99609375 0.1748046875 0.9755859375 0.18359375 0.94921875 0.2158203125 0.94921875 0.2568359375 0.9609375 0.2802734375 0.9794921875 0.29296875 1 0.2919921875 0.99609375 0.1748046875
3 0.396484375 0.9697265625 0.3662109375 0.984375 0.353515625 0.9990234375 0.453125 0.9990234375 0.4248046875 0.97265625 0.396484375 0.9697265625
3 0.244140625 0.5283203125 0.234375 0.5419921875 0.23828125 0.5634765625 0.2490234375 0.572265625 0.2646484375 0.5703125 0.2734375 0.5615234375 0.267578125 0.5380859375 0.2587890625 0.529296875 0.244140625 0.5283203125