3 0.9990234375 0.529296875 1 0.1455078125 0.9306640625 0.138671875 0.8720703125 0.166015625 0.82421875 0.2255859375 0.8046875 0.2705078125 0.7998046875 0.302734375 0.806640625 0.4013671875 0.84765625 0.4619140625 0.8955078125 0.49609375 0.9599609375 0.5234375 0.9990234375 0.529296875
3 0.779296875 0.7236328125 0.779296875 0.7001953125 0.76953125 0.6728515625 0.7392578125 0.646484375 0.7197265625 0.638671875 0.6982421875 0.642578125 0.66796875 0.6708984375 0.6591796875 0.703125 0.66796875 0.7412109375 0.6943359375 0.759765625 0.7412109375 0.7578125 0.7685546875 0.7421875 0.779296875 0.7236328125
3 0.1357421875 0 0.1337890625 0.017578125 0.138671875 0.1083984375 0.14453125 0.1220703125 0.2060546875 0.181640625 0.2353515625 0.19140625 0.2998046875 0.1953125 0.3330078125 0.19140625 0.3564453125 0.181640625 0.40625 0.1474609375 0.4375 0.0869140625 0.4375 0.0517578125 0.4228515625 0 0.1357421875 0
3 0.18359375 0.9228515625 0.19140625 0.9072265625 0.2109375 0.8369140625 0.212890625 0.7861328125 0.19921875 0.7470703125 0.1474609375 0.69921875 0.1103515625 0.685546875 0.0556640625 0.681640625 0.0009765625 0.697265625 0 0.9248046875 0.0693359375 0.958984375 0.1083984375 0.9609375 0.1572265625 0.947265625 0.18359375 0.9228515625
3 0.0009765625 0 0.0009765625 0.078125 0.0498046875 0.09375 0.0712890625 0.09375 0.09765625 0.0810546875 0.109375 0.0400390625 0.1123046875 0 0.0009765625 0
3 0.7822265625 0.138671875 0.8095703125 0.142578125 0.8427734375 0.126953125 0.861328125 0.1025390625 0.86328125 0.0693359375 0.8251953125 0.041015625 0.7880859375 0.04296875 0.7587890625 0.068359375 0.7294921875 0.07421875 0.6962890625 0.115234375 0.69921875 0.1337890625 0.7158203125 0.150390625 0.7373046875 0.1640625 0.7548828125 0.1640625 0.7822265625 0.138671875
3 0.5947265625 0 0.59375 0.0341796875 0.60546875 0.0634765625 0.6337890625 0.08984375 0.6748046875 0.111328125 0.6943359375 0.103515625 0.7568359375 0.05078125 0.7734375 0.0322265625 0.78125 0.0126953125 0.7802734375 0 0.5947265625 0
3 0.8017578125 0.689453125 0.84375 0.6689453125 0.83984375 0.6376953125 0.8056640625 0.591796875 0.7666015625 0.578125 0.7236328125 0.6015625 0.73046875 0.6220703125 0.7265625 0.6337890625 0.7490234375 0.64453125 0.7841796875 0.689453125 0.8017578125 0.689453125
3 0.9013671875 1 0.9140625 0.9873046875 0.91015625 0.9404296875 0.8896484375 0.921875 0.8466796875 0.919921875 0.8232421875 0.92578125 0.8046875 0.9365234375 0.7939453125 0.958984375 0.794921875 0.9736328125 0.806640625 0.9833984375 0.8134765625 1 0.9013671875 1
3 0.560546875 0.7177734375 0.5546875 0.7041015625 0.5419921875 0.6953125 0.5087890625 0.693359375 0.4873046875 0.69921875 0.4716796875 0.7265625 0.470703125 0.7431640625 0.4775390625 0.755859375 0.5185546875 0.76953125 0.552734375 0.7568359375 0.560546875 0.7177734375
3 0.7177734375 0.50390625 0.740234375 0.4814453125 0.748046875 0.4287109375 0.73828125 0.4013671875 0.73828125 0.3662109375 0.7275390625 0.35546875 0.6728515625 0.333984375 0.6552734375 0.333984375 0.6416015625 0.34765625 0.6015625 0.3642578125 0.5810546875 0.416015625 0.58203125 0.4306640625 0.6015625 0.4697265625 0.6396484375 0.501953125 0.6689453125 0.509765625 0.7177734375 0.50390625