3 0.3388671875 0.400390625 0.3759765625 0.3984375 0.412109375 0.3759765625 0.423828125 0.3486328125 0.423828125 0.3330078125 0.41015625 0.3037109375 0.3759765625 0.267578125 0.333984375 0.2509765625 0.2939453125 0.251953125 0.2763671875 0.26171875 0.248046875 0.2978515625 0.248046875 0.3271484375 0.259765625 0.3486328125 0.3095703125 0.390625 0.3388671875 0.400390625
3 0.1552734375 0.240234375 0.2080078125 0.23046875 0.240234375 0.2060546875 0.251953125 0.1826171875 0.248046875 0.1474609375 0.22265625 0.1044921875 0.1943359375 0.080078125 0.1640625 0.0712890625 0.1220703125 0.076171875 0.0986328125 0.08984375 0.076171875 0.1142578125 0.068359375 0.1435546875 0.0703125 0.1923828125 0.1123046875 0.228515625 0.1552734375 0.240234375
3 0.029296875 0.2412109375 0 0.2451171875 0.0009765625 0.404296875 0.0810546875 0.359375 0.111328125 0.3251953125 0.091796875 0.2666015625 0.0634765625 0.244140625 0.029296875 0.2412109375
3 0.0009765625 0.708984375 0.0693359375 0.68359375 0.099609375 0.6552734375 0.109375 0.6357421875 0.107421875 0.5966796875 0.083984375 0.5517578125 0.0537109375 0.529296875 0.0234375 0.5205078125 0 0.5224609375 0.0009765625 0.708984375
3 0.3681640625 0.162109375 0.4072265625 0.17578125 0.4755859375 0.18359375 0.5244140625 0.181640625 0.55078125 0.1533203125 0.556640625 0.1181640625 0.548828125 0.0400390625 0.533203125 0.0009765625 0.3583984375 0 0.34375 0.0166015625 0.328125 0.0595703125 0.333984375 0.1103515625 0.3515625 0.1455078125 0.3681640625 0.162109375
3 0.7275390625 0.173828125 0.7587890625 0.158203125 0.8037109375 0.158203125 0.8310546875 0.138671875 0.8515625 0.1181640625 0.865234375 0.0908203125 0.896484375 0.0615234375 0.923828125 0.0009765625 0.5478515625 0 0.546875 0.0068359375 0.56640625 0.1083984375 0.5869140625 0.146484375 0.6396484375 0.169921875 0.7275390625 0.173828125
3 0.8369140625 0.248046875 0.8701171875 0.248046875 0.8955078125 0.240234375 0.9375 0.2099609375 0.962890625 0.1748046875 0.96484375 0.1318359375 0.94921875 0.1025390625 0.9296875 0.0927734375 0.9072265625 0.091796875 0.8876953125 0.099609375 0.796875 0.1787109375 0.7890625 0.2138671875 0.8037109375 0.236328125 0.8369140625 0.248046875
3 0.7626953125 0.359375 0.8095703125 0.357421875 0.830078125 0.3427734375 0.8359375 0.3310546875 0.837890625 0.3095703125 0.83203125 0.2919921875 0.8154296875 0.27734375 0.802734375 0.2744140625 0.7705078125 0.27734375 0.748046875 0.2939453125 0.744140625 0.3349609375 0.748046875 0.3466796875 0.7626953125 0.359375
3 0.4951171875 0.2890625 0.47265625 0.3076171875 0.470703125 0.3310546875 0.4853515625 0.34765625 0.5146484375 0.349609375 0.53515625 0.3330078125 0.537109375 0.3037109375 0.51953125 0.2880859375 0.4951171875 0.2890625
3 0.08984375 0.7744140625 0.091796875 0.7978515625 0.1083984375 0.814453125 0.1396484375 0.830078125 0.1748046875 0.828125 0.19140625 0.8037109375 0.181640625 0.7646484375 0.15625 0.7509765625 0.1103515625 0.75390625 0.08984375 0.7744140625
3 0 0.9267578125 0.0283203125 0.943359375 0.0654296875 0.94140625 0.0927734375 0.927734375 0.111328125 0.9091796875 0.12109375 0.8798828125 0.119140625 0.8564453125 0.109375 0.8369140625 0.0732421875 0.802734375 0.046875 0.7939453125 0 0.7998046875 0 0.9267578125
3 1 0.7861328125 0.986328125 0.7841796875 0.9365234375 0.783203125 0.869140625 0.8388671875 0.84765625 0.8876953125 0.845703125 0.9267578125 0.857421875 0.9619140625 0.8779296875 0.99609375 1 0.9990234375 1 0.7861328125
3 1 0.5068359375 0.9853515625 0.505859375 0.9560546875 0.517578125 0.9296875 0.5419921875 0.904296875 0.5869140625 0.9130859375 0.603515625 0.9248046875 0.611328125 0.9658203125 0.611328125 1 0.5947265625 1 0.5068359375
3 1 0.3701171875 0.970703125 0.3857421875 0.9609375 0.4033203125 0.955078125 0.4345703125 0.96484375 0.4599609375 0.9931640625 0.4765625 1 0.4755859375 1 0.3701171875
3 1 0.6904296875 0.970703125 0.6728515625 0.9384765625 0.67578125 0.91796875 0.7021484375 0.921875 0.7412109375 0.9384765625 0.7578125 0.9833984375 0.759765625 1 0.7548828125 1 0.6904296875