3 0.9990234375 0.21484375 0.9521484375 0.21484375 0.9091796875 0.244140625 0.896484375 0.2626953125 0.89453125 0.2998046875 0.91015625 0.3310546875 0.9228515625 0.34375 0.94921875 0.3486328125 0.9912109375 0.349609375 1 0.3447265625 0.9990234375 0.21484375
3 1 0.3916015625 0.9873046875 0.380859375 0.9404296875 0.3671875 0.9013671875 0.3671875 0.876953125 0.3837890625 0.86328125 0.4189453125 0.8671875 0.4638671875 0.8896484375 0.4921875 0.919921875 0.5009765625 0.9560546875 0.501953125 0.9736328125 0.49609375 1 0.4716796875 1 0.3916015625
3 0.8564453125 0.560546875 0.8271484375 0.57421875 0.802734375 0.6005859375 0.7890625 0.6298828125 0.7890625 0.6474609375 0.806640625 0.6826171875 0.8310546875 0.705078125 0.8515625 0.7138671875 0.8837890625 0.71484375 0.9013671875 0.708984375 0.92578125 0.6884765625 0.94140625 0.6552734375 0.939453125 0.6083984375 0.9296875 0.5888671875 0.9111328125 0.5703125 0.8837890625 0.55859375 0.8564453125 0.560546875
3 0.85546875 0.5107421875 0.849609375 0.4853515625 0.8212890625 0.462890625 0.7880859375 0.474609375 0.76953125 0.5009765625 0.775390625 0.5283203125 0.7900390625 0.541015625 0.8046875 0.5439453125 0.8291015625 0.54296875 0.85546875 0.5107421875
3 0.9189453125 1 0.919921875 0.9794921875 0.90625 0.9384765625 0.8818359375 0.912109375 0.8642578125 0.904296875 0.8251953125 0.904296875 0.7685546875 0.935546875 0.7109375 0.9990234375 0.9189453125 1
3 0.6533203125 0.859375 0.6396484375 0.8515625 0.6064453125 0.84765625 0.5751953125 0.859375 0.5546875 0.8779296875 0.53515625 0.9111328125 0.529296875 0.9365234375 0.53125 0.9990234375 0.662109375 0.9970703125 0.677734375 0.9619140625 0.681640625 0.9228515625 0.66796875 0.8798828125 0.6533203125 0.859375
3 0.1767578125 0.265625 0.1669921875 0.251953125 0.1259765625 0.265625 0.1123046875 0.283203125 0.087890625 0.2978515625 0.08203125 0.3134765625 0.08984375 0.3564453125 0.138671875 0.4013671875 0.1630859375 0.3984375 0.1865234375 0.384765625 0.205078125 0.3623046875 0.220703125 0.3251953125 0.220703125 0.3134765625 0.205078125 0.2822265625 0.1767578125 0.265625
3 0.12109375 0.4208984375 0.1083984375 0.396484375 0.0771484375 0.375 0.0498046875 0.369140625 0.029296875 0.3955078125 0.02734375 0.4365234375 0.0498046875 0.46484375 0.060546875 0.4677734375 0.0908203125 0.46484375 0.1083984375 0.455078125 0.1171875 0.4462890625 0.12109375 0.4208984375
3 0.41015625 0.0322265625 0.427734375 0.0419921875 0.4443359375 0.0390625 0.455078125 0.0283203125 0.4580078125 0 0.404296875 0.0009765625 0.41015625 0.0322265625
3 0.8544921875 0.37109375 0.86328125 0.3583984375 0.861328125 0.3427734375 0.8486328125 0.33203125 0.8330078125 0.333984375 0.82421875 0.3466796875 0.826171875 0.3623046875 0.83984375 0.3720703125 0.8544921875 0.37109375
3 0.7763671875 0.470703125 0.787109375 0.4541015625 0.787109375 0.4423828125 0.7763671875 0.431640625 0.7607421875 0.43359375 0.751953125 0.4462890625 0.751953125 0.4638671875 0.76171875 0.4716796875 0.7763671875 0.470703125
3 0.6064453125 0.638671875 0.6171875 0.6279296875 0.615234375 0.6123046875 0.6025390625 0.599609375 0.5908203125 0.599609375 0.580078125 0.6142578125 0.580078125 0.6318359375 0.5859375 0.6376953125 0.6064453125 0.638671875