3 0.6591796875 0.5703125 0.6201171875 0.55859375 0.5595703125 0.560546875 0.5048828125 0.5859375 0.453125 0.6357421875 0.427734375 0.6767578125 0.41015625 0.7236328125 0.4091796875 0.7890625 0.435546875 0.8505859375 0.4599609375 0.87109375 0.5126953125 0.888671875 0.5673828125 0.884765625 0.5927734375 0.876953125 0.62890625 0.8466796875 0.6484375 0.8076171875 0.7109375 0.7275390625 0.71875 0.6826171875 0.7109375 0.6376953125 0.697265625 0.6044921875 0.6591796875 0.5703125
3 0.7353515625 0.734375 0.71484375 0.7509765625 0.69921875 0.7822265625 0.6484375 0.8427734375 0.63671875 0.8662109375 0.6376953125 0.87890625 0.640625 0.8955078125 0.6787109375 0.931640625 0.7666015625 0.939453125 0.8056640625 0.9296875 0.8408203125 0.908203125 0.859375 0.8779296875 0.8671875 0.8193359375 0.865234375 0.7841796875 0.845703125 0.7548828125 0.8271484375 0.740234375 0.7900390625 0.73046875 0.7353515625 0.734375
3 0.7939453125 0.544921875 0.7509765625 0.572265625 0.732421875 0.6064453125 0.7333984375 0.64453125 0.740234375 0.6806640625 0.7646484375 0.712890625 0.8701171875 0.75390625 0.9013671875 0.75390625 0.9208984375 0.744140625 0.9453125 0.7158203125 0.962890625 0.6669921875 0.955078125 0.6181640625 0.9296875 0.5732421875 0.8974609375 0.55078125 0.8466796875 0.541015625 0.7939453125 0.544921875
3 0.83984375 0.4130859375 0.833984375 0.4326171875 0.8349609375 0.478515625 0.837890625 0.4873046875 0.8623046875 0.505859375 0.9228515625 0.50390625 0.9404296875 0.49609375 0.982421875 0.4501953125 0.982421875 0.4150390625 0.970703125 0.3896484375 0.9482421875 0.373046875 0.9228515625 0.365234375 0.8994140625 0.3671875 0.8662109375 0.3828125 0.83984375 0.4130859375
3 0.5791015625 0.443359375 0.58984375 0.4755859375 0.6005859375 0.486328125 0.6357421875 0.4921875 0.65625 0.4794921875 0.666015625 0.4599609375 0.666015625 0.4208984375 0.6513671875 0.40234375 0.6318359375 0.390625 0.6044921875 0.390625 0.5869140625 0.400390625 0.578125 0.4130859375 0.5791015625 0.443359375
3 0.1083984375 0.263671875 0.0693359375 0.265625 0.0322265625 0.28515625 0.013671875 0.3056640625 0.0048828125 0.33984375 0.01171875 0.3681640625 0.029296875 0.3994140625 0.0498046875 0.41796875 0.0751953125 0.4296875 0.1142578125 0.427734375 0.1455078125 0.408203125 0.16796875 0.3779296875 0.17578125 0.3447265625 0.16796875 0.3095703125 0.154296875 0.2880859375 0.1357421875 0.2734375 0.1083984375 0.263671875
3 0.0849609375 0.603515625 0.111328125 0.5810546875 0.12109375 0.5478515625 0.119140625 0.5068359375 0.107421875 0.4814453125 0.0830078125 0.4609375 0.0244140625 0.447265625 0 0.4619140625 0.0009765625 0.611328125 0.0654296875 0.611328125 0.0849609375 0.603515625
3 0.0927734375 0.806640625 0.119140625 0.7744140625 0.1328125 0.7451171875 0.1328125 0.7138671875 0.11328125 0.6513671875 0.0927734375 0.634765625 0.0615234375 0.625 0 0.6279296875 0.0009765625 0.806640625 0.0712890625 0.818359375 0.0927734375 0.806640625
3 0.158203125 0.8427734375 0.1943359375 0.875 0.2294921875 0.869140625 0.275390625 0.8232421875 0.27734375 0.7998046875 0.2470703125 0.748046875 0.2060546875 0.73828125 0.1806640625 0.74609375 0.16015625 0.7666015625 0.1484375 0.7900390625 0.1474609375 0.8125 0.158203125 0.8427734375
3 0.0009765625 0.98046875 0.037109375 0.9482421875 0.048828125 0.9169921875 0.048828125 0.8818359375 0.041015625 0.8603515625 0.0009765625 0.828125 0.0009765625 0.98046875
3 0.85546875 0.1142578125 0.8564453125 0.13671875 0.8701171875 0.162109375 0.9033203125 0.17578125 0.9345703125 0.17578125 0.9716796875 0.166015625 0.978515625 0.1591796875 0.986328125 0.1279296875 0.99609375 0.1201171875 0.994140625 0.0712890625 0.9599609375 0.0546875 0.8994140625 0.0546875 0.8671875 0.0849609375 0.85546875 0.1142578125
3 0.615234375 0.0908203125 0.5966796875 0.076171875 0.5634765625 0.080078125 0.548828125 0.0966796875 0.5498046875 0.125 0.5712890625 0.142578125 0.5986328125 0.140625 0.615234375 0.1259765625 0.615234375 0.0908203125
3 0.236328125 0.1025390625 0.2197265625 0.0859375 0.1904296875 0.091796875 0.181640625 0.1005859375 0.1748046875 0.126953125 0.1884765625 0.150390625 0.2236328125 0.150390625 0.240234375 0.1279296875 0.236328125 0.1025390625
3 0.09375 0.0439453125 0.0771484375 0.0234375 0.0498046875 0.01953125 0.021484375 0.0400390625 0.0185546875 0.06640625 0.0302734375 0.08984375 0.0634765625 0.09375 0.087890625 0.0791015625 0.09375 0.0439453125
3 0.0126953125 0.15625 0 0.1572265625 0.0009765625 0.244140625 0.0205078125 0.23828125 0.037109375 0.2216796875 0.052734375 0.1904296875 0.0263671875 0.162109375 0.0126953125 0.15625