3 0 0.4287109375 0.0322265625 0.453125 0.0693359375 0.462890625 0.09765625 0.4619140625 0.1416015625 0.451171875 0.1875 0.4189453125 0.212890625 0.3837890625 0.224609375 0.3388671875 0.22265625 0.3154296875 0.201171875 0.2744140625 0.1533203125 0.236328125 0.1142578125 0.224609375 0.0302734375 0.232421875 0 0.2470703125 0 0.4287109375
3 0.1884765625 0 0.154296875 0.0556640625 0.15234375 0.0732421875 0.16015625 0.0986328125 0.173828125 0.1201171875 0.2080078125 0.1484375 0.2412109375 0.162109375 0.265625 0.1630859375 0.2900390625 0.16015625 0.3193359375 0.14453125 0.345703125 0.1103515625 0.3515625 0.0732421875 0.3359375 0.0263671875 0.3056640625 0 0.1884765625 0
3 0.16796875 0.6884765625 0.2001953125 0.677734375 0.234375 0.6494140625 0.255859375 0.6025390625 0.255859375 0.5771484375 0.236328125 0.5341796875 0.2099609375 0.51171875 0.1591796875 0.49609375 0.1220703125 0.5 0.0908203125 0.513671875 0.05859375 0.5419921875 0.04296875 0.5732421875 0.0390625 0.6044921875 0.052734375 0.6455078125 0.0791015625 0.671875 0.1201171875 0.689453125 0.16796875 0.6884765625
3 0 0.9306640625 0.03515625 0.9326171875 0.0556640625 0.92578125 0.0791015625 0.908203125 0.10546875 0.8759765625 0.115234375 0.8447265625 0.115234375 0.8115234375 0.09765625 0.7724609375 0.0751953125 0.748046875 0.0498046875 0.734375 0.0087890625 0.73046875 0 0.7333984375 0 0.9306640625
3 0.16796875 0.7822265625 0.177734375 0.7685546875 0.17578125 0.7412109375 0.1650390625 0.734375 0.1455078125 0.736328125 0.1328125 0.7490234375 0.12890625 0.7626953125 0.1396484375 0.77734375 0.16796875 0.7822265625
3 0.435546875 0.9658203125 0.4658203125 0.953125 0.486328125 0.9248046875 0.490234375 0.8818359375 0.48046875 0.8525390625 0.4521484375 0.818359375 0.4189453125 0.80078125 0.3818359375 0.798828125 0.3447265625 0.806640625 0.310546875 0.8408203125 0.283203125 0.8955078125 0.287109375 0.9150390625 0.3056640625 0.9375 0.3369140625 0.951171875 0.3857421875 0.96484375 0.435546875 0.9658203125
3 0.6171875 0.9443359375 0.6591796875 0.93359375 0.67578125 0.9169921875 0.685546875 0.8916015625 0.685546875 0.8603515625 0.669921875 0.8388671875 0.6591796875 0.830078125 0.6201171875 0.822265625 0.5947265625 0.830078125 0.583984375 0.8408203125 0.5703125 0.8603515625 0.564453125 0.8837890625 0.572265625 0.9189453125 0.5966796875 0.94140625 0.6171875 0.9443359375
3 0.404296875 0.6162109375 0.4228515625 0.609375 0.4404296875 0.59375 0.458984375 0.5673828125 0.462890625 0.5361328125 0.451171875 0.5146484375 0.4326171875 0.50390625 0.3994140625 0.51171875 0.3828125 0.5400390625 0.345703125 0.5791015625 0.34765625 0.5966796875 0.3544921875 0.603515625 0.3818359375 0.6171875 0.404296875 0.6162109375
3 0.7265625 0.4755859375 0.7666015625 0.462890625 0.7734375 0.4423828125 0.7587890625 0.404296875 0.7333984375 0.3828125 0.6982421875 0.37109375 0.66015625 0.4072265625 0.66015625 0.4404296875 0.6767578125 0.462890625 0.7021484375 0.474609375 0.7265625 0.4755859375
3 0.8046875 0.7236328125 0.8525390625 0.712890625 0.8837890625 0.693359375 0.908203125 0.6630859375 0.91796875 0.6298828125 0.916015625 0.5791015625 0.90234375 0.5654296875 0.896484375 0.5458984375 0.8642578125 0.529296875 0.8427734375 0.525390625 0.8173828125 0.5078125 0.8076171875 0.5078125 0.7978515625 0.51953125 0.7607421875 0.529296875 0.7412109375 0.544921875 0.7109375 0.5888671875 0.697265625 0.6259765625 0.703125 0.6591796875 0.7373046875 0.7109375 0.7783203125 0.724609375 0.8046875 0.7236328125
3 1 0.7958984375 0.9638671875 0.7734375 0.9287109375 0.76953125 0.8818359375 0.787109375 0.869140625 0.7998046875 0.857421875 0.8251953125 0.857421875 0.8603515625 0.869140625 0.8974609375 0.8916015625 0.919921875 0.9306640625 0.931640625 0.95703125 0.9306640625 0.9794921875 0.919921875 1 0.8974609375 1 0.7958984375
3 0.822265625 0.3779296875 0.8740234375 0.357421875 0.896484375 0.3291015625 0.9140625 0.2861328125 0.91015625 0.2490234375 0.8720703125 0.20703125 0.8525390625 0.1953125 0.7568359375 0.1953125 0.73046875 0.2138671875 0.70703125 0.2548828125 0.7109375 0.3173828125 0.716796875 0.3291015625 0.7568359375 0.36328125 0.7880859375 0.376953125 0.822265625 0.3779296875
3 0.53125 0.2587890625 0.5673828125 0.244140625 0.599609375 0.2197265625 0.6171875 0.1943359375 0.625 0.1552734375 0.6015625 0.1220703125 0.5751953125 0.099609375 0.5244140625 0.083984375 0.4833984375 0.09765625 0.462890625 0.1142578125 0.455078125 0.1318359375 0.453125 0.1708984375 0.482421875 0.2470703125 0.5087890625 0.2578125 0.53125 0.2587890625
3 0.849609375 0.1298828125 0.8759765625 0.123046875 0.896484375 0.0947265625 0.896484375 0.0771484375 0.880859375 0.0322265625 0.8525390625 0.0078125 0.8291015625 0.001953125 0.7958984375 0.0078125 0.771484375 0.0244140625 0.76171875 0.0712890625 0.7734375 0.0966796875 0.7919921875 0.1171875 0.8212890625 0.130859375 0.849609375 0.1298828125
3 1 0.5986328125 0.9990234375 0.404296875 0.982421875 0.4423828125 0.96484375 0.4619140625 0.95703125 0.4951171875 0.95703125 0.5302734375 0.96875 0.5634765625 1 0.5986328125