3 0.05078125 0.6396484375 0.05859375 0.6259765625 0.06640625 0.6005859375 0.06640625 0.5615234375 0.0419921875 0.51953125 0.0009765625 0.517578125 0 0.6708984375 0.0126953125 0.671875 0.05078125 0.6396484375
3 0.369140625 0.1650390625 0.3544921875 0.15234375 0.3349609375 0.146484375 0.3076171875 0.150390625 0.2890625 0.1669921875 0.2841796875 0.181640625 0.2890625 0.2138671875 0.3173828125 0.234375 0.3564453125 0.23046875 0.376953125 0.2001953125 0.369140625 0.1650390625
3 0.57421875 0.2568359375 0.5576171875 0.236328125 0.5419921875 0.228515625 0.5205078125 0.228515625 0.5 0.2431640625 0.4951171875 0.2578125 0.49609375 0.2841796875 0.5205078125 0.314453125 0.5458984375 0.318359375 0.564453125 0.2998046875 0.57421875 0.2568359375
3 0.861328125 0.2275390625 0.828125 0.1728515625 0.7880859375 0.134765625 0.7001953125 0.16796875 0.685546875 0.1845703125 0.6787109375 0.21875 0.677734375 0.2587890625 0.6875 0.2939453125 0.7138671875 0.3203125 0.7470703125 0.3359375 0.7861328125 0.326171875 0.8193359375 0.29296875 0.84765625 0.2744140625 0.86328125 0.2470703125 0.861328125 0.2275390625
3 0.6328125 0.1943359375 0.6328125 0.1708984375 0.6162109375 0.15234375 0.5888671875 0.15234375 0.5703125 0.1650390625 0.5615234375 0.18359375 0.5625 0.1982421875 0.5751953125 0.216796875 0.6044921875 0.2265625 0.625 0.2119140625 0.6328125 0.1943359375
3 0.55078125 0.0927734375 0.548828125 0.0439453125 0.5244140625 0.017578125 0.4912109375 0.01953125 0.451171875 0.0517578125 0.4404296875 0.083984375 0.4453125 0.1064453125 0.4638671875 0.123046875 0.4853515625 0.130859375 0.5126953125 0.12890625 0.5361328125 0.11328125 0.55078125 0.0927734375
3 0.3388671875 0 0.3681640625 0.0390625 0.3955078125 0.048828125 0.4462890625 0.037109375 0.48828125 0.0009765625 0.3388671875 0
3 0.791015625 0.1083984375 0.79296875 0.0498046875 0.7646484375 0.037109375 0.7373046875 0.041015625 0.71484375 0.0556640625 0.7001953125 0.09375 0.701171875 0.1142578125 0.7138671875 0.1328125 0.7431640625 0.1328125 0.7783203125 0.123046875 0.791015625 0.1083984375
3 0.912109375 0.1455078125 0.9140625 0.1181640625 0.8828125 0.0732421875 0.8662109375 0.05859375 0.8310546875 0.04296875 0.7998046875 0.044921875 0.798828125 0.0830078125 0.8203125 0.1298828125 0.8701171875 0.1640625 0.8935546875 0.169921875 0.9033203125 0.1640625 0.912109375 0.1455078125
3 0.9755859375 0.3125 0.9951171875 0.31640625 0.998046875 0.2158203125 0.9736328125 0.216796875 0.9609375 0.2294921875 0.9541015625 0.248046875 0.95703125 0.2919921875 0.9755859375 0.3125
3 1 0.4931640625 0.998046875 0.3818359375 0.9912109375 0.37890625 0.9658203125 0.390625 0.953125 0.4033203125 0.9423828125 0.43359375 0.955078125 0.4873046875 0.9794921875 0.509765625 0.9951171875 0.513671875 1 0.4931640625
3 0.8642578125 0 0.8916015625 0.03125 0.9228515625 0.048828125 0.9501953125 0.048828125 0.9755859375 0.0390625 0.998046875 0.0087890625 0.9970703125 0 0.8642578125 0
3 0.337890625 0.7880859375 0.3203125 0.7529296875 0.30859375 0.7099609375 0.2783203125 0.6796875 0.2705078125 0.6796875 0.2626953125 0.7109375 0.267578125 0.7978515625 0.283203125 0.8447265625 0.302734375 0.8779296875 0.3212890625 0.896484375 0.3505859375 0.908203125 0.3798828125 0.908203125 0.3994140625 0.900390625 0.4140625 0.8779296875 0.41015625 0.8583984375 0.3798828125 0.8203125 0.337890625 0.7880859375