3 0.2998046875 0 0.2451171875 0.033203125 0.220703125 0.0634765625 0.220703125 0.1181640625 0.240234375 0.1591796875 0.2802734375 0.197265625 0.3251953125 0.212890625 0.3759765625 0.2109375 0.4287109375 0.1875 0.466796875 0.1376953125 0.4697265625 0.099609375 0.44921875 0.0380859375 0.4208984375 0 0.2998046875 0
3 0.2216796875 0.28515625 0.23828125 0.2666015625 0.248046875 0.2451171875 0.2490234375 0.224609375 0.244140625 0.2080078125 0.2177734375 0.17578125 0.1669921875 0.166015625 0.125 0.1923828125 0.111328125 0.2138671875 0.10546875 0.2451171875 0.1259765625 0.271484375 0.1513671875 0.28515625 0.2001953125 0.291015625 0.2216796875 0.28515625
3 0.0048828125 0 0.00390625 0.1982421875 0.0361328125 0.208984375 0.0751953125 0.205078125 0.1494140625 0.162109375 0.171875 0.1416015625 0.18359375 0.1123046875 0.1826171875 0.064453125 0.1513671875 0.025390625 0.1044921875 0 0.0048828125 0
3 0.0048828125 0.24609375 0.001953125 0.3232421875 0.0283203125 0.32421875 0.044921875 0.3056640625 0.0478515625 0.28515625 0.046875 0.2724609375 0.0361328125 0.2578125 0.0048828125 0.24609375
3 0.2607421875 0.36328125 0.240234375 0.3857421875 0.240234375 0.4111328125 0.2509765625 0.4296875 0.2822265625 0.4375 0.30859375 0.4189453125 0.3115234375 0.390625 0.2958984375 0.3671875 0.2607421875 0.36328125
3 0.1337890625 0.671875 0.15234375 0.6533203125 0.1591796875 0.61328125 0.154296875 0.5673828125 0.1455078125 0.552734375 0.0615234375 0.548828125 0.025390625 0.5791015625 0.015625 0.6279296875 0.02734375 0.6552734375 0.0517578125 0.671875 0.0751953125 0.681640625 0.1123046875 0.681640625 0.1337890625 0.671875
3 0.373046875 0.6611328125 0.3740234375 0.615234375 0.35546875 0.5830078125 0.3271484375 0.564453125 0.2822265625 0.5703125 0.240234375 0.6025390625 0.234375 0.6279296875 0.23828125 0.6748046875 0.2666015625 0.705078125 0.3212890625 0.7109375 0.3525390625 0.689453125 0.373046875 0.6611328125
3 0.5478515625 0.64453125 0.541015625 0.6259765625 0.5087890625 0.6015625 0.4599609375 0.603515625 0.435546875 0.6240234375 0.419921875 0.6552734375 0.423828125 0.6943359375 0.4501953125 0.716796875 0.4990234375 0.71484375 0.54296875 0.6787109375 0.5478515625 0.64453125
3 0.4169921875 0.939453125 0.4384765625 0.9453125 0.4736328125 0.9375 0.4990234375 0.919921875 0.5078125 0.9091796875 0.5126953125 0.8828125 0.48828125 0.8330078125 0.48828125 0.8193359375 0.4619140625 0.806640625 0.4462890625 0.806640625 0.4384765625 0.81640625 0.4013671875 0.818359375 0.37890625 0.8564453125 0.3828125 0.9033203125 0.392578125 0.9208984375 0.4169921875 0.939453125
3 0.3486328125 0.99609375 0.361328125 0.9716796875 0.3603515625 0.943359375 0.3359375 0.8779296875 0.3173828125 0.859375 0.2919921875 0.8515625 0.2626953125 0.853515625 0.23828125 0.8779296875 0.240234375 0.9130859375 0.25390625 0.9482421875 0.2578125 0.9931640625 0.2626953125 0.998046875 0.3486328125 0.99609375
3 0.9228515625 0.984375 0.904296875 0.9462890625 0.8662109375 0.904296875 0.8369140625 0.884765625 0.8017578125 0.884765625 0.7646484375 0.900390625 0.75 0.9306640625 0.748046875 0.9873046875 0.7568359375 0.998046875 0.9189453125 0.998046875 0.9228515625 0.984375
3 0.8095703125 0.794921875 0.798828125 0.7724609375 0.7841796875 0.759765625 0.7451171875 0.75390625 0.7275390625 0.76171875 0.6953125 0.7939453125 0.693359375 0.8271484375 0.7177734375 0.859375 0.7724609375 0.861328125 0.8046875 0.8369140625 0.8095703125 0.794921875
3 0.9638671875 0.96484375 1 0.9541015625 0.9990234375 0.76953125 0.9326171875 0.744140625 0.9033203125 0.7421875 0.8857421875 0.748046875 0.86328125 0.7666015625 0.845703125 0.8056640625 0.845703125 0.8525390625 0.8671875 0.8935546875 0.9072265625 0.94140625 0.9443359375 0.962890625 0.9638671875 0.96484375
3 0.9990234375 0.587890625 0.9501953125 0.578125 0.8935546875 0.5859375 0.880859375 0.5986328125 0.875 0.6240234375 0.880859375 0.6552734375 0.908203125 0.7041015625 0.9560546875 0.74609375 0.9912109375 0.7578125 1 0.7568359375 0.9990234375 0.587890625
3 0.861328125 0.4501953125 0.853515625 0.5205078125 0.9033203125 0.564453125 1 0.5810546875 0.9990234375 0.37109375 0.9501953125 0.36328125 0.9169921875 0.37109375 0.861328125 0.4501953125
3 0.7001953125 0.546875 0.7353515625 0.560546875 0.7626953125 0.5625 0.7978515625 0.546875 0.80859375 0.5361328125 0.814453125 0.5224609375 0.8134765625 0.486328125 0.806640625 0.4697265625 0.7744140625 0.443359375 0.7333984375 0.427734375 0.7099609375 0.427734375 0.6923828125 0.435546875 0.6796875 0.4501953125 0.66796875 0.4755859375 0.66796875 0.4990234375 0.677734375 0.5244140625 0.7001953125 0.546875
3 0.72265625 0.3798828125 0.736328125 0.4072265625 0.7568359375 0.423828125 0.8037109375 0.443359375 0.8369140625 0.443359375 0.861328125 0.4228515625 0.923828125 0.3466796875 0.9267578125 0.326171875 0.912109375 0.2939453125 0.8818359375 0.263671875 0.8662109375 0.2578125 0.8388671875 0.26171875 0.8251953125 0.25390625 0.7958984375 0.2578125 0.7607421875 0.27734375 0.7421875 0.2958984375 0.72265625 0.3466796875 0.72265625 0.3798828125
3 0.6884765625 0.244140625 0.7392578125 0.251953125 0.7607421875 0.244140625 0.78125 0.2275390625 0.7919921875 0.1875 0.78515625 0.1630859375 0.7666015625 0.14453125 0.7373046875 0.12890625 0.7080078125 0.12890625 0.6728515625 0.142578125 0.658203125 0.1572265625 0.65234375 0.1669921875 0.650390625 0.2001953125 0.662109375 0.2197265625 0.6884765625 0.244140625
3 0.916015625 0.0791015625 0.92578125 0.1259765625 0.951171875 0.1650390625 0.9970703125 0.189453125 0.9990234375 0 0.9521484375 0.025390625 0.935546875 0.0419921875 0.916015625 0.0791015625
3 0.2236328125 0.03125 0.2529296875 0.021484375 0.2841796875 0 0.134765625 0.0009765625 0.1708984375 0.021484375 0.2021484375 0.03125 0.2236328125 0.03125