3 0.55859375 0.6923828125 0.5263671875 0.701171875 0.48828125 0.7490234375 0.494140625 0.8037109375 0.5224609375 0.830078125 0.5634765625 0.83203125 0.5849609375 0.822265625 0.626953125 0.7880859375 0.638671875 0.7666015625 0.638671875 0.7314453125 0.6279296875 0.716796875 0.5986328125 0.697265625 0.55859375 0.6923828125
3 0.30078125 0.9169921875 0.28515625 0.8857421875 0.2431640625 0.85546875 0.189453125 0.8544921875 0.1708984375 0.859375 0.138671875 0.8916015625 0.130859375 0.9111328125 0.1328125 0.9423828125 0.1484375 0.9716796875 0.1708984375 0.994140625 0.1845703125 0.998046875 0.2548828125 0.99609375 0.2822265625 0.984375 0.29296875 0.9716796875 0.30078125 0.9384765625 0.30078125 0.9169921875
3 0.5869140625 0.630859375 0.59765625 0.6494140625 0.6220703125 0.671875 0.6494140625 0.68359375 0.6904296875 0.685546875 0.7314453125 0.666015625 0.75 0.6435546875 0.76171875 0.6181640625 0.76171875 0.5712890625 0.744140625 0.5341796875 0.7255859375 0.515625 0.6904296875 0.50390625 0.65234375 0.5048828125 0.6201171875 0.513671875 0.603515625 0.5263671875 0.57421875 0.5791015625 0.57421875 0.6123046875 0.58203125 0.6162109375 0.5712890625 0.6171875 0.572265625 0.6103515625 0.5634765625 0.60546875 0.564453125 0.6279296875 0.5546875 0.6337890625 0.5791015625 0.64453125 0.5869140625 0.630859375
3 0.919921875 0.6005859375 0.916015625 0.6376953125 0.923828125 0.6708984375 0.94921875 0.7138671875 0.9990234375 0.75 1 0.4853515625 0.9921875 0.4853515625 0.9609375 0.5126953125 0.939453125 0.5458984375 0.919921875 0.6005859375
3 0.8984375 0.8173828125 0.896484375 0.8330078125 0.90625 0.8564453125 0.9208984375 0.873046875 0.9658203125 0.8984375 0.9990234375 0.900390625 1 0.7998046875 0.9736328125 0.78515625 0.935546875 0.7841796875 0.9189453125 0.791015625 0.8984375 0.8173828125
3 0.7822265625 0.833984375 0.7509765625 0.818359375 0.693359375 0.8037109375 0.6396484375 0.810546875 0.6025390625 0.83203125 0.57421875 0.8623046875 0.546875 0.9189453125 0.55078125 0.9658203125 0.5732421875 0.99609375 0.7431640625 0.998046875 0.7724609375 0.99609375 0.79296875 0.9853515625 0.8125 0.9248046875 0.8046875 0.8564453125 0.7822265625 0.833984375
3 0.869140625 0.0712890625 0.869140625 0.0478515625 0.8564453125 0 0.572265625 0.0009765625 0.560546875 0.0537109375 0.564453125 0.1083984375 0.599609375 0.1748046875 0.6259765625 0.205078125 0.6669921875 0.23046875 0.7041015625 0.23828125 0.7451171875 0.23828125 0.7841796875 0.224609375 0.8232421875 0.201171875 0.83984375 0.1826171875 0.857421875 0.1376953125 0.869140625 0.0712890625
3 0.89453125 0.0751953125 0.876953125 0.1357421875 0.875 0.1748046875 0.88671875 0.2216796875 0.9072265625 0.255859375 0.9443359375 0.28125 0.9990234375 0.291015625 1 0.0166015625 0.96875 0.0126953125 0.9306640625 0.029296875 0.89453125 0.0751953125
3 0.3408203125 0.076171875 0.3544921875 0.08203125 0.3759765625 0.076171875 0.392578125 0.0556640625 0.384765625 0.0185546875 0.3623046875 0 0.328125 0.0009765625 0.306640625 0.0224609375 0.306640625 0.0439453125 0.3408203125 0.076171875
3 0.2578125 0.4638671875 0.2734375 0.5009765625 0.2958984375 0.51171875 0.314453125 0.4990234375 0.33203125 0.4736328125 0.337890625 0.4443359375 0.3251953125 0.419921875 0.3095703125 0.412109375 0.2890625 0.4130859375 0.263671875 0.4326171875 0.2578125 0.4638671875
3 0.341796875 0.1044921875 0.3173828125 0.0703125 0.2861328125 0.05078125 0.24609375 0.0498046875 0.2236328125 0.060546875 0.185546875 0.0947265625 0.16796875 0.1181640625 0.15625 0.1494140625 0.158203125 0.1826171875 0.173828125 0.2041015625 0.2001953125 0.228515625 0.2412109375 0.25 0.306640625 0.2216796875 0.330078125 0.1845703125 0.34375 0.1376953125 0.341796875 0.1044921875
3 0.021484375 0.5654296875 0.03125 0.6142578125 0.0380859375 0.62109375 0.0576171875 0.623046875 0.0810546875 0.619140625 0.09765625 0.5966796875 0.095703125 0.5615234375 0.0712890625 0.544921875 0.037109375 0.5439453125 0.025390625 0.5517578125 0.021484375 0.5654296875
3 0.4140625 0.4599609375 0.3818359375 0.46484375 0.369140625 0.4736328125 0.359375 0.4990234375 0.361328125 0.5400390625 0.3916015625 0.5703125 0.4130859375 0.576171875 0.4541015625 0.572265625 0.4921875 0.5341796875 0.4921875 0.4873046875 0.4814453125 0.474609375 0.4287109375 0.458984375 0.4140625 0.4599609375