3 0.9990234375 0.466796875 0.96484375 0.4912109375 0.951171875 0.5244140625 0.953125 0.5673828125 0.9609375 0.5830078125 0.9833984375 0.59765625 1 0.5966796875 0.9990234375 0.466796875
3 0.4267578125 0 0.40625 0.0244140625 0.4140625 0.0673828125 0.4384765625 0.08203125 0.4697265625 0.08203125 0.4951171875 0.0703125 0.5078125 0.0517578125 0.5087890625 0.033203125 0.5029296875 0 0.4267578125 0
3 0.4033203125 0.234375 0.388671875 0.2060546875 0.3681640625 0.19140625 0.3427734375 0.1875 0.3037109375 0.1953125 0.2734375 0.2451171875 0.265625 0.2705078125 0.267578125 0.2900390625 0.2744140625 0.30078125 0.2978515625 0.30859375 0.3525390625 0.30859375 0.3798828125 0.294921875 0.396484375 0.2763671875 0.4033203125 0.234375
3 0.4697265625 0.37109375 0.453125 0.3427734375 0.4365234375 0.33203125 0.3759765625 0.337890625 0.3515625 0.3642578125 0.3671875 0.4013671875 0.3798828125 0.412109375 0.4072265625 0.419921875 0.4423828125 0.416015625 0.470703125 0.3857421875 0.4697265625 0.37109375
3 0.5263671875 0.255859375 0.5185546875 0.236328125 0.4833984375 0.232421875 0.462890625 0.2470703125 0.458984375 0.2744140625 0.4697265625 0.291015625 0.4970703125 0.294921875 0.515625 0.2861328125 0.5263671875 0.255859375
3 0.6552734375 0.4453125 0.6513671875 0.435546875 0.6318359375 0.427734375 0.5966796875 0.44140625 0.580078125 0.4853515625 0.5947265625 0.494140625 0.6279296875 0.48828125 0.654296875 0.4638671875 0.6552734375 0.4453125
3 0.5888671875 0.6015625 0.5791015625 0.576171875 0.5634765625 0.572265625 0.5478515625 0.55859375 0.5244140625 0.556640625 0.478515625 0.5908203125 0.462890625 0.6103515625 0.455078125 0.6357421875 0.4609375 0.6513671875 0.4833984375 0.67578125 0.4931640625 0.681640625 0.5224609375 0.681640625 0.5361328125 0.66796875 0.572265625 0.6494140625 0.578125 0.6240234375 0.58984375 0.6162109375 0.5888671875 0.6015625
3 0.3134765625 0.8671875 0.2802734375 0.83203125 0.2412109375 0.82421875 0.208984375 0.8427734375 0.19921875 0.8623046875 0.197265625 0.8876953125 0.2158203125 0.912109375 0.2666015625 0.92578125 0.294921875 0.9072265625 0.3134765625 0.8671875
3 0.2509765625 0.728515625 0.2412109375 0.716796875 0.2255859375 0.7109375 0.1982421875 0.712890625 0.173828125 0.7314453125 0.173828125 0.7666015625 0.1845703125 0.775390625 0.2138671875 0.78125 0.244140625 0.7607421875 0.2509765625 0.728515625
3 0.4443359375 0.798828125 0.4326171875 0.787109375 0.3994140625 0.78125 0.3623046875 0.791015625 0.333984375 0.8310546875 0.333984375 0.8544921875 0.328125 0.8603515625 0.33203125 0.8779296875 0.3427734375 0.876953125 0.3564453125 0.900390625 0.3994140625 0.8984375 0.400390625 0.8818359375 0.44140625 0.8486328125 0.443359375 0.8310546875 0.435546875 0.8115234375 0.4443359375 0.798828125
3 0.7138671875 0.822265625 0.6962890625 0.80859375 0.6767578125 0.810546875 0.6416015625 0.802734375 0.623046875 0.8173828125 0.599609375 0.8544921875 0.61328125 0.8779296875 0.6259765625 0.88671875 0.6904296875 0.876953125 0.71484375 0.8525390625 0.7138671875 0.822265625
3 0.2646484375 0.462890625 0.2568359375 0.44921875 0.2216796875 0.443359375 0.1728515625 0.45703125 0.16015625 0.4716796875 0.1943359375 0.509765625 0.2373046875 0.5234375 0.26171875 0.4990234375 0.2646484375 0.462890625
3 0.3564453125 0.513671875 0.34375 0.4970703125 0.3447265625 0.48046875 0.3251953125 0.478515625 0.2998046875 0.490234375 0.279296875 0.5205078125 0.28515625 0.5517578125 0.3076171875 0.560546875 0.3408203125 0.556640625 0.35546875 0.5361328125 0.3564453125 0.513671875