3 0.0654296875 0.986328125 0.1015625 0.9560546875 0.1044921875 0.947265625 0.099609375 0.9033203125 0.0654296875 0.857421875 0.0224609375 0.84375 0 0.8583984375 0.0029296875 0.9765625 0.0263671875 0.986328125 0.0654296875 0.986328125
3 0.251953125 0.3095703125 0.255859375 0.3271484375 0.2744140625 0.357421875 0.2880859375 0.361328125 0.3056640625 0.376953125 0.3447265625 0.37890625 0.3603515625 0.373046875 0.37890625 0.3564453125 0.3935546875 0.318359375 0.392578125 0.2919921875 0.3828125 0.2685546875 0.3505859375 0.240234375 0.3115234375 0.234375 0.2880859375 0.240234375 0.2578125 0.2724609375 0.251953125 0.3095703125
3 0.326171875 0.1435546875 0.3388671875 0.16015625 0.3701171875 0.17578125 0.4072265625 0.169921875 0.4375 0.1416015625 0.4423828125 0.103515625 0.44140625 0.0908203125 0.4208984375 0.076171875 0.3681640625 0.072265625 0.3544921875 0.078125 0.341796875 0.0947265625 0.326171875 0.1279296875 0.326171875 0.1435546875
3 0.4365234375 0.44140625 0.390625 0.5107421875 0.39453125 0.5322265625 0.416015625 0.5751953125 0.4404296875 0.591796875 0.5068359375 0.5703125 0.525390625 0.5439453125 0.5283203125 0.525390625 0.52734375 0.5009765625 0.5078125 0.4638671875 0.5078125 0.4521484375 0.4970703125 0.4375 0.4755859375 0.427734375 0.4482421875 0.431640625 0.4365234375 0.44140625
3 0.59765625 0.4248046875 0.603515625 0.4384765625 0.6337890625 0.462890625 0.6650390625 0.474609375 0.7001953125 0.474609375 0.7197265625 0.46484375 0.7431640625 0.43359375 0.740234375 0.3779296875 0.6943359375 0.326171875 0.6650390625 0.318359375 0.6376953125 0.3203125 0.6015625 0.3525390625 0.591796875 0.3798828125 0.59765625 0.4248046875
3 0.732421875 0.7548828125 0.7509765625 0.787109375 0.7802734375 0.802734375 0.8212890625 0.796875 0.83984375 0.7763671875 0.8447265625 0.759765625 0.84375 0.7392578125 0.830078125 0.7177734375 0.8115234375 0.7109375 0.7626953125 0.71484375 0.7451171875 0.72265625 0.736328125 0.7333984375 0.732421875 0.7548828125
3 0.314453125 0.7939453125 0.32421875 0.8076171875 0.322265625 0.8212890625 0.33203125 0.8369140625 0.33203125 0.8681640625 0.3505859375 0.869140625 0.3623046875 0.853515625 0.3818359375 0.841796875 0.4208984375 0.830078125 0.4345703125 0.791015625 0.4296875 0.7529296875 0.3974609375 0.71484375 0.3681640625 0.70703125 0.3388671875 0.724609375 0.318359375 0.7490234375 0.3125 0.7744140625 0.314453125 0.7939453125
3 0.4873046875 0.86328125 0.5068359375 0.869140625 0.5361328125 0.849609375 0.537109375 0.8232421875 0.5205078125 0.794921875 0.4892578125 0.7890625 0.4775390625 0.791015625 0.466796875 0.8037109375 0.46875 0.8466796875 0.4873046875 0.86328125
3 0.224609375 0.6005859375 0.216796875 0.6337890625 0.2001953125 0.63671875 0.193359375 0.6494140625 0.1962890625 0.662109375 0.203125 0.6533203125 0.2060546875 0.671875 0.21875 0.6748046875 0.212890625 0.6943359375 0.2216796875 0.7109375 0.2744140625 0.72265625 0.3095703125 0.720703125 0.349609375 0.6865234375 0.3564453125 0.666015625 0.357421875 0.6416015625 0.345703125 0.6044921875 0.2998046875 0.576171875 0.2783203125 0.5703125 0.2568359375 0.572265625 0.2333984375 0.591796875 0.224609375 0.6005859375
3 0.662109375 0.9814453125 0.671875 0.9970703125 0.7353515625 1 0.728515625 0.9404296875 0.71484375 0.9150390625 0.7001953125 0.912109375 0.6708984375 0.927734375 0.658203125 0.9443359375 0.658203125 0.9560546875 0.662109375 0.9814453125
3 0.7373046875 1 0.7392578125 0.986328125 0.7470703125 0.99609375 0.7626953125 0.99609375 0.7861328125 0.986328125 0.80078125 0.9716796875 0.8056640625 0.953125 0.8046875 0.9345703125 0.7880859375 0.912109375 0.7587890625 0.908203125 0.740234375 0.9228515625 0.7314453125 0.939453125 0.7216796875 0.919921875 0.7001953125 0.912109375 0.662109375 0.9365234375 0.658203125 0.9658203125 0.6748046875 1 0.7373046875 1
3 0.3623046875 1 0.3271484375 0.966796875 0.2978515625 0.958984375 0.2685546875 0.97265625 0.2578125 0.9931640625 0.2587890625 1 0.3623046875 1