3 0.6064453125 0.96484375 0.640625 0.9345703125 0.650390625 0.9111328125 0.650390625 0.8974609375 0.63671875 0.8681640625 0.63671875 0.8447265625 0.646484375 0.8173828125 0.64453125 0.7978515625 0.5947265625 0.7578125 0.541015625 0.7314453125 0.5205078125 0.73828125 0.4970703125 0.734375 0.4658203125 0.74609375 0.423828125 0.7841796875 0.39453125 0.8291015625 0.392578125 0.8486328125 0.373046875 0.8564453125 0.376953125 0.8720703125 0.38671875 0.8798828125 0.39453125 0.9150390625 0.4150390625 0.939453125 0.4658203125 0.96875 0.5224609375 0.98046875 0.5693359375 0.978515625 0.6064453125 0.96484375
3 0.7490234375 0.767578125 0.7666015625 0.767578125 0.7841796875 0.759765625 0.806640625 0.7333984375 0.814453125 0.7099609375 0.814453125 0.6845703125 0.80859375 0.6552734375 0.798828125 0.6396484375 0.7744140625 0.61328125 0.755859375 0.6044921875 0.7216796875 0.607421875 0.693359375 0.6337890625 0.68359375 0.6669921875 0.68359375 0.6962890625 0.703125 0.7353515625 0.7275390625 0.7578125 0.7490234375 0.767578125
3 0.4443359375 0.44921875 0.4912109375 0.453125 0.5322265625 0.435546875 0.5546875 0.4150390625 0.595703125 0.3603515625 0.611328125 0.3212890625 0.61328125 0.2646484375 0.59375 0.2255859375 0.5732421875 0.208984375 0.521484375 0.1865234375 0.4677734375 0.1875 0.4189453125 0.21875 0.388671875 0.2568359375 0.388671875 0.3876953125 0.412109375 0.4287109375 0.4443359375 0.44921875
3 0.15234375 0.3779296875 0.1865234375 0.41796875 0.2294921875 0.4375 0.2685546875 0.43359375 0.3115234375 0.408203125 0.33984375 0.3642578125 0.34375 0.3271484375 0.3359375 0.2568359375 0.3095703125 0.228515625 0.2734375 0.2119140625 0.2236328125 0.212890625 0.1943359375 0.228515625 0.1640625 0.2568359375 0.14453125 0.2998046875 0.14453125 0.3603515625 0.15234375 0.3779296875
3 0.03515625 0.4814453125 0.0390625 0.5087890625 0.046875 0.5283203125 0.0830078125 0.556640625 0.1298828125 0.564453125 0.166015625 0.5302734375 0.177734375 0.4833984375 0.1513671875 0.447265625 0.1162109375 0.42578125 0.083984375 0.4169921875 0.076171875 0.4189453125 0.07421875 0.4287109375 0.04296875 0.4580078125 0.03515625 0.4814453125
3 0.1591796875 0.0546875 0.220703125 0.0009765625 0.0048828125 0 0.00390625 0.0068359375 0.02734375 0.0439453125 0.0498046875 0.060546875 0.0712890625 0.068359375 0.1064453125 0.0703125 0.1591796875 0.0546875
3 0.609375 0.0009765625 0.2978515625 0 0.296875 0.0048828125 0.3291015625 0.04296875 0.3857421875 0.072265625 0.4345703125 0.08984375 0.4775390625 0.08984375 0.5166015625 0.078125 0.5458984375 0.060546875 0.609375 0.0009765625
3 0.3115234375 0.2109375 0.3486328125 0.21484375 0.3701171875 0.224609375 0.380859375 0.2197265625 0.384765625 0.1943359375 0.4140625 0.1591796875 0.416015625 0.1376953125 0.408203125 0.1162109375 0.3916015625 0.095703125 0.341796875 0.0693359375 0.2998046875 0.07421875 0.2734375 0.1044921875 0.267578125 0.1201171875 0.26953125 0.1689453125 0.2783203125 0.185546875 0.3115234375 0.2109375
3 0.69921875 0.1943359375 0.7158203125 0.2109375 0.7451171875 0.21875 0.7724609375 0.216796875 0.7939453125 0.20703125 0.806640625 0.1923828125 0.818359375 0.1611328125 0.80859375 0.1123046875 0.7802734375 0.0859375 0.76171875 0.0849609375 0.7490234375 0.083984375 0.7041015625 0.11328125 0.693359375 0.1416015625 0.693359375 0.1787109375 0.69921875 0.1943359375
3 1 0.4111328125 0.94921875 0.3974609375 0.8916015625 0.40234375 0.8662109375 0.416015625 0.8359375 0.4482421875 0.810546875 0.5029296875 0.80859375 0.5595703125 0.818359375 0.5888671875 0.8427734375 0.619140625 0.8623046875 0.626953125 0.8955078125 0.62890625 0.9619140625 0.650390625 1 0.6337890625 1 0.4111328125
3 0.9990234375 0.259765625 1 0.0009765625 0.9423828125 0.00390625 0.89453125 0.0576171875 0.884765625 0.0908203125 0.888671875 0.1396484375 0.91015625 0.1884765625 0.9541015625 0.234375 0.9990234375 0.259765625
3 0.7255859375 0.03515625 0.7607421875 0.0390625 0.8212890625 0.0234375 0.859375 0.0009765625 0.673828125 0.0029296875 0.7001953125 0.025390625 0.7255859375 0.03515625