3 0.44921875 0.1162109375 0.46484375 0.0869140625 0.47265625 0.0478515625 0.47265625 0.0185546875 0.4658203125 0 0.33984375 0.0009765625 0.3203125 0.0498046875 0.322265625 0.0947265625 0.333984375 0.1240234375 0.3505859375 0.142578125 0.37890625 0.1513671875 0.3935546875 0.15234375 0.4228515625 0.140625 0.44921875 0.1162109375
3 0.2294921875 0.064453125 0.2890625 0.0009765625 0.0830078125 0 0.08203125 0.0302734375 0.09375 0.0595703125 0.1201171875 0.087890625 0.1328125 0.0927734375 0.1806640625 0.09375 0.1943359375 0.087890625 0.2294921875 0.064453125
3 0.19921875 0.3974609375 0.2109375 0.3720703125 0.2109375 0.3505859375 0.1953125 0.3193359375 0.1728515625 0.296875 0.1474609375 0.28515625 0.1123046875 0.28515625 0.0849609375 0.298828125 0.056640625 0.3466796875 0.05859375 0.3857421875 0.072265625 0.4150390625 0.115234375 0.4404296875 0.1376953125 0.44140625 0.1728515625 0.42578125 0.19921875 0.3974609375
3 0.228515625 0.5029296875 0.228515625 0.4775390625 0.2060546875 0.45703125 0.1708984375 0.45703125 0.154296875 0.4697265625 0.14453125 0.4873046875 0.1484375 0.5126953125 0.17578125 0.5361328125 0.1904296875 0.537109375 0.2060546875 0.529296875 0.228515625 0.5029296875
3 0 0.6083984375 0.0205078125 0.623046875 0.05859375 0.6318359375 0.1083984375 0.62890625 0.125 0.6123046875 0.134765625 0.5908203125 0.1328125 0.5341796875 0.1005859375 0.501953125 0.0419921875 0.498046875 0.0205078125 0.5078125 0 0.5283203125 0 0.6083984375
3 0.173828125 0.6376953125 0.1572265625 0.626953125 0.1455078125 0.62890625 0.13671875 0.6396484375 0.140625 0.6591796875 0.150390625 0.6669921875 0.1669921875 0.666015625 0.17578125 0.6533203125 0.173828125 0.6376953125
3 0 0.7841796875 0.009765625 0.7861328125 0.0478515625 0.78515625 0.09765625 0.7470703125 0.10546875 0.7294921875 0.10546875 0.7001953125 0.0810546875 0.658203125 0.0478515625 0.650390625 0.0087890625 0.650390625 0 0.6552734375 0 0.7841796875
3 0.5771484375 0.958984375 0.5556640625 0.9609375 0.541015625 0.9775390625 0.541015625 0.9990234375 0.5947265625 1 0.591796875 0.9697265625 0.5771484375 0.958984375
3 0.97265625 0.5634765625 0.9462890625 0.533203125 0.9072265625 0.53515625 0.8896484375 0.544921875 0.880859375 0.5576171875 0.880859375 0.5888671875 0.9208984375 0.625 0.94140625 0.6318359375 0.9541015625 0.630859375 0.970703125 0.6064453125 0.97265625 0.5634765625
3 0.4150390625 0.361328125 0.3916015625 0.361328125 0.3828125 0.3701171875 0.384765625 0.3876953125 0.400390625 0.4013671875 0.4111328125 0.400390625 0.419921875 0.3857421875 0.4150390625 0.361328125
3 0.8740234375 0.734375 0.8857421875 0.71875 0.912109375 0.7021484375 0.91796875 0.6904296875 0.91796875 0.6650390625 0.91015625 0.6416015625 0.8603515625 0.599609375 0.8349609375 0.6015625 0.8095703125 0.6171875 0.779296875 0.6728515625 0.779296875 0.6865234375 0.794921875 0.7177734375 0.83203125 0.7470703125 0.8447265625 0.748046875 0.8583984375 0.736328125 0.8740234375 0.734375