3 0.568359375 0.5185546875 0.5048828125 0.494140625 0.44921875 0.4873046875 0.4326171875 0.48828125 0.3828125 0.5087890625 0.375 0.5693359375 0.384765625 0.5927734375 0.4169921875 0.6171875 0.4716796875 0.63671875 0.5048828125 0.6328125 0.5478515625 0.61328125 0.556640625 0.6044921875 0.560546875 0.5634765625 0.572265625 0.5419921875 0.568359375 0.5185546875
3 0.2412109375 0.41796875 0.21875 0.4189453125 0.1953125 0.4345703125 0.17578125 0.4658203125 0.17578125 0.5244140625 0.2001953125 0.55078125 0.2294921875 0.56640625 0.2646484375 0.568359375 0.2978515625 0.556640625 0.318359375 0.5322265625 0.322265625 0.4912109375 0.298828125 0.4599609375 0.2568359375 0.42578125 0.2412109375 0.41796875
3 0.716796875 0.6767578125 0.6767578125 0.69140625 0.66015625 0.7177734375 0.65234375 0.7490234375 0.66015625 0.7939453125 0.6884765625 0.83203125 0.7197265625 0.845703125 0.7841796875 0.84375 0.80859375 0.7978515625 0.806640625 0.7373046875 0.7783203125 0.69921875 0.7490234375 0.681640625 0.716796875 0.6767578125
3 0.3271484375 1 0.326171875 0.9755859375 0.310546875 0.9345703125 0.2421875 0.8369140625 0.1943359375 0.79296875 0.15625 0.7822265625 0.1240234375 0.796875 0.0966796875 0.833984375 0.0400390625 0.83984375 0.01171875 0.8583984375 0.00390625 0.8779296875 0.00390625 0.9072265625 0.0234375 0.9501953125 0.0732421875 1 0.3271484375 1
3 0 0.8291015625 0.0849609375 0.826171875 0.09375 0.8193359375 0.12109375 0.7607421875 0.119140625 0.7119140625 0.0830078125 0.669921875 0.01171875 0.6591796875 0 0.6630859375 0 0.8291015625
3 0 0.6376953125 0.0439453125 0.642578125 0.0595703125 0.63671875 0.07421875 0.6162109375 0.078125 0.5615234375 0.064453125 0.5302734375 0.029296875 0.4833984375 0 0.4619140625 0 0.6376953125
3 0.4677734375 0.0703125 0.4267578125 0.052734375 0.41015625 0.0537109375 0.3818359375 0.056640625 0.3671875 0.0673828125 0.3515625 0.0908203125 0.3515625 0.1318359375 0.365234375 0.1572265625 0.3994140625 0.19140625 0.4541015625 0.1953125 0.4736328125 0.185546875 0.4921875 0.1630859375 0.5 0.1435546875 0.498046875 0.1123046875 0.4677734375 0.0703125
3 0.642578125 0.0732421875 0.6669921875 0.095703125 0.7060546875 0.109375 0.7392578125 0.109375 0.7724609375 0.095703125 0.80078125 0.0673828125 0.810546875 0.0380859375 0.8076171875 0 0.619140625 0.0009765625 0.62109375 0.0361328125 0.642578125 0.0732421875
3 0.44921875 0.0048828125 0.4482421875 0 0.34765625 0.0009765625 0.3681640625 0.02734375 0.3955078125 0.037109375 0.4326171875 0.033203125 0.4453125 0.0224609375 0.44921875 0.0048828125
3 0.50390625 0.6669921875 0.50390625 0.6787109375 0.5283203125 0.71484375 0.5498046875 0.7265625 0.5712890625 0.7265625 0.595703125 0.7021484375 0.59375 0.6708984375 0.5673828125 0.640625 0.546875 0.6396484375 0.5185546875 0.6484375 0.50390625 0.6669921875
3 0.9541015625 1 0.95703125 0.9736328125 0.9453125 0.9541015625 0.9267578125 0.9375 0.89453125 0.9326171875 0.873046875 0.9462890625 0.861328125 0.9677734375 0.876953125 0.9951171875 0.8818359375 1 0.9541015625 1
3 0.8310546875 0.94921875 0.83984375 0.9345703125 0.837890625 0.9130859375 0.8251953125 0.8984375 0.806640625 0.8974609375 0.79296875 0.9130859375 0.794921875 0.9365234375 0.8056640625 0.94921875 0.8310546875 0.94921875
3 0.83984375 0.8017578125 0.845703125 0.8330078125 0.8720703125 0.8515625 0.8994140625 0.845703125 0.91015625 0.8349609375 0.9140625 0.8173828125 0.91015625 0.7900390625 0.8955078125 0.775390625 0.876953125 0.7705078125 0.8564453125 0.77734375 0.83984375 0.8017578125