3 0.921875 0.0537109375 0.888671875 0.1025390625 0.880859375 0.1259765625 0.88671875 0.1767578125 0.908203125 0.2197265625 0.953125 0.2763671875 0.9755859375 0.298828125 0.9970703125 0.310546875 0.9990234375 0.005859375 0.9619140625 0.017578125 0.921875 0.0537109375
3 0.7548828125 0.5234375 0.783203125 0.4931640625 0.7861328125 0.439453125 0.7568359375 0.39453125 0.7275390625 0.380859375 0.7119140625 0.380859375 0.6923828125 0.38671875 0.67578125 0.4013671875 0.65625 0.4365234375 0.654296875 0.4599609375 0.66796875 0.5009765625 0.681640625 0.5205078125 0.7001953125 0.533203125 0.7255859375 0.533203125 0.7548828125 0.5234375
3 0.6455078125 0.380859375 0.6181640625 0.333984375 0.5849609375 0.322265625 0.5556640625 0.322265625 0.5302734375 0.33203125 0.498046875 0.3662109375 0.494140625 0.4169921875 0.5078125 0.4482421875 0.5322265625 0.470703125 0.5927734375 0.47265625 0.6201171875 0.458984375 0.64453125 0.4345703125 0.6455078125 0.380859375
3 0.5146484375 0.27734375 0.505859375 0.2607421875 0.4775390625 0.23828125 0.4228515625 0.236328125 0.40234375 0.2509765625 0.38671875 0.2744140625 0.388671875 0.3173828125 0.396484375 0.3310546875 0.4228515625 0.3515625 0.4658203125 0.35546875 0.4990234375 0.3359375 0.51171875 0.3212890625 0.5146484375 0.27734375
3 0.3271484375 0.18359375 0.30859375 0.1455078125 0.2724609375 0.12109375 0.2138671875 0.126953125 0.189453125 0.1513671875 0.181640625 0.1767578125 0.18359375 0.1962890625 0.201171875 0.2353515625 0.2353515625 0.263671875 0.2802734375 0.263671875 0.3017578125 0.251953125 0.32421875 0.2138671875 0.3271484375 0.18359375
3 0.2470703125 0.724609375 0.232421875 0.6806640625 0.2001953125 0.658203125 0.1669921875 0.66015625 0.1474609375 0.66796875 0.126953125 0.7001953125 0.130859375 0.7392578125 0.1533203125 0.767578125 0.1787109375 0.783203125 0.2080078125 0.783203125 0.2373046875 0.767578125 0.24609375 0.7587890625 0.2470703125 0.724609375
3 0.0908203125 0.7421875 0.0478515625 0.720703125 0.0068359375 0.72265625 0.001953125 0.7373046875 0.00390625 0.9072265625 0.0244140625 0.9140625 0.1083984375 0.86328125 0.119140625 0.8525390625 0.1337890625 0.814453125 0.107421875 0.7607421875 0.0908203125 0.7421875
3 0.3046875 0.9267578125 0.2890625 0.8994140625 0.2451171875 0.86328125 0.2041015625 0.849609375 0.1669921875 0.849609375 0.1494140625 0.85546875 0.0322265625 0.9296875 0.0078125 0.9619140625 0.005859375 0.9990234375 0.2978515625 1 0.3056640625 0.939453125 0.3046875 0.9267578125
3 0.3818359375 0.94140625 0.330078125 0.9990234375 0.5927734375 0.99609375 0.5595703125 0.953125 0.5146484375 0.921875 0.4814453125 0.9140625 0.4267578125 0.9140625 0.3818359375 0.94140625
3 0.8369140625 1 0.8388671875 0.955078125 0.830078125 0.9208984375 0.7509765625 0.841796875 0.7119140625 0.8359375 0.6748046875 0.8203125 0.6455078125 0.818359375 0.578125 0.8525390625 0.5859375 0.8779296875 0.578125 0.9384765625 0.6220703125 1 0.8369140625 1
3 0.3271484375 0.75 0.2978515625 0.748046875 0.267578125 0.7646484375 0.2578125 0.7880859375 0.2578125 0.8076171875 0.263671875 0.8212890625 0.2880859375 0.841796875 0.3232421875 0.84765625 0.3408203125 0.83984375 0.353515625 0.8232421875 0.3564453125 0.78515625 0.3271484375 0.75
3 0.8955078125 0.060546875 0.93359375 0.0205078125 0.9404296875 0 0.708984375 0.0029296875 0.7333984375 0.03515625 0.7880859375 0.072265625 0.8544921875 0.078125 0.8955078125 0.060546875
3 0.9423828125 0.033203125 0.904296875 0.0751953125 0.880859375 0.1220703125 0.884765625 0.1728515625 0.91015625 0.2236328125 0.962890625 0.2880859375 0.9951171875 0.310546875 1 0.3095703125 0.9990234375 0.005859375 0.9794921875 0.0078125 0.9423828125 0.033203125
3 0.0048828125 0.314453125 0.0283203125 0.30859375 0.0537109375 0.291015625 0.068359375 0.2763671875 0.0693359375 0.26171875 0.0302734375 0.2109375 0.0068359375 0.19921875 0.001953125 0.2021484375 0.0048828125 0.314453125