3 0.357421875 0.8564453125 0.3515625 0.9033203125 0.3740234375 0.9375 0.4306640625 0.9453125 0.4677734375 0.9296875 0.49609375 0.8935546875 0.501953125 0.8583984375 0.49609375 0.8408203125 0.4736328125 0.8125 0.453125 0.8037109375 0.4150390625 0.802734375 0.3974609375 0.810546875 0.357421875 0.8564453125
3 0.625 0.9560546875 0.62109375 0.9951171875 0.8056640625 0.998046875 0.8125 0.9619140625 0.802734375 0.9326171875 0.7666015625 0.8984375 0.73828125 0.8896484375 0.6923828125 0.892578125 0.6591796875 0.91015625 0.625 0.9560546875
3 0.17578125 0.4775390625 0.1796875 0.5380859375 0.1953125 0.5615234375 0.2177734375 0.580078125 0.2392578125 0.58203125 0.2587890625 0.57421875 0.3046875 0.5341796875 0.326171875 0.5048828125 0.3203125 0.4677734375 0.3125 0.4541015625 0.2861328125 0.435546875 0.259765625 0.4306640625 0.2373046875 0.431640625 0.2060546875 0.4453125 0.17578125 0.4775390625
3 0.0224609375 0.345703125 0.0908203125 0.326171875 0.1171875 0.2958984375 0.126953125 0.2666015625 0.12109375 0.2314453125 0.0908203125 0.171875 0.025390625 0.1689453125 0.001953125 0.1708984375 0.001953125 0.3369140625 0.0224609375 0.345703125
3 0.009765625 0.0732421875 0.00390625 0.0966796875 0.0078125 0.1318359375 0.0361328125 0.158203125 0.0947265625 0.1640625 0.123046875 0.2001953125 0.1416015625 0.212890625 0.1708984375 0.216796875 0.1865234375 0.2109375 0.228515625 0.1806640625 0.28125 0.1103515625 0.31640625 0.0576171875 0.33203125 0.0009765625 0.0732421875 0 0.029296875 0.0419921875 0.009765625 0.0732421875
3 0.271484375 0.1474609375 0.2421875 0.1962890625 0.2265625 0.2373046875 0.224609375 0.2685546875 0.23046875 0.2841796875 0.2529296875 0.306640625 0.3095703125 0.322265625 0.3662109375 0.3046875 0.396484375 0.2802734375 0.4326171875 0.232421875 0.45703125 0.2158203125 0.458984375 0.1669921875 0.44921875 0.1376953125 0.3994140625 0.10546875 0.36328125 0.0927734375 0.3251953125 0.09375 0.3115234375 0.103515625 0.271484375 0.1474609375
3 0.669921875 0.1884765625 0.654296875 0.2255859375 0.654296875 0.2626953125 0.669921875 0.3037109375 0.7080078125 0.322265625 0.7373046875 0.322265625 0.7802734375 0.30078125 0.802734375 0.2744140625 0.8125 0.2490234375 0.810546875 0.2001953125 0.802734375 0.1845703125 0.7822265625 0.16015625 0.77734375 0.1611328125 0.7802734375 0.158203125 0.7421875 0.1513671875 0.7216796875 0.15234375 0.6865234375 0.169921875 0.669921875 0.1884765625
3 0.037109375 0.8369140625 0.02734375 0.8623046875 0.029296875 0.9404296875 0.0634765625 0.970703125 0.2001953125 0.98046875 0.2177734375 0.9765625 0.234375 0.9638671875 0.240234375 0.9208984375 0.23046875 0.8857421875 0.2109375 0.8505859375 0.1787109375 0.81640625 0.150390625 0.8056640625 0.0830078125 0.810546875 0.0478515625 0.826171875 0.037109375 0.8369140625
3 0.86328125 0.0380859375 0.8876953125 0.06640625 0.9111328125 0.068359375 0.947265625 0.0458984375 0.95703125 0.0283203125 0.955078125 0.0009765625 0.8818359375 0 0.86328125 0.0244140625 0.86328125 0.0380859375
3 0.384765625 0.4091796875 0.376953125 0.4248046875 0.376953125 0.4541015625 0.380859375 0.4833984375 0.3896484375 0.494140625 0.4365234375 0.51171875 0.4599609375 0.51171875 0.5107421875 0.50390625 0.572265625 0.4814453125 0.57421875 0.4560546875 0.5625 0.4326171875 0.556640625 0.3916015625 0.5107421875 0.3671875 0.494140625 0.3642578125 0.4619140625 0.36328125 0.4267578125 0.376953125 0.384765625 0.4091796875
3 0.44921875 0.5673828125 0.447265625 0.6044921875 0.4619140625 0.623046875 0.4931640625 0.626953125 0.5224609375 0.62109375 0.546875 0.5986328125 0.5546875 0.5810546875 0.552734375 0.5478515625 0.5439453125 0.537109375 0.52734375 0.5322265625 0.4970703125 0.53125 0.4697265625 0.546875 0.44921875 0.5673828125
3 0.4462890625 0.998046875 0.4453125 0.9755859375 0.421875 0.9619140625 0.3779296875 0.966796875 0.3515625 0.9951171875 0.4462890625 0.998046875
3 0.0244140625 0.755859375 0.052734375 0.7216796875 0.046875 0.6708984375 0.015625 0.6162109375 0.001953125 0.6181640625 0.0048828125 0.76171875 0.0244140625 0.755859375
3 0.029296875 0.5205078125 0.064453125 0.4736328125 0.08203125 0.4326171875 0.07421875 0.3759765625 0.048828125 0.3564453125 0.001953125 0.3623046875 0.0048828125 0.537109375 0.029296875 0.5205078125
3 0.044921875 0.6123046875 0.052734375 0.6533203125 0.06640625 0.6787109375 0.0830078125 0.69140625 0.1103515625 0.69140625 0.1376953125 0.681640625 0.16796875 0.6435546875 0.16796875 0.5966796875 0.16015625 0.5751953125 0.1376953125 0.5546875 0.119140625 0.5478515625 0.0751953125 0.552734375 0.046875 0.5830078125 0.044921875 0.6123046875