3 0.2685546875 0.361328125 0.2333984375 0.361328125 0.2119140625 0.373046875 0.177734375 0.4150390625 0.16796875 0.4365234375 0.169921875 0.4775390625 0.1962890625 0.505859375 0.2509765625 0.51171875 0.298828125 0.4736328125 0.3076171875 0.44140625 0.302734375 0.4013671875 0.283203125 0.3720703125 0.2685546875 0.361328125
3 0.015625 0.7177734375 0.00390625 0.7451171875 0.001953125 0.8154296875 0.005859375 0.8291015625 0.0283203125 0.8515625 0.0576171875 0.8671875 0.0888671875 0.869140625 0.1083984375 0.861328125 0.140625 0.8291015625 0.1455078125 0.810546875 0.14453125 0.7568359375 0.1142578125 0.71484375 0.0830078125 0.69921875 0.0615234375 0.69921875 0.0283203125 0.70703125 0.015625 0.7177734375
3 0.3720703125 0.435546875 0.39453125 0.4365234375 0.3896484375 0.427734375 0.3828125 0.4287109375 0.3837890625 0.41796875 0.3876953125 0.42578125 0.4208984375 0.42578125 0.4736328125 0.396484375 0.486328125 0.3798828125 0.4951171875 0.34765625 0.49609375 0.3095703125 0.484375 0.2744140625 0.4658203125 0.255859375 0.4287109375 0.23828125 0.3818359375 0.23828125 0.3564453125 0.25 0.333984375 0.2685546875 0.314453125 0.3095703125 0.31640625 0.3505859375 0.328125 0.3779296875 0.3505859375 0.40234375 0.369140625 0.4130859375 0.35546875 0.4208984375 0.3662109375 0.4453125 0.3720703125 0.435546875
3 0.5146484375 0.0078125 0.5146484375 0 0.25 0.0009765625 0.2861328125 0.05078125 0.3291015625 0.076171875 0.3623046875 0.083984375 0.3994140625 0.080078125 0.4541015625 0.060546875 0.4873046875 0.0390625 0.5146484375 0.0078125
3 0.21484375 0.0263671875 0.2001953125 0 0.099609375 0.0009765625 0.1015625 0.0341796875 0.126953125 0.0791015625 0.1435546875 0.09375 0.1669921875 0.103515625 0.1826171875 0.1015625 0.208984375 0.0810546875 0.2158203125 0.064453125 0.21484375 0.0263671875
3 0.0146484375 0.20703125 0.00390625 0.2275390625 0.001953125 0.2568359375 0.00390625 0.4267578125 0.0341796875 0.44921875 0.0810546875 0.453125 0.1376953125 0.42578125 0.16796875 0.3974609375 0.189453125 0.3603515625 0.1962890625 0.306640625 0.181640625 0.2490234375 0.166015625 0.2177734375 0.1435546875 0.1953125 0.0751953125 0.1875 0.0146484375 0.20703125
3 0.798828125 0.1767578125 0.775390625 0.2158203125 0.76171875 0.2548828125 0.76171875 0.2958984375 0.76953125 0.3330078125 0.794921875 0.3740234375 0.8251953125 0.400390625 0.8916015625 0.435546875 0.9462890625 0.439453125 0.9990234375 0.427734375 1 0.1435546875 0.9521484375 0.130859375 0.9287109375 0.130859375 0.8623046875 0.142578125 0.8173828125 0.16015625 0.798828125 0.1767578125
3 0.9833984375 0 0.708984375 0.0009765625 0.71875 0.0556640625 0.744140625 0.0927734375 0.7783203125 0.11328125 0.8251953125 0.125 0.8642578125 0.123046875 0.9248046875 0.10546875 0.970703125 0.0693359375 0.9873046875 0.03125 0.9833984375 0
3 0.9990234375 0.671875 1 0.6376953125 0.9814453125 0.615234375 0.9443359375 0.607421875 0.923828125 0.6240234375 0.91796875 0.6455078125 0.923828125 0.6591796875 0.9560546875 0.693359375 0.9775390625 0.693359375 0.9990234375 0.671875
3 0.587890625 0.6904296875 0.580078125 0.6748046875 0.5556640625 0.662109375 0.5263671875 0.66796875 0.5009765625 0.685546875 0.48828125 0.7041015625 0.4990234375 0.7265625 0.5361328125 0.7421875 0.5673828125 0.736328125 0.5869140625 0.7109375 0.587890625 0.6904296875
3 0.7783203125 0.693359375 0.75 0.7587890625 0.771484375 0.7998046875 0.7958984375 0.826171875 0.8173828125 0.841796875 0.8505859375 0.84375 0.8818359375 0.83203125 0.9052734375 0.814453125 0.939453125 0.7763671875 0.9501953125 0.75390625 0.94921875 0.7138671875 0.9296875 0.6826171875 0.8955078125 0.658203125 0.8623046875 0.65625 0.8154296875 0.669921875 0.7783203125 0.693359375
3 0.455078125 0.9287109375 0.4384765625 0.904296875 0.4033203125 0.90234375 0.380859375 0.9189453125 0.376953125 0.9423828125 0.37890625 0.9619140625 0.3857421875 0.96875 0.4345703125 0.978515625 0.4482421875 0.974609375 0.4560546875 0.962890625 0.455078125 0.9287109375
3 0.5126953125 0.5078125 0.4658203125 0.5078125 0.427734375 0.5458984375 0.423828125 0.5869140625 0.4296875 0.6083984375 0.4599609375 0.638671875 0.5009765625 0.640625 0.5263671875 0.630859375 0.53515625 0.6181640625 0.5400390625 0.5859375 0.541015625 0.5712890625 0.525390625 0.5185546875 0.5126953125 0.5078125