3 0.5283203125 0 0.4814453125 0.08203125 0.482421875 0.1162109375 0.50390625 0.1474609375 0.5283203125 0.16796875 0.5810546875 0.1953125 0.6298828125 0.201171875 0.6669921875 0.19140625 0.6875 0.1767578125 0.703125 0.1435546875 0.705078125 0.0966796875 0.69921875 0.0791015625 0.66015625 0.0263671875 0.6298828125 0 0.5283203125 0
3 0.4091796875 0.23046875 0.44140625 0.2060546875 0.451171875 0.1884765625 0.453125 0.1611328125 0.4453125 0.1298828125 0.423828125 0.0908203125 0.3955078125 0.0703125 0.3642578125 0.060546875 0.3134765625 0.078125 0.296875 0.0927734375 0.2783203125 0.126953125 0.287109375 0.1962890625 0.3076171875 0.220703125 0.3349609375 0.236328125 0.3740234375 0.240234375 0.4091796875 0.23046875
3 0.197265625 0.2841796875 0.19921875 0.2275390625 0.193359375 0.2021484375 0.1728515625 0.1796875 0.1533203125 0.169921875 0.1201171875 0.169921875 0.1005859375 0.189453125 0.0771484375 0.19140625 0.076171875 0.2353515625 0.0693359375 0.24609375 0.076171875 0.2900390625 0.0966796875 0.3046875 0.1591796875 0.310546875 0.1865234375 0.296875 0.197265625 0.2841796875
3 0.267578125 0.5712890625 0.26953125 0.5615234375 0.287109375 0.5458984375 0.287109375 0.5302734375 0.27734375 0.5126953125 0.2529296875 0.4921875 0.2177734375 0.49609375 0.1982421875 0.505859375 0.1845703125 0.533203125 0.18359375 0.5537109375 0.19140625 0.5732421875 0.2158203125 0.587890625 0.2490234375 0.583984375 0.267578125 0.5712890625
3 0.486328125 0.7373046875 0.49609375 0.7080078125 0.498046875 0.6748046875 0.4921875 0.6572265625 0.4716796875 0.6328125 0.4189453125 0.6015625 0.3837890625 0.59765625 0.3369140625 0.61328125 0.310546875 0.6357421875 0.28515625 0.6787109375 0.2783203125 0.712890625 0.279296875 0.7431640625 0.294921875 0.7822265625 0.3486328125 0.82421875 0.3876953125 0.826171875 0.486328125 0.7373046875
3 0.5439453125 0.943359375 0.5888671875 0.923828125 0.611328125 0.8955078125 0.623046875 0.8544921875 0.62109375 0.8291015625 0.611328125 0.8076171875 0.5830078125 0.779296875 0.5380859375 0.751953125 0.4951171875 0.755859375 0.4794921875 0.763671875 0.4619140625 0.787109375 0.4296875 0.8134765625 0.4208984375 0.84375 0.419921875 0.8583984375 0.4375 0.9111328125 0.4599609375 0.93359375 0.4970703125 0.947265625 0.5439453125 0.943359375
3 0.3916015625 0.9609375 0.404296875 0.9462890625 0.400390625 0.9013671875 0.3779296875 0.875 0.3291015625 0.873046875 0.3125 0.8876953125 0.3076171875 0.904296875 0.306640625 0.9267578125 0.3125 0.9404296875 0.3388671875 0.96484375 0.3720703125 0.970703125 0.3916015625 0.9609375
3 0.86328125 0.0810546875 0.8466796875 0.068359375 0.8212890625 0.076171875 0.8095703125 0.09375 0.814453125 0.1220703125 0.8349609375 0.134765625 0.8525390625 0.1328125 0.87109375 0.1103515625 0.86328125 0.0810546875
3 0.9560546875 0.6640625 0.982421875 0.6396484375 0.990234375 0.5966796875 0.98046875 0.5634765625 0.9580078125 0.5390625 0.9326171875 0.529296875 0.8935546875 0.52734375 0.861328125 0.5498046875 0.8388671875 0.60546875 0.837890625 0.6337890625 0.849609375 0.6611328125 0.8681640625 0.6796875 0.8916015625 0.685546875 0.9560546875 0.6640625
3 0.974609375 0.7705078125 0.978515625 0.7158203125 0.9599609375 0.689453125 0.9228515625 0.69140625 0.888671875 0.7177734375 0.8779296875 0.7421875 0.87890625 0.7607421875 0.8916015625 0.775390625 0.9130859375 0.7890625 0.9404296875 0.791015625 0.974609375 0.7705078125
3 0.8759765625 1 0.8984375 0.9482421875 0.8984375 0.9052734375 0.8828125 0.8740234375 0.8662109375 0.857421875 0.8427734375 0.845703125 0.7958984375 0.84375 0.7744140625 0.849609375 0.7275390625 0.875 0.705078125 0.8955078125 0.6796875 0.9423828125 0.6708984375 0.984375 0.6708984375 1 0.8759765625 1
3 0.7041015625 0.79296875 0.724609375 0.7705078125 0.7578125 0.7080078125 0.763671875 0.6708984375 0.75390625 0.6435546875 0.7373046875 0.626953125 0.6923828125 0.609375 0.6826171875 0.59765625 0.6416015625 0.59375 0.5986328125 0.60546875 0.5625 0.6474609375 0.5498046875 0.68359375 0.552734375 0.7294921875 0.5732421875 0.7578125 0.6416015625 0.8046875 0.6787109375 0.806640625 0.7041015625 0.79296875
3 0.8798828125 0 0.8828125 0.0361328125 0.9150390625 0.072265625 0.9580078125 0.08203125 1 0.0810546875 0.9990234375 0 0.8798828125 0
3 0.7470703125 0 0.7666015625 0.025390625 0.7939453125 0.037109375 0.8330078125 0.03125 0.857421875 0.0048828125 0.8564453125 0 0.7470703125 0