3 0.8330078125 0 0.810546875 0.0283203125 0.806640625 0.0556640625 0.814453125 0.0791015625 0.8427734375 0.10546875 0.861328125 0.1103515625 0.8974609375 0.107421875 0.91796875 0.0908203125 0.931640625 0.0693359375 0.931640625 0.0380859375 0.9111328125 0 0.8330078125 0
3 0.5146484375 0 0.498046875 0.0361328125 0.5 0.0634765625 0.5224609375 0.091796875 0.55859375 0.1044921875 0.5888671875 0.099609375 0.60546875 0.0830078125 0.615234375 0.0615234375 0.615234375 0.0205078125 0.6005859375 0 0.5146484375 0
3 0.55078125 0.2451171875 0.56640625 0.2099609375 0.56640625 0.1787109375 0.556640625 0.1611328125 0.5205078125 0.1328125 0.4990234375 0.126953125 0.4677734375 0.1328125 0.45703125 0.1416015625 0.439453125 0.1650390625 0.431640625 0.1943359375 0.431640625 0.2177734375 0.44140625 0.2470703125 0.4638671875 0.267578125 0.478515625 0.2705078125 0.5126953125 0.271484375 0.5302734375 0.265625 0.55078125 0.2451171875
3 0.72265625 0.4951171875 0.6982421875 0.474609375 0.6650390625 0.478515625 0.646484375 0.5048828125 0.650390625 0.5380859375 0.681640625 0.5576171875 0.7080078125 0.556640625 0.7265625 0.5302734375 0.72265625 0.4951171875
3 1 0.4404296875 0.9755859375 0.427734375 0.9501953125 0.44140625 0.9384765625 0.44140625 0.921875 0.4541015625 0.921875 0.4736328125 0.931640625 0.4970703125 0.96484375 0.5146484375 0.9814453125 0.51171875 1 0.4912109375 1 0.4404296875
3 0.97265625 0.5302734375 0.9619140625 0.515625 0.9404296875 0.50390625 0.9189453125 0.501953125 0.908203125 0.5126953125 0.90625 0.5341796875 0.9189453125 0.5546875 0.9375 0.5615234375 0.9619140625 0.560546875 0.97265625 0.5498046875 0.97265625 0.5302734375
3 0.453125 0.5712890625 0.453125 0.5498046875 0.44140625 0.5205078125 0.4228515625 0.5 0.3974609375 0.48828125 0.3759765625 0.48828125 0.3564453125 0.5 0.33984375 0.5205078125 0.333984375 0.5673828125 0.3505859375 0.595703125 0.3701171875 0.611328125 0.388671875 0.6162109375 0.4169921875 0.615234375 0.44140625 0.5947265625 0.453125 0.5712890625
3 0.509765625 0.4404296875 0.5009765625 0.4296875 0.4833984375 0.423828125 0.4580078125 0.431640625 0.44140625 0.4501953125 0.4443359375 0.4609375 0.44921875 0.4541015625 0.451171875 0.4697265625 0.478515625 0.4892578125 0.5048828125 0.486328125 0.515625 0.4677734375 0.509765625 0.4404296875
3 0.216796875 0.7666015625 0.21484375 0.7353515625 0.19921875 0.7099609375 0.1845703125 0.697265625 0.1552734375 0.6875 0.1259765625 0.6953125 0.08984375 0.7431640625 0.09375 0.7822265625 0.1142578125 0.802734375 0.14453125 0.8095703125 0.1943359375 0.806640625 0.208984375 0.7939453125 0.216796875 0.7666015625
3 0.34765625 0.9501953125 0.3232421875 0.9296875 0.2744140625 0.919921875 0.2509765625 0.9296875 0.23046875 0.9560546875 0.220703125 0.9833984375 0.22265625 0.9990234375 0.3564453125 1 0.357421875 0.9716796875 0.34765625 0.9501953125
3 0.21484375 0.9404296875 0.1943359375 0.919921875 0.1689453125 0.923828125 0.150390625 0.9423828125 0.154296875 0.9658203125 0.1796875 0.9853515625 0.2021484375 0.984375 0.21484375 0.9658203125 0.21484375 0.9404296875
3 0 0.7197265625 0.0283203125 0.708984375 0.0478515625 0.6875 0.0732421875 0.681640625 0.0859375 0.6611328125 0.083984375 0.6259765625 0.072265625 0.5908203125 0.0322265625 0.5546875 0.0048828125 0.54296875 0 0.5439453125 0 0.7197265625
3 0.19140625 0.2626953125 0.185546875 0.2490234375 0.1689453125 0.23828125 0.1396484375 0.23828125 0.1279296875 0.244140625 0.09765625 0.2919921875 0.10546875 0.3408203125 0.1162109375 0.349609375 0.1484375 0.3505859375 0.1748046875 0.34375 0.19140625 0.3291015625 0.19140625 0.2626953125
3 0 0.1982421875 0.0263671875 0.2109375 0.046875 0.2119140625 0.1025390625 0.203125 0.119140625 0.1845703125 0.13671875 0.1240234375 0.1181640625 0.087890625 0.0634765625 0.056640625 0.0419921875 0.05859375 0 0.0986328125 0 0.1982421875
3 0.03515625 0.3291015625 0.0234375 0.2900390625 0.0029296875 0.265625 0 0.3916015625 0.0068359375 0.390625 0.025390625 0.3681640625 0.03515625 0.3291015625
3 0 0.0830078125 0.03125 0.0439453125 0.0322265625 0 0 0.0009765625 0 0.0830078125
3 0.39453125 0.2333984375 0.408203125 0.2080078125 0.408203125 0.1533203125 0.40234375 0.1376953125 0.3798828125 0.115234375 0.3623046875 0.107421875 0.3291015625 0.10546875 0.2978515625 0.1171875 0.26953125 0.1455078125 0.26171875 0.1630859375 0.26171875 0.2255859375 0.2880859375 0.255859375 0.3203125 0.2646484375 0.3466796875 0.26171875 0.3779296875 0.248046875 0.39453125 0.2333984375