3 0.6328125 0.5966796875 0.65234375 0.6337890625 0.7177734375 0.67578125 0.7333984375 0.67578125 0.7646484375 0.662109375 0.7841796875 0.630859375 0.78515625 0.6005859375 0.77734375 0.5751953125 0.7587890625 0.55078125 0.7294921875 0.533203125 0.6845703125 0.529296875 0.6650390625 0.53515625 0.6328125 0.5654296875 0.6328125 0.5966796875
3 0.642578125 0.1923828125 0.6484375 0.2080078125 0.6787109375 0.236328125 0.7470703125 0.236328125 0.78125 0.2080078125 0.7900390625 0.19140625 0.791015625 0.1689453125 0.78125 0.1396484375 0.7470703125 0.1015625 0.7255859375 0.08984375 0.7060546875 0.087890625 0.6669921875 0.1015625 0.64453125 0.1259765625 0.642578125 0.1923828125
3 0.5048828125 0.93359375 0.5673828125 0.97265625 0.6083984375 0.98046875 0.6357421875 0.96484375 0.662109375 0.9326171875 0.6689453125 0.87890625 0.669921875 0.8466796875 0.658203125 0.8134765625 0.6337890625 0.783203125 0.6083984375 0.763671875 0.5693359375 0.75390625 0.5009765625 0.75390625 0.47265625 0.7939453125 0.46484375 0.8193359375 0.46484375 0.8818359375 0.474609375 0.9033203125 0.5048828125 0.93359375
3 0.0009765625 0.64453125 0.0341796875 0.65625 0.0712890625 0.6484375 0.0966796875 0.63671875 0.11328125 0.6201171875 0.1279296875 0.591796875 0.126953125 0.5576171875 0.1064453125 0.53515625 0.0458984375 0.521484375 0 0.5263671875 0.0009765625 0.64453125
3 0.1171875 0.8857421875 0.1455078125 0.908203125 0.1708984375 0.908203125 0.2060546875 0.896484375 0.23046875 0.8779296875 0.2392578125 0.841796875 0.23046875 0.8037109375 0.2099609375 0.78515625 0.1728515625 0.765625 0.1220703125 0.763671875 0.099609375 0.7802734375 0.08984375 0.7998046875 0.09765625 0.8466796875 0.1171875 0.8857421875
3 0.25 0.5361328125 0.25 0.5458984375 0.265625 0.5693359375 0.2919921875 0.58984375 0.3271484375 0.58984375 0.3583984375 0.560546875 0.359375 0.5458984375 0.3447265625 0.52734375 0.2998046875 0.505859375 0.2724609375 0.51171875 0.25 0.5361328125
3 0 0.0576171875 0.0263671875 0.078125 0.0927734375 0.09375 0.1181640625 0.087890625 0.1357421875 0.068359375 0.134765625 0.0263671875 0.1259765625 0 0 0.0009765625 0 0.0576171875
3 0.1611328125 0.064453125 0.1787109375 0.0703125 0.2314453125 0.06640625 0.2646484375 0.052734375 0.283203125 0.0341796875 0.2880859375 0.015625 0.2880859375 0 0.134765625 0.0009765625 0.1484375 0.0498046875 0.1611328125 0.064453125
3 0.5068359375 0.001953125 0.375 0.0009765625 0.3935546875 0.0234375 0.4248046875 0.033203125 0.4677734375 0.02734375 0.5068359375 0.001953125
3 0.029296875 0.8876953125 0.0419921875 0.8984375 0.0634765625 0.91015625 0.0751953125 0.908203125 0.091796875 0.8955078125 0.0966796875 0.875 0.09375 0.8505859375 0.0712890625 0.8203125 0.0400390625 0.81640625 0.025390625 0.8291015625 0.021484375 0.8681640625 0.029296875 0.8876953125
3 0.2333984375 1 0.2431640625 0.96875 0.23828125 0.9443359375 0.2119140625 0.927734375 0.1474609375 0.935546875 0.138671875 0.9404296875 0.134765625 0.9521484375 0.1416015625 1 0.2333984375 1
3 0.255859375 0.8837890625 0.2685546875 0.908203125 0.2861328125 0.91015625 0.3486328125 0.900390625 0.357421875 0.8955078125 0.3681640625 0.873046875 0.369140625 0.8505859375 0.35546875 0.8212890625 0.3310546875 0.802734375 0.3017578125 0.798828125 0.2841796875 0.8046875 0.265625 0.8271484375 0.255859375 0.8837890625
3 0.5537109375 1 0.5322265625 0.978515625 0.4775390625 0.955078125 0.4365234375 0.96484375 0.412109375 0.9951171875 0.4130859375 1 0.5537109375 1
3 0.4033203125 0.7890625 0.37890625 0.8134765625 0.37890625 0.8349609375 0.4052734375 0.8671875 0.4345703125 0.8671875 0.4462890625 0.841796875 0.447265625 0.8115234375 0.4248046875 0.787109375 0.4033203125 0.7890625