3 0.408203125 0.0009765625 0.404296875 0.0419921875 0.412109375 0.0576171875 0.4345703125 0.07421875 0.453125 0.0751953125 0.4873046875 0.064453125 0.501953125 0.0498046875 0.51953125 0.0185546875 0.5205078125 0 0.408203125 0.0009765625
3 0.353515625 0.1591796875 0.34765625 0.1318359375 0.3369140625 0.123046875 0.3017578125 0.11328125 0.2431640625 0.115234375 0.224609375 0.1455078125 0.224609375 0.1689453125 0.2412109375 0.19140625 0.26953125 0.1982421875 0.3232421875 0.19140625 0.3427734375 0.181640625 0.353515625 0.1591796875
3 0.3486328125 0.201171875 0.2880859375 0.201171875 0.2666015625 0.208984375 0.2578125 0.2197265625 0.267578125 0.2744140625 0.2802734375 0.287109375 0.306640625 0.2880859375 0.3427734375 0.27734375 0.3671875 0.2509765625 0.365234375 0.2236328125 0.3486328125 0.201171875
3 0.1494140625 0.34375 0.17578125 0.3466796875 0.2197265625 0.328125 0.255859375 0.2958984375 0.259765625 0.2841796875 0.25390625 0.2431640625 0.244140625 0.2197265625 0.2197265625 0.197265625 0.1865234375 0.185546875 0.1650390625 0.185546875 0.1337890625 0.201171875 0.115234375 0.2236328125 0.099609375 0.2607421875 0.103515625 0.2939453125 0.123046875 0.3271484375 0.1494140625 0.34375
3 0.2900390625 0.470703125 0.328125 0.4697265625 0.3564453125 0.45703125 0.380859375 0.4345703125 0.404296875 0.3974609375 0.41015625 0.3720703125 0.3984375 0.3193359375 0.3701171875 0.296875 0.3466796875 0.291015625 0.3095703125 0.29296875 0.2607421875 0.310546875 0.216796875 0.3486328125 0.208984375 0.3701171875 0.2109375 0.3974609375 0.2490234375 0.451171875 0.2900390625 0.470703125
3 1 0.2158203125 0.9873046875 0.21484375 0.9619140625 0.224609375 0.939453125 0.2431640625 0.92578125 0.2783203125 0.92578125 0.3017578125 0.9404296875 0.333984375 0.9833984375 0.359375 1 0.3603515625 1 0.2158203125
3 0.9765625 0.0556640625 0.9541015625 0.0390625 0.9326171875 0.0390625 0.9150390625 0.046875 0.88671875 0.0849609375 0.88671875 0.1142578125 0.8984375 0.1376953125 0.9208984375 0.15234375 0.943359375 0.1513671875 0.970703125 0.1337890625 0.986328125 0.0908203125 0.9765625 0.0556640625
3 0.0966796875 0.85546875 0.1474609375 0.875 0.1748046875 0.8828125 0.205078125 0.8818359375 0.2197265625 0.876953125 0.234375 0.8623046875 0.251953125 0.8310546875 0.2578125 0.7763671875 0.25 0.7568359375 0.2119140625 0.71875 0.1884765625 0.70703125 0.1513671875 0.708984375 0.1083984375 0.724609375 0.083984375 0.7451171875 0.0625 0.7783203125 0.060546875 0.8173828125 0.068359375 0.8349609375 0.0966796875 0.85546875
3 0.27734375 0.6826171875 0.2958984375 0.6796875 0.318359375 0.6630859375 0.33203125 0.6240234375 0.3203125 0.5986328125 0.3017578125 0.583984375 0.2802734375 0.576171875 0.2431640625 0.576171875 0.2255859375 0.583984375 0.2109375 0.6005859375 0.203125 0.6279296875 0.212890625 0.6533203125 0.2294921875 0.669921875 0.2470703125 0.6796875 0.27734375 0.6826171875
3 0.134765625 0.9951171875 0.1591796875 0.9921875 0.19140625 0.9677734375 0.20703125 0.9404296875 0.208984375 0.9130859375 0.1982421875 0.8984375 0.1591796875 0.880859375 0.1123046875 0.865234375 0.0810546875 0.86328125 0.06640625 0.8779296875 0.056640625 0.9033203125 0.060546875 0.9560546875 0.0869140625 0.986328125 0.1123046875 0.99609375 0.134765625 0.9951171875
3 0.224609375 0.4501953125 0.216796875 0.4306640625 0.1904296875 0.40234375 0.1552734375 0.396484375 0.1298828125 0.412109375 0.12109375 0.4248046875 0.12109375 0.4677734375 0.1474609375 0.50390625 0.18359375 0.5087890625 0.21484375 0.4873046875 0.224609375 0.4697265625 0.224609375 0.4501953125