3 0.2822265625 0.67578125 0.34765625 0.6337890625 0.3671875 0.5966796875 0.3671875 0.5654296875 0.3349609375 0.53515625 0.3154296875 0.529296875 0.2705078125 0.533203125 0.2412109375 0.55078125 0.22265625 0.5751953125 0.21484375 0.6005859375 0.2158203125 0.630859375 0.2353515625 0.662109375 0.2666015625 0.67578125 0.2822265625 0.67578125
3 0.3212890625 0.236328125 0.3515625 0.2080078125 0.357421875 0.1923828125 0.35546875 0.1259765625 0.3330078125 0.1015625 0.2939453125 0.087890625 0.2744140625 0.08984375 0.2529296875 0.1015625 0.21875 0.1396484375 0.208984375 0.1689453125 0.2099609375 0.19140625 0.21875 0.2080078125 0.2529296875 0.236328125 0.3212890625 0.236328125
3 0.3310546875 0.87890625 0.337890625 0.9326171875 0.3642578125 0.96484375 0.3916015625 0.98046875 0.4326171875 0.97265625 0.4951171875 0.93359375 0.525390625 0.9033203125 0.53515625 0.8818359375 0.53515625 0.8193359375 0.52734375 0.7939453125 0.4990234375 0.75390625 0.4306640625 0.75390625 0.3916015625 0.763671875 0.3662109375 0.783203125 0.341796875 0.8134765625 0.330078125 0.8466796875 0.3310546875 0.87890625
3 1 0.5263671875 0.9541015625 0.521484375 0.8935546875 0.53515625 0.873046875 0.5576171875 0.8720703125 0.591796875 0.88671875 0.6201171875 0.9033203125 0.63671875 0.9287109375 0.6484375 0.9658203125 0.65625 0.9990234375 0.64453125 1 0.5263671875
3 0.8291015625 0.908203125 0.8544921875 0.908203125 0.8828125 0.8857421875 0.90234375 0.8466796875 0.91015625 0.7998046875 0.900390625 0.7802734375 0.8779296875 0.763671875 0.8271484375 0.765625 0.7900390625 0.78515625 0.76953125 0.8037109375 0.7607421875 0.841796875 0.76953125 0.8779296875 0.7939453125 0.896484375 0.8291015625 0.908203125
3 0.7275390625 0.51171875 0.7001953125 0.505859375 0.6552734375 0.52734375 0.640625 0.5458984375 0.6416015625 0.560546875 0.6728515625 0.58984375 0.7080078125 0.58984375 0.734375 0.5693359375 0.75 0.5458984375 0.75 0.5361328125 0.7275390625 0.51171875
3 1 0.0009765625 0.8740234375 0 0.865234375 0.0263671875 0.8642578125 0.068359375 0.8818359375 0.087890625 0.9072265625 0.09375 0.9736328125 0.078125 1 0.0576171875 1 0.0009765625
3 0.865234375 0.0009765625 0.7119140625 0 0.7119140625 0.015625 0.716796875 0.0341796875 0.7353515625 0.052734375 0.7685546875 0.06640625 0.8212890625 0.0703125 0.8388671875 0.064453125 0.8515625 0.0498046875 0.865234375 0.0009765625
3 0.5322265625 0.02734375 0.5751953125 0.033203125 0.6064453125 0.0234375 0.625 0.0009765625 0.4931640625 0.001953125 0.5322265625 0.02734375
3 0.970703125 0.8876953125 0.978515625 0.8681640625 0.974609375 0.8291015625 0.9599609375 0.81640625 0.9287109375 0.8203125 0.90625 0.8505859375 0.9033203125 0.875 0.908203125 0.8955078125 0.9248046875 0.908203125 0.9365234375 0.91015625 0.9580078125 0.8984375 0.970703125 0.8876953125
3 0.8583984375 1 0.865234375 0.9521484375 0.861328125 0.9404296875 0.8525390625 0.935546875 0.7880859375 0.927734375 0.76171875 0.9443359375 0.7568359375 0.96875 0.7666015625 1 0.8583984375 1
3 0.7314453125 0.908203125 0.744140625 0.8837890625 0.734375 0.8271484375 0.7158203125 0.8046875 0.6982421875 0.798828125 0.6689453125 0.802734375 0.64453125 0.8212890625 0.630859375 0.8505859375 0.6318359375 0.873046875 0.642578125 0.8955078125 0.6513671875 0.900390625 0.7138671875 0.91015625 0.7314453125 0.908203125
3 0.5869140625 1 0.587890625 0.9951171875 0.5634765625 0.96484375 0.5224609375 0.955078125 0.4677734375 0.978515625 0.4462890625 1 0.5869140625 1
3 0.5537109375 0.841796875 0.5654296875 0.8671875 0.5947265625 0.8671875 0.62109375 0.8349609375 0.62109375 0.8134765625 0.5966796875 0.7890625 0.5751953125 0.787109375 0.552734375 0.8115234375 0.5537109375 0.841796875