3 0.6455078125 0.818359375 0.619140625 0.7705078125 0.5947265625 0.74609375 0.5654296875 0.73046875 0.5224609375 0.724609375 0.4833984375 0.736328125 0.44140625 0.7763671875 0.431640625 0.7978515625 0.4296875 0.8447265625 0.4453125 0.8857421875 0.4697265625 0.908203125 0.4990234375 0.919921875 0.5693359375 0.9296875 0.6044921875 0.921875 0.626953125 0.9013671875 0.642578125 0.8642578125 0.6455078125 0.818359375
3 0.2197265625 1 0.2265625 0.9873046875 0.2255859375 0.962890625 0.212890625 0.9306640625 0.2001953125 0.919921875 0.1357421875 0.89453125 0.0966796875 0.90234375 0.076171875 0.9248046875 0.068359375 0.9521484375 0.0703125 0.9755859375 0.0908203125 1 0.2197265625 1
3 0.7529296875 0.173828125 0.7421875 0.1357421875 0.7080078125 0.103515625 0.6767578125 0.08984375 0.6455078125 0.08984375 0.6142578125 0.1015625 0.6015625 0.1162109375 0.587890625 0.1494140625 0.5859375 0.1865234375 0.58984375 0.2060546875 0.6064453125 0.23046875 0.6416015625 0.251953125 0.6689453125 0.255859375 0.6923828125 0.251953125 0.7294921875 0.232421875 0.751953125 0.2001953125 0.7529296875 0.173828125
3 0.3408203125 0 0.3359375 0.0146484375 0.337890625 0.0517578125 0.349609375 0.0732421875 0.3818359375 0.095703125 0.4541015625 0.0859375 0.484375 0.0615234375 0.494140625 0.0361328125 0.4931640625 0.0078125 0.4912109375 0 0.3408203125 0
3 0.2685546875 0.3046875 0.2890625 0.2880859375 0.2939453125 0.25390625 0.2822265625 0.23046875 0.2333984375 0.22265625 0.208984375 0.2353515625 0.197265625 0.2607421875 0.197265625 0.2763671875 0.2294921875 0.30078125 0.2685546875 0.3046875
3 0.2900390625 0.5 0.3369140625 0.5 0.3544921875 0.494140625 0.359375 0.4892578125 0.3583984375 0.43359375 0.3427734375 0.412109375 0.2939453125 0.3984375 0.2578125 0.4560546875 0.255859375 0.4755859375 0.2705078125 0.494140625 0.2900390625 0.5
3 0.962890625 0.2841796875 0.94140625 0.3310546875 0.94140625 0.3623046875 0.94921875 0.3818359375 0.9970703125 0.421875 0.9990234375 0.2578125 0.9853515625 0.26171875 0.962890625 0.2841796875
3 0.5810546875 1 0.5810546875 0.990234375 0.57421875 0.9658203125 0.5615234375 0.953125 0.5048828125 0.93359375 0.4345703125 0.935546875 0.408203125 0.9697265625 0.4130859375 1 0.5810546875 1
3 0.0009765625 0.08203125 0.0009765625 0.205078125 0.0263671875 0.197265625 0.0390625 0.1845703125 0.05078125 0.1591796875 0.0498046875 0.13671875 0.03515625 0.1025390625 0.0009765625 0.08203125
3 0.0244140625 0.384765625 0.0009765625 0.37890625 0.0009765625 0.51171875 0.0205078125 0.501953125 0.04296875 0.4716796875 0.0498046875 0.4296875 0.046875 0.4052734375 0.0244140625 0.384765625
3 0.1865234375 0.806640625 0.1708984375 0.791015625 0.1396484375 0.7890625 0.12109375 0.8017578125 0.119140625 0.8271484375 0.1357421875 0.84765625 0.1591796875 0.849609375 0.185546875 0.8251953125 0.1865234375 0.806640625
3 0.2568359375 0.5859375 0.2412109375 0.572265625 0.2177734375 0.57421875 0.20703125 0.5869140625 0.20703125 0.5986328125 0.2177734375 0.6171875 0.2451171875 0.6171875 0.255859375 0.6064453125 0.2568359375 0.5859375
3 0.3759765625 0.734375 0.3603515625 0.72265625 0.3388671875 0.720703125 0.328125 0.7314453125 0.328125 0.7490234375 0.3388671875 0.76171875 0.3642578125 0.76171875 0.376953125 0.7490234375 0.3759765625 0.734375
3 0.69140625 0.5849609375 0.7099609375 0.595703125 0.7548828125 0.6015625 0.77734375 0.5888671875 0.7802734375 0.55078125 0.77734375 0.5380859375 0.7646484375 0.52734375 0.7119140625 0.525390625 0.6875 0.5380859375 0.68359375 0.5673828125 0.69140625 0.5849609375
3 0.1591796875 0.560546875 0.1533203125 0.548828125 0.1318359375 0.544921875 0.119140625 0.5556640625 0.115234375 0.5712890625 0.1240234375 0.587890625 0.1416015625 0.591796875 0.158203125 0.5791015625 0.1591796875 0.560546875
3 0.1708984375 0.51953125 0.1630859375 0.5078125 0.1494140625 0.50390625 0.138671875 0.5087890625 0.134765625 0.5283203125 0.1435546875 0.5390625 0.1591796875 0.541015625 0.171875 0.5302734375 0.1708984375 0.51953125