3 0.3779296875 0.80859375 0.3955078125 0.80078125 0.408203125 0.7822265625 0.423828125 0.7451171875 0.4228515625 0.728515625 0.4140625 0.6923828125 0.3935546875 0.673828125 0.3642578125 0.669921875 0.3388671875 0.677734375 0.3125 0.7021484375 0.29296875 0.7412109375 0.30078125 0.7822265625 0.3212890625 0.8046875 0.3525390625 0.814453125 0.3779296875 0.80859375
3 0.3095703125 0.85546875 0.2890625 0.8798828125 0.29296875 0.9130859375 0.3134765625 0.927734375 0.3447265625 0.923828125 0.359375 0.9052734375 0.3701171875 0.8671875 0.3525390625 0.845703125 0.3095703125 0.85546875
3 0.5732421875 0.45703125 0.6103515625 0.451171875 0.638671875 0.4267578125 0.650390625 0.3935546875 0.6494140625 0.375 0.646484375 0.3525390625 0.6318359375 0.328125 0.6123046875 0.3203125 0.5830078125 0.32421875 0.5595703125 0.33984375 0.53515625 0.3720703125 0.53125 0.4013671875 0.537109375 0.4267578125 0.5537109375 0.44921875 0.5732421875 0.45703125
3 0.5224609375 0.345703125 0.5048828125 0.34765625 0.4921875 0.3564453125 0.486328125 0.3740234375 0.4912109375 0.408203125 0.5068359375 0.41015625 0.51953125 0.4013671875 0.529296875 0.3798828125 0.5283203125 0.359375 0.5224609375 0.345703125
3 0.5634765625 0.712890625 0.578125 0.6865234375 0.5771484375 0.6484375 0.5703125 0.6259765625 0.5556640625 0.611328125 0.5263671875 0.609375 0.5087890625 0.619140625 0.486328125 0.6630859375 0.490234375 0.6943359375 0.501953125 0.7138671875 0.5126953125 0.720703125 0.5361328125 0.72265625 0.5634765625 0.712890625
3 0.6572265625 0.671875 0.701171875 0.6142578125 0.7021484375 0.603515625 0.6923828125 0.5703125 0.6611328125 0.560546875 0.6298828125 0.56640625 0.615234375 0.5791015625 0.595703125 0.6142578125 0.59375 0.6474609375 0.603515625 0.6728515625 0.6103515625 0.677734375 0.6435546875 0.677734375 0.6572265625 0.671875
3 0.7421875 0.6416015625 0.7353515625 0.63671875 0.6982421875 0.640625 0.6796875 0.6669921875 0.677734375 0.6884765625 0.6884765625 0.69921875 0.7255859375 0.693359375 0.73828125 0.6826171875 0.7431640625 0.658203125 0.7421875 0.6416015625
3 0.771484375 0.5712890625 0.7587890625 0.560546875 0.7353515625 0.5625 0.720703125 0.5830078125 0.724609375 0.6064453125 0.7373046875 0.6171875 0.7607421875 0.615234375 0.771484375 0.5966796875 0.7724609375 0.580078125 0.771484375 0.5712890625
3 0.7958984375 0.92578125 0.8154296875 0.916015625 0.83984375 0.8955078125 0.84765625 0.8798828125 0.8486328125 0.8359375 0.837890625 0.8173828125 0.8134765625 0.794921875 0.7861328125 0.791015625 0.7626953125 0.796875 0.724609375 0.8369140625 0.720703125 0.8857421875 0.7265625 0.9033203125 0.7392578125 0.91796875 0.7724609375 0.927734375 0.7958984375 0.92578125
3 0.375 0.4384765625 0.3603515625 0.42578125 0.3251953125 0.431640625 0.310546875 0.4521484375 0.310546875 0.4873046875 0.3330078125 0.49609375 0.3544921875 0.494140625 0.373046875 0.4736328125 0.3759765625 0.44921875 0.375 0.4384765625
3 0.3720703125 0.26953125 0.34765625 0.2900390625 0.330078125 0.3330078125 0.3583984375 0.345703125 0.3935546875 0.33203125 0.404296875 0.3212890625 0.4091796875 0.30078125 0.3935546875 0.271484375 0.3720703125 0.26953125
3 0.4306640625 0.400390625 0.416015625 0.4228515625 0.41796875 0.4423828125 0.4306640625 0.451171875 0.4521484375 0.451171875 0.462890625 0.4384765625 0.4619140625 0.4140625 0.4521484375 0.40234375 0.4306640625 0.400390625
3 0.4033203125 0.48828125 0.388671875 0.5029296875 0.388671875 0.5263671875 0.4013671875 0.533203125 0.4228515625 0.53125 0.4296875 0.5224609375 0.4306640625 0.501953125 0.4248046875 0.490234375 0.4033203125 0.48828125