3 0.330078125 0.4248046875 0.3505859375 0.44921875 0.3759765625 0.46484375 0.4208984375 0.46484375 0.44921875 0.4482421875 0.4580078125 0.42578125 0.451171875 0.3857421875 0.4208984375 0.357421875 0.3642578125 0.3515625 0.3447265625 0.357421875 0.326171875 0.3740234375 0.322265625 0.4013671875 0.330078125 0.4248046875
3 0.4853515625 0.69140625 0.494140625 0.6845703125 0.4970703125 0.66796875 0.49609375 0.6455078125 0.4755859375 0.626953125 0.4423828125 0.625 0.427734375 0.6376953125 0.427734375 0.6650390625 0.4501953125 0.6875 0.4853515625 0.69140625
3 0.3330078125 0.671875 0.3466796875 0.6484375 0.333984375 0.6064453125 0.3173828125 0.59375 0.2978515625 0.591796875 0.267578125 0.6123046875 0.275390625 0.6376953125 0.2880859375 0.650390625 0.3330078125 0.671875
3 0.4384765625 0.583984375 0.4521484375 0.568359375 0.453125 0.5478515625 0.4443359375 0.5390625 0.4189453125 0.537109375 0.404296875 0.5478515625 0.40234375 0.5693359375 0.4189453125 0.58203125 0.4384765625 0.583984375
3 0.611328125 0.4716796875 0.619140625 0.4873046875 0.6572265625 0.51171875 0.6923828125 0.509765625 0.7138671875 0.498046875 0.7216796875 0.484375 0.720703125 0.4501953125 0.7041015625 0.427734375 0.6943359375 0.423828125 0.6435546875 0.423828125 0.6220703125 0.43359375 0.611328125 0.4482421875 0.611328125 0.4716796875
3 0.6875 0.6728515625 0.7060546875 0.689453125 0.7431640625 0.70703125 0.7939453125 0.693359375 0.806640625 0.6767578125 0.8154296875 0.6484375 0.80078125 0.6044921875 0.7451171875 0.576171875 0.7138671875 0.578125 0.6904296875 0.587890625 0.669921875 0.6220703125 0.677734375 0.6572265625 0.6875 0.6728515625
3 0.9130859375 0.70703125 0.9287109375 0.685546875 0.923828125 0.6533203125 0.9052734375 0.640625 0.8701171875 0.62890625 0.845703125 0.6494140625 0.85546875 0.6884765625 0.8759765625 0.708984375 0.9130859375 0.70703125
3 0.564453125 0.3623046875 0.5771484375 0.3828125 0.6044921875 0.400390625 0.6416015625 0.408203125 0.6708984375 0.400390625 0.6796875 0.3896484375 0.6806640625 0.37109375 0.681640625 0.3603515625 0.671875 0.3408203125 0.6181640625 0.30078125 0.5830078125 0.30078125 0.572265625 0.3076171875 0.5625 0.3388671875 0.564453125 0.3623046875
3 0.6025390625 0.27734375 0.6181640625 0.263671875 0.615234375 0.2373046875 0.5966796875 0.228515625 0.5732421875 0.228515625 0.560546875 0.2451171875 0.5625 0.2626953125 0.5771484375 0.27734375 0.6025390625 0.27734375
3 0.6708984375 0.3203125 0.6884765625 0.322265625 0.7001953125 0.30859375 0.693359375 0.2724609375 0.6845703125 0.26171875 0.6708984375 0.255859375 0.640625 0.2587890625 0.638671875 0.2900390625 0.6513671875 0.30859375 0.6708984375 0.3203125
3 0.79296875 0.1982421875 0.794921875 0.2275390625 0.810546875 0.2548828125 0.8466796875 0.27734375 0.8837890625 0.279296875 0.9091796875 0.26953125 0.923828125 0.2490234375 0.9267578125 0.23046875 0.92578125 0.2041015625 0.91796875 0.1865234375 0.8955078125 0.16015625 0.8798828125 0.15234375 0.8310546875 0.154296875 0.796875 0.1865234375 0.79296875 0.1982421875
3 0.5283203125 0.609375 0.5341796875 0.599609375 0.53515625 0.5810546875 0.5283203125 0.572265625 0.5068359375 0.568359375 0.490234375 0.5771484375 0.48828125 0.5927734375 0.5048828125 0.611328125 0.5283203125 0.609375
3 0.4052734375 0.51171875 0.4111328125 0.5 0.4033203125 0.48046875 0.3798828125 0.470703125 0.3505859375 0.47265625 0.345703125 0.4794921875 0.3515625 0.5009765625 0.3662109375 0.51171875 0.4052734375 0.51171875