2 0.88671875 0.9287109375 0.8720703125 0.900390625 0.8564453125 0.890625 0.8330078125 0.890625 0.810546875 0.9169921875 0.80859375 0.9306640625 0.8271484375 0.947265625 0.845703125 0.9521484375 0.8759765625 0.947265625 0.88671875 0.9287109375
2 0.642578125 0.9072265625 0.646484375 0.8818359375 0.6318359375 0.857421875 0.5927734375 0.853515625 0.58203125 0.8662109375 0.576171875 0.8974609375 0.5986328125 0.91796875 0.615234375 0.9228515625 0.6240234375 0.923828125 0.642578125 0.9072265625
2 0.2177734375 0.681640625 0.228515625 0.6630859375 0.2265625 0.6435546875 0.1982421875 0.61328125 0.1669921875 0.630859375 0.162109375 0.6455078125 0.16796875 0.6767578125 0.1875 0.6865234375 0.2177734375 0.681640625
2 0.4638671875 0.517578125 0.46875 0.5107421875 0.46875 0.4794921875 0.4423828125 0.458984375 0.4208984375 0.4609375 0.412109375 0.4697265625 0.41015625 0.4990234375 0.42578125 0.5224609375 0.4638671875 0.517578125
2 0.6416015625 0.5390625 0.6640625 0.5087890625 0.66015625 0.4873046875 0.6455078125 0.470703125 0.6220703125 0.470703125 0.59765625 0.4892578125 0.603515625 0.5185546875 0.630859375 0.5400390625 0.6416015625 0.5390625
2 0.69140625 0.3935546875 0.69140625 0.3798828125 0.6767578125 0.359375 0.6435546875 0.353515625 0.623046875 0.3681640625 0.62109375 0.3837890625 0.6298828125 0.40234375 0.658203125 0.4150390625 0.677734375 0.4130859375 0.69140625 0.3935546875
2 0.7822265625 0.302734375 0.798828125 0.2802734375 0.7685546875 0.248046875 0.7353515625 0.251953125 0.73046875 0.2587890625 0.734375 0.2939453125 0.7431640625 0.302734375 0.7578125 0.3056640625 0.7822265625 0.302734375
2 0.984375 0.2607421875 0.994140625 0.2294921875 0.9736328125 0.203125 0.9423828125 0.197265625 0.91796875 0.2177734375 0.916015625 0.2470703125 0.9404296875 0.2734375 0.951171875 0.2763671875 0.984375 0.2607421875
2 0.8994140625 0.064453125 0.919921875 0.0458984375 0.916015625 0.0224609375 0.8876953125 0 0.869140625 0.0068359375 0.861328125 0.0283203125 0.865234375 0.0517578125 0.87890625 0.0634765625 0.8994140625 0.064453125
2 0.654296875 0.0146484375 0.671875 0.0244140625 0.6845703125 0.025390625 0.6982421875 0.017578125 0.70703125 0.0009765625 0.6494140625 0 0.654296875 0.0146484375
2 0.40625 0.0166015625 0.435546875 0.0341796875 0.4560546875 0.03125 0.470703125 0.0185546875 0.4677734375 0 0.404296875 0.0009765625 0.40625 0.0166015625
2 0.1357421875 0.12109375 0.146484375 0.1005859375 0.142578125 0.0712890625 0.1259765625 0.0625 0.0947265625 0.068359375 0.08203125 0.0888671875 0.0859375 0.1103515625 0.11328125 0.1279296875 0.1357421875 0.12109375
2 0.1689453125 0 0.173828125 0.0302734375 0.19140625 0.0400390625 0.2353515625 0.037109375 0.248046875 0.0146484375 0.24609375 0.0048828125 0.2412109375 0 0.1689453125 0
2 0.572265625 0.0830078125 0.591796875 0.1083984375 0.607421875 0.1044921875 0.609375 0.0830078125 0.5947265625 0.068359375 0.5771484375 0.068359375 0.572265625 0.0830078125
2 0.298828125 0.4853515625 0.310546875 0.5166015625 0.33984375 0.4990234375 0.341796875 0.4912109375 0.3349609375 0.482421875 0.3154296875 0.4765625 0.298828125 0.4853515625
2 0.810546875 0.7626953125 0.8271484375 0.763671875 0.837890625 0.7548828125 0.8232421875 0.736328125 0.8037109375 0.73046875 0.79296875 0.7373046875 0.79296875 0.7470703125 0.810546875 0.7626953125