2 0.9541015625 0.30078125 0.935546875 0.3076171875 0.9267578125 0.337890625 0.9423828125 0.359375 0.9736328125 0.36328125 0.98828125 0.3544921875 0.990234375 0.3232421875 0.9716796875 0.30078125 0.9541015625 0.30078125
2 0.9716796875 0.4375 0.984375 0.4248046875 0.986328125 0.4091796875 0.9482421875 0.404296875 0.9443359375 0.419921875 0.9560546875 0.43359375 0.9716796875 0.4375
2 0.9208984375 0.8046875 0.90625 0.8251953125 0.9072265625 0.845703125 0.9248046875 0.865234375 0.9521484375 0.86328125 0.96875 0.8349609375 0.96484375 0.8115234375 0.9541015625 0.802734375 0.9208984375 0.8046875
2 0.9482421875 0.91015625 0.9541015625 0.91796875 0.9716796875 0.912109375 0.982421875 0.8994140625 0.984375 0.8779296875 0.9658203125 0.876953125 0.955078125 0.8876953125 0.9482421875 0.91015625
2 0.802734375 0.7236328125 0.7841796875 0.708984375 0.7470703125 0.70703125 0.740234375 0.7158203125 0.7392578125 0.7421875 0.744140625 0.7548828125 0.7587890625 0.765625 0.7841796875 0.765625 0.794921875 0.7548828125 0.802734375 0.7236328125
2 0.716796875 0.6181640625 0.724609375 0.5986328125 0.72265625 0.5791015625 0.7021484375 0.552734375 0.6767578125 0.55078125 0.6640625 0.5634765625 0.6630859375 0.57421875 0.666015625 0.5986328125 0.6845703125 0.619140625 0.7099609375 0.625 0.716796875 0.6181640625
2 0.8076171875 0.453125 0.783203125 0.4697265625 0.7802734375 0.486328125 0.787109375 0.5107421875 0.8173828125 0.533203125 0.8359375 0.5126953125 0.841796875 0.4716796875 0.8310546875 0.45703125 0.8076171875 0.453125
2 0.5927734375 0.041015625 0.57421875 0.0537109375 0.5732421875 0.080078125 0.5849609375 0.09765625 0.6064453125 0.10546875 0.630859375 0.0888671875 0.63671875 0.0673828125 0.6240234375 0.046875 0.5927734375 0.041015625
2 0.3505859375 0.625 0.33203125 0.6376953125 0.3291015625 0.658203125 0.3408203125 0.681640625 0.3642578125 0.689453125 0.38671875 0.6728515625 0.388671875 0.6474609375 0.3681640625 0.625 0.3505859375 0.625
2 0.4345703125 0.873046875 0.412109375 0.9013671875 0.4111328125 0.921875 0.4306640625 0.935546875 0.4580078125 0.939453125 0.4765625 0.9248046875 0.478515625 0.8955078125 0.4560546875 0.873046875 0.4345703125 0.873046875
2 0.6396484375 0.88671875 0.615234375 0.9130859375 0.6142578125 0.9296875 0.6240234375 0.943359375 0.6533203125 0.951171875 0.673828125 0.9404296875 0.681640625 0.9130859375 0.6630859375 0.890625 0.6396484375 0.88671875
2 0.5576171875 0.611328125 0.568359375 0.6337890625 0.5771484375 0.63671875 0.5859375 0.6162109375 0.583984375 0.6025390625 0.5673828125 0.59375 0.55859375 0.5986328125 0.5576171875 0.611328125
2 0.435546875 0.3095703125 0.4150390625 0.294921875 0.3896484375 0.296875 0.375 0.3115234375 0.3740234375 0.32421875 0.376953125 0.3408203125 0.3896484375 0.35546875 0.4169921875 0.35546875 0.435546875 0.3447265625 0.435546875 0.3095703125
2 0.37109375 0.1708984375 0.3466796875 0.154296875 0.3232421875 0.15625 0.30859375 0.1728515625 0.3095703125 0.1953125 0.3125 0.2080078125 0.3291015625 0.21875 0.3583984375 0.21484375 0.373046875 0.1884765625 0.37109375 0.1708984375
2 0.2255859375 0.529296875 0.21484375 0.5419921875 0.2158203125 0.55859375 0.2236328125 0.572265625 0.2470703125 0.57421875 0.26171875 0.5634765625 0.259765625 0.5400390625 0.2490234375 0.529296875 0.2255859375 0.529296875
2 0.2880859375 0.564453125 0.2705078125 0.568359375 0.2626953125 0.5859375 0.267578125 0.6044921875 0.2802734375 0.611328125 0.2939453125 0.611328125 0.310546875 0.5966796875 0.306640625 0.5791015625 0.2880859375 0.564453125
2 0.2919921875 0.908203125 0.279296875 0.9306640625 0.2783203125 0.947265625 0.2880859375 0.955078125 0.3271484375 0.95703125 0.333984375 0.9365234375 0.330078125 0.9150390625 0.3154296875 0.904296875 0.2919921875 0.908203125
2 0.0361328125 0.873046875 0.041015625 0.8974609375 0.0634765625 0.9140625 0.09375 0.8857421875 0.087890625 0.8544921875 0.0673828125 0.84375 0.0439453125 0.849609375 0.0361328125 0.873046875
2 0.095703125 0.7412109375 0.0791015625 0.73046875 0.0537109375 0.732421875 0.044921875 0.7412109375 0.0400390625 0.759765625 0.04296875 0.7802734375 0.0634765625 0.791015625 0.0908203125 0.78515625 0.099609375 0.7646484375 0.095703125 0.7412109375
2 0.0615234375 0.185546875 0.037109375 0.1982421875 0.0341796875 0.224609375 0.037109375 0.2353515625 0.0673828125 0.2578125 0.08984375 0.2451171875 0.1015625 0.2138671875 0.0849609375 0.19140625 0.0615234375 0.185546875
2 0.1533203125 0.4140625 0.166015625 0.4208984375 0.1884765625 0.453125 0.208984375 0.4462890625 0.208984375 0.4306640625 0.1787109375 0.3984375 0.1552734375 0.40234375 0.1533203125 0.4140625
2 0.5439453125 0.1953125 0.533203125 0.2138671875 0.5341796875 0.232421875 0.5537109375 0.25 0.5732421875 0.251953125 0.591796875 0.2373046875 0.59375 0.2119140625 0.5712890625 0.193359375 0.5439453125 0.1953125
2 0.6611328125 0.3125 0.673828125 0.2958984375 0.6591796875 0.27734375 0.6337890625 0.29296875 0.6318359375 0.302734375 0.6416015625 0.310546875 0.6611328125 0.3125
2 0.5009765625 0.09765625 0.5126953125 0.111328125 0.5283203125 0.111328125 0.53515625 0.1044921875 0.53125 0.0888671875 0.5087890625 0.07421875 0.5 0.0791015625 0.5009765625 0.09765625