2 0.099609375 0.9521484375 0.1103515625 0.96484375 0.1416015625 0.958984375 0.154296875 0.9423828125 0.1484375 0.9208984375 0.1328125 0.9072265625 0.1201171875 0.90625 0.099609375 0.9228515625 0.099609375 0.9521484375
2 0.466796875 0.9189453125 0.474609375 0.9423828125 0.5107421875 0.96484375 0.51953125 0.9228515625 0.513671875 0.9091796875 0.498046875 0.8994140625 0.4775390625 0.90234375 0.466796875 0.9189453125
2 0.787109375 0.8154296875 0.8017578125 0.828125 0.8232421875 0.826171875 0.8359375 0.8095703125 0.8359375 0.7880859375 0.822265625 0.7763671875 0.8017578125 0.77734375 0.783203125 0.7978515625 0.787109375 0.8154296875
2 0.876953125 0.9130859375 0.8876953125 0.921875 0.8955078125 0.921875 0.90234375 0.9091796875 0.900390625 0.8935546875 0.892578125 0.8857421875 0.8818359375 0.88671875 0.876953125 0.8955078125 0.876953125 0.9130859375
2 0.5947265625 0.64453125 0.6015625 0.6376953125 0.59765625 0.5986328125 0.58984375 0.5869140625 0.587890625 0.5634765625 0.578125 0.5517578125 0.5595703125 0.55078125 0.546875 0.5654296875 0.544921875 0.5830078125 0.560546875 0.6044921875 0.560546875 0.6298828125 0.56640625 0.6416015625 0.5947265625 0.64453125
2 0.365234375 0.6943359375 0.36328125 0.6806640625 0.3330078125 0.638671875 0.3076171875 0.630859375 0.2861328125 0.634765625 0.263671875 0.6298828125 0.248046875 0.6337890625 0.236328125 0.6669921875 0.251953125 0.7060546875 0.2705078125 0.728515625 0.2900390625 0.73828125 0.3037109375 0.72265625 0.3447265625 0.708984375 0.365234375 0.6943359375
2 0.501953125 0.2978515625 0.5205078125 0.3125 0.5400390625 0.30859375 0.548828125 0.2919921875 0.548828125 0.2705078125 0.53125 0.2470703125 0.5205078125 0.24609375 0.5087890625 0.25390625 0.494140625 0.2744140625 0.501953125 0.2978515625
2 0.701171875 0.3388671875 0.7080078125 0.3515625 0.7294921875 0.359375 0.7578125 0.3486328125 0.755859375 0.3212890625 0.734375 0.2998046875 0.71484375 0.3134765625 0.701171875 0.3388671875
2 0.384765625 0.4208984375 0.3994140625 0.4453125 0.4228515625 0.431640625 0.431640625 0.4189453125 0.431640625 0.4013671875 0.41796875 0.3896484375 0.3994140625 0.390625 0.384765625 0.4072265625 0.384765625 0.4208984375
2 0.287109375 0.4052734375 0.287109375 0.4228515625 0.3037109375 0.43359375 0.31640625 0.4306640625 0.3203125 0.4169921875 0.3125 0.3896484375 0.3017578125 0.390625 0.287109375 0.4052734375
2 0.3037109375 0.259765625 0.3271484375 0.259765625 0.3388671875 0.251953125 0.359375 0.2177734375 0.3544921875 0.201171875 0.330078125 0.1962890625 0.3037109375 0.197265625 0.294921875 0.2060546875 0.29296875 0.2412109375 0.3037109375 0.259765625
2 0.169921875 0.0771484375 0.1884765625 0.09375 0.2080078125 0.09375 0.220703125 0.0751953125 0.224609375 0.0595703125 0.208984375 0.0380859375 0.1845703125 0.0390625 0.169921875 0.0517578125 0.169921875 0.0771484375
2 0.5791015625 0.115234375 0.6005859375 0.115234375 0.626953125 0.0986328125 0.626953125 0.0869140625 0.6142578125 0.06640625 0.583984375 0.0556640625 0.57421875 0.0595703125 0.568359375 0.0947265625 0.5791015625 0.115234375
2 0.083984375 0.4072265625 0.087890625 0.4287109375 0.1025390625 0.4375 0.1396484375 0.43359375 0.138671875 0.4130859375 0.125 0.3974609375 0.0888671875 0.40234375 0.083984375 0.4072265625
2 0.0986328125 0.232421875 0.1083984375 0.232421875 0.12109375 0.2197265625 0.123046875 0.2001953125 0.1103515625 0.185546875 0.095703125 0.1826171875 0.0859375 0.1865234375 0.08203125 0.1982421875 0.083984375 0.2216796875 0.0986328125 0.232421875
2 0 0.7041015625 0.0009765625 0.740234375 0.0244140625 0.740234375 0.033203125 0.7333984375 0.03515625 0.7158203125 0.0234375 0.7001953125 0 0.7041015625
2 0.419921875 0.7021484375 0.4345703125 0.724609375 0.451171875 0.7177734375 0.45703125 0.6962890625 0.45703125 0.6865234375 0.4453125 0.6767578125 0.4306640625 0.67578125 0.421875 0.6826171875 0.419921875 0.7021484375
2 0.25 0.5830078125 0.255859375 0.6083984375 0.2666015625 0.61328125 0.287109375 0.6044921875 0.287109375 0.5927734375 0.271484375 0.5693359375 0.2646484375 0.568359375 0.25 0.5830078125