2 0.6337890625 0.642578125 0.6630859375 0.646484375 0.6796875 0.6279296875 0.681640625 0.5966796875 0.6611328125 0.583984375 0.6396484375 0.583984375 0.625 0.5947265625 0.6181640625 0.61328125 0.623046875 0.6318359375 0.6337890625 0.642578125
2 0.62109375 0.8720703125 0.6435546875 0.88671875 0.6611328125 0.8828125 0.677734375 0.8544921875 0.671875 0.8349609375 0.6552734375 0.822265625 0.6259765625 0.82421875 0.6123046875 0.8359375 0.62109375 0.8720703125
2 0.28515625 0.2685546875 0.2958984375 0.283203125 0.3271484375 0.28515625 0.341796875 0.2705078125 0.34375 0.2490234375 0.3251953125 0.228515625 0.3056640625 0.2265625 0.2841796875 0.244140625 0.28515625 0.2685546875
2 0.4208984375 0.109375 0.4443359375 0.11328125 0.470703125 0.0888671875 0.470703125 0.0615234375 0.4599609375 0.052734375 0.4345703125 0.056640625 0.416015625 0.0732421875 0.4130859375 0.0859375 0.4208984375 0.109375
2 0.1796875 0.0888671875 0.2041015625 0.103515625 0.2236328125 0.099609375 0.236328125 0.0810546875 0.234375 0.0595703125 0.2177734375 0.044921875 0.1923828125 0.048828125 0.1767578125 0.0703125 0.1796875 0.0888671875
2 0.23046875 0.2705078125 0.234375 0.2431640625 0.224609375 0.2216796875 0.23046875 0.2080078125 0.2060546875 0.1796875 0.1650390625 0.185546875 0.134765625 0.2158203125 0.1259765625 0.244140625 0.125 0.2646484375 0.1416015625 0.29296875 0.1591796875 0.3046875 0.1767578125 0.296875 0.1865234375 0.298828125 0.1923828125 0.287109375 0.2216796875 0.279296875 0.23046875 0.2705078125
2 0.103515625 0.3916015625 0.1162109375 0.408203125 0.1357421875 0.408203125 0.1484375 0.3974609375 0.1484375 0.3818359375 0.1259765625 0.3671875 0.1103515625 0.37109375 0.1044921875 0.380859375 0.103515625 0.3916015625
2 0.06640625 0.6572265625 0.1064453125 0.69140625 0.1298828125 0.6875 0.14453125 0.6669921875 0.14453125 0.6474609375 0.1298828125 0.630859375 0.1083984375 0.62890625 0.0673828125 0.64453125 0.06640625 0.6572265625
2 0.2353515625 0.55859375 0.23828125 0.5869140625 0.2490234375 0.599609375 0.2744140625 0.59765625 0.287109375 0.5869140625 0.2822265625 0.537109375 0.2548828125 0.53515625 0.2353515625 0.55859375
2 0.3017578125 0.44140625 0.306640625 0.4677734375 0.3271484375 0.478515625 0.361328125 0.4658203125 0.36328125 0.4326171875 0.3525390625 0.419921875 0.3212890625 0.41796875 0.3017578125 0.44140625
2 0.5107421875 0.474609375 0.5361328125 0.478515625 0.5556640625 0.474609375 0.5625 0.4658203125 0.55078125 0.4345703125 0.5263671875 0.421875 0.5126953125 0.421875 0.4990234375 0.4453125 0.498046875 0.4560546875 0.5107421875 0.474609375
2 0.8037109375 0.2890625 0.8291015625 0.28515625 0.8359375 0.2763671875 0.837890625 0.2490234375 0.8291015625 0.2421875 0.8076171875 0.2421875 0.796875 0.2529296875 0.7919921875 0.271484375 0.8037109375 0.2890625
2 0.7431640625 0.767578125 0.7470703125 0.787109375 0.7587890625 0.796875 0.771484375 0.7939453125 0.775390625 0.7802734375 0.7685546875 0.76953125 0.7568359375 0.763671875 0.7431640625 0.767578125
2 0.216796875 0.9365234375 0.234375 0.9267578125 0.234375 0.9169921875 0.2138671875 0.91015625 0.2041015625 0.8984375 0.1806640625 0.892578125 0.162109375 0.9052734375 0.1572265625 0.92578125 0.16015625 0.9462890625 0.1669921875 0.953125 0.2060546875 0.958984375 0.21484375 0.9521484375 0.216796875 0.9365234375
2 0.9052734375 0.466796875 0.904296875 0.4775390625 0.9169921875 0.482421875 0.931640625 0.4736328125 0.94140625 0.4580078125 0.9248046875 0.451171875 0.9111328125 0.45703125 0.9052734375 0.466796875
2 0.9599609375 0.22265625 0.9365234375 0.234375 0.935546875 0.2412109375 0.9462890625 0.251953125 0.966796875 0.2470703125 0.966796875 0.2314453125 0.9599609375 0.22265625
2 0.9462890625 0.548828125 0.9248046875 0.5546875 0.9287109375 0.578125 0.9443359375 0.576171875 0.951171875 0.5673828125 0.951171875 0.5517578125 0.9462890625 0.548828125
2 0.6533203125 0.0390625 0.65234375 0.0458984375 0.6787109375 0.068359375 0.701171875 0.0517578125 0.697265625 0.0263671875 0.6806640625 0.015625 0.6650390625 0.021484375 0.6533203125 0.0390625