2 0.19921875 0.0283203125 0.19921875 0.0048828125 0.1904296875 0 0.1435546875 0.001953125 0.142578125 0.0185546875 0.150390625 0.0361328125 0.1796875 0.0419921875 0.19921875 0.0283203125
2 0.072265625 0.2099609375 0.072265625 0.1845703125 0.0419921875 0.169921875 0.01953125 0.1884765625 0.013671875 0.2177734375 0.0302734375 0.232421875 0.052734375 0.2333984375 0.072265625 0.2099609375
2 0.11328125 0.3623046875 0.126953125 0.3388671875 0.123046875 0.3095703125 0.1142578125 0.30078125 0.0888671875 0.3046875 0.076171875 0.3212890625 0.076171875 0.3525390625 0.0908203125 0.36328125 0.11328125 0.3623046875
2 0.287109375 0.4775390625 0.3046875 0.4638671875 0.302734375 0.4365234375 0.2861328125 0.423828125 0.2568359375 0.427734375 0.248046875 0.4384765625 0.255859375 0.4677734375 0.2685546875 0.478515625 0.287109375 0.4775390625
2 0.546875 0.1884765625 0.544921875 0.1650390625 0.5380859375 0.15625 0.5087890625 0.15625 0.490234375 0.1884765625 0.4990234375 0.20703125 0.52734375 0.2216796875 0.546875 0.1884765625
2 0.55078125 0.2822265625 0.572265625 0.2763671875 0.572265625 0.2509765625 0.5576171875 0.234375 0.5302734375 0.228515625 0.517578125 0.2451171875 0.51953125 0.2587890625 0.5322265625 0.27734375 0.55078125 0.2822265625
2 0.775390625 0.1435546875 0.79296875 0.1181640625 0.7890625 0.0888671875 0.7685546875 0.078125 0.7470703125 0.080078125 0.734375 0.0927734375 0.734375 0.1376953125 0.7392578125 0.142578125 0.775390625 0.1435546875
2 0.619140625 0.1123046875 0.619140625 0.0986328125 0.5986328125 0.078125 0.5869140625 0.078125 0.58203125 0.0966796875 0.595703125 0.1279296875 0.60546875 0.1337890625 0.619140625 0.1123046875
2 1 0.0146484375 0.9833984375 0.01171875 0.96484375 0.0244140625 0.96484375 0.0595703125 0.9775390625 0.072265625 1 0.0732421875 1 0.0146484375
2 0.76953125 0.3623046875 0.787109375 0.3486328125 0.791015625 0.3232421875 0.7783203125 0.306640625 0.7548828125 0.3046875 0.736328125 0.3212890625 0.736328125 0.3466796875 0.7529296875 0.361328125 0.76953125 0.3623046875
2 0.689453125 0.4697265625 0.70703125 0.4560546875 0.708984375 0.4287109375 0.6923828125 0.408203125 0.6650390625 0.408203125 0.65234375 0.4287109375 0.658203125 0.4619140625 0.6689453125 0.470703125 0.689453125 0.4697265625
2 0.640625 0.4990234375 0.6240234375 0.48828125 0.62109375 0.5087890625 0.6328125 0.5341796875 0.640625 0.5361328125 0.65234375 0.5185546875 0.640625 0.4990234375
2 0.84765625 0.7314453125 0.869140625 0.7138671875 0.87109375 0.7001953125 0.8564453125 0.650390625 0.8427734375 0.6640625 0.8251953125 0.66796875 0.81640625 0.6865234375 0.814453125 0.7255859375 0.84765625 0.7314453125
2 0.4619140625 0.58984375 0.447265625 0.6103515625 0.447265625 0.6201171875 0.4619140625 0.6328125 0.4765625 0.6318359375 0.474609375 0.5986328125 0.4619140625 0.58984375
2 0.45703125 0.7509765625 0.455078125 0.7275390625 0.4384765625 0.716796875 0.4033203125 0.720703125 0.404296875 0.7568359375 0.4208984375 0.76953125 0.439453125 0.7685546875 0.45703125 0.7509765625
2 0.302734375 0.7939453125 0.318359375 0.7744140625 0.318359375 0.7470703125 0.3056640625 0.736328125 0.2783203125 0.73828125 0.263671875 0.7529296875 0.263671875 0.7763671875 0.2841796875 0.794921875 0.302734375 0.7939453125
2 0.177734375 0.8466796875 0.193359375 0.8251953125 0.189453125 0.7978515625 0.1650390625 0.787109375 0.1455078125 0.791015625 0.1328125 0.8095703125 0.134765625 0.8291015625 0.1533203125 0.845703125 0.177734375 0.8466796875
2 0.130859375 0.8095703125 0.130859375 0.8232421875 0.107421875 0.8486328125 0.109375 0.8720703125 0.140625 0.8837890625 0.1484375 0.8720703125 0.150390625 0.8505859375 0.1748046875 0.849609375 0.193359375 0.8251953125 0.19140625 0.8017578125 0.1806640625 0.7890625 0.1455078125 0.7890625 0.130859375 0.8095703125
2 0.4453125 0.9912109375 0.458984375 0.9697265625 0.455078125 0.9423828125 0.4384765625 0.93359375 0.4150390625 0.935546875 0.404296875 0.9501953125 0.404296875 0.9716796875 0.4248046875 0.9921875 0.4453125 0.9912109375
2 0.66015625 0.9853515625 0.67578125 0.9638671875 0.67578125 0.9384765625 0.66796875 0.9248046875 0.6533203125 0.916015625 0.619140625 0.9326171875 0.619140625 0.9658203125 0.6357421875 0.978515625 0.66015625 0.9853515625
2 0.79296875 0.9970703125 0.810546875 0.9833984375 0.80859375 0.9521484375 0.7880859375 0.9375 0.7646484375 0.94140625 0.75 0.9619140625 0.751953125 0.9814453125 0.7685546875 0.99609375 0.79296875 0.9970703125
2 0.962890625 0.9736328125 0.986328125 0.9638671875 0.986328125 0.9365234375 0.9677734375 0.91796875 0.9462890625 0.91796875 0.931640625 0.9326171875 0.935546875 0.9619140625 0.9423828125 0.970703125 0.962890625 0.9736328125
2 0.0009765625 0.630859375 0 0.6669921875 0.017578125 0.6708984375 0.02734375 0.6494140625 0.0166015625 0.634765625 0.0009765625 0.630859375