2 0.1240234375 0.947265625 0.154296875 0.9521484375 0.1728515625 0.947265625 0.19140625 0.9306640625 0.189453125 0.9169921875 0.1669921875 0.890625 0.1435546875 0.890625 0.1279296875 0.900390625 0.11328125 0.9287109375 0.1240234375 0.947265625
2 0.3759765625 0.923828125 0.384765625 0.9228515625 0.4013671875 0.91796875 0.423828125 0.8974609375 0.41796875 0.8662109375 0.4072265625 0.853515625 0.3681640625 0.857421875 0.353515625 0.8818359375 0.357421875 0.9072265625 0.3759765625 0.923828125
2 0.8125 0.6865234375 0.83203125 0.6767578125 0.837890625 0.6455078125 0.8330078125 0.630859375 0.8017578125 0.61328125 0.7734375 0.6435546875 0.771484375 0.6630859375 0.7822265625 0.681640625 0.8125 0.6865234375
2 0.57421875 0.5224609375 0.58984375 0.4990234375 0.587890625 0.4697265625 0.5791015625 0.4609375 0.5576171875 0.458984375 0.53125 0.4794921875 0.53125 0.5107421875 0.5361328125 0.517578125 0.57421875 0.5224609375
2 0.369140625 0.5400390625 0.396484375 0.5185546875 0.40234375 0.4892578125 0.3779296875 0.470703125 0.3544921875 0.470703125 0.33984375 0.4873046875 0.3359375 0.5087890625 0.3583984375 0.5390625 0.369140625 0.5400390625
2 0.322265625 0.4130859375 0.341796875 0.4150390625 0.3701171875 0.40234375 0.37890625 0.3837890625 0.376953125 0.3681640625 0.3564453125 0.353515625 0.3232421875 0.359375 0.30859375 0.3798828125 0.30859375 0.3935546875 0.322265625 0.4130859375
2 0.2421875 0.3056640625 0.2568359375 0.302734375 0.265625 0.2939453125 0.26953125 0.2587890625 0.2646484375 0.251953125 0.2314453125 0.248046875 0.201171875 0.2802734375 0.2177734375 0.302734375 0.2421875 0.3056640625
2 0.048828125 0.2763671875 0.0595703125 0.2734375 0.083984375 0.2470703125 0.08203125 0.2177734375 0.0576171875 0.197265625 0.0263671875 0.203125 0.005859375 0.2294921875 0.015625 0.2607421875 0.048828125 0.2763671875
2 0.12109375 0.0634765625 0.134765625 0.0517578125 0.138671875 0.0283203125 0.130859375 0.0068359375 0.1123046875 0 0.083984375 0.0224609375 0.080078125 0.0458984375 0.1005859375 0.064453125 0.12109375 0.0634765625
2 0.3505859375 0 0.29296875 0.0009765625 0.3017578125 0.017578125 0.3154296875 0.025390625 0.328125 0.0244140625 0.345703125 0.0146484375 0.3505859375 0
2 0.595703125 0.0009765625 0.5322265625 0 0.529296875 0.0185546875 0.5439453125 0.03125 0.564453125 0.0341796875 0.59375 0.0166015625 0.595703125 0.0009765625
2 0.88671875 0.1279296875 0.9140625 0.1103515625 0.91796875 0.0888671875 0.9052734375 0.068359375 0.8740234375 0.0625 0.857421875 0.0712890625 0.853515625 0.1005859375 0.8642578125 0.12109375 0.88671875 0.1279296875
2 0.7587890625 0 0.75390625 0.0048828125 0.751953125 0.0146484375 0.7646484375 0.037109375 0.80859375 0.0400390625 0.826171875 0.0302734375 0.8310546875 0 0.7587890625 0
2 0.4228515625 0.068359375 0.4052734375 0.068359375 0.390625 0.0830078125 0.392578125 0.1044921875 0.408203125 0.1083984375 0.427734375 0.0830078125 0.4228515625 0.068359375
2 0.6845703125 0.4765625 0.6650390625 0.482421875 0.658203125 0.4912109375 0.66015625 0.4990234375 0.689453125 0.5166015625 0.701171875 0.4853515625 0.6845703125 0.4765625
2 0.20703125 0.7470703125 0.20703125 0.7373046875 0.1962890625 0.73046875 0.1767578125 0.736328125 0.162109375 0.7548828125 0.1728515625 0.763671875 0.189453125 0.7626953125 0.20703125 0.7470703125