2 0.9580078125 0.548828125 0.9384765625 0.56640625 0.9375 0.5908203125 0.9521484375 0.607421875 0.9755859375 0.609375 0.99609375 0.5869140625 0.99609375 0.5693359375 0.9833984375 0.548828125 0.9580078125 0.548828125
2 0.7255859375 0.431640625 0.7080078125 0.44921875 0.70703125 0.4716796875 0.7197265625 0.48828125 0.7412109375 0.48828125 0.7578125 0.4755859375 0.76171875 0.4541015625 0.7548828125 0.431640625 0.7255859375 0.431640625
2 0.9736328125 0.052734375 0.9501953125 0.052734375 0.9326171875 0.080078125 0.9384765625 0.09765625 0.9736328125 0.10546875 0.98828125 0.0869140625 0.98828125 0.0673828125 0.9736328125 0.052734375
2 0.8955078125 0.07421875 0.8798828125 0.08984375 0.87890625 0.1142578125 0.8857421875 0.126953125 0.9150390625 0.130859375 0.931640625 0.1142578125 0.935546875 0.0908203125 0.9169921875 0.07421875 0.8955078125 0.07421875
2 0.7373046875 0.150390625 0.7216796875 0.169921875 0.72265625 0.1884765625 0.7392578125 0.20703125 0.7626953125 0.208984375 0.78125 0.1923828125 0.783203125 0.1689453125 0.7646484375 0.1484375 0.7373046875 0.150390625
2 0.5478515625 0.388671875 0.5361328125 0.416015625 0.537109375 0.4306640625 0.5615234375 0.455078125 0.6005859375 0.453125 0.62109375 0.4267578125 0.6162109375 0.408203125 0.5712890625 0.3828125 0.5478515625 0.388671875
2 0.673828125 0.6064453125 0.6611328125 0.62890625 0.6640625 0.6591796875 0.6826171875 0.669921875 0.7060546875 0.6640625 0.72265625 0.6416015625 0.71875 0.6181640625 0.6884765625 0.6015625 0.673828125 0.6064453125
2 0.8759765625 0.873046875 0.8642578125 0.8984375 0.865234375 0.9208984375 0.8818359375 0.9296875 0.8994140625 0.9296875 0.921875 0.9111328125 0.91796875 0.8837890625 0.8994140625 0.8671875 0.8759765625 0.873046875
2 0.5244140625 0.640625 0.525390625 0.6494140625 0.5478515625 0.666015625 0.5712890625 0.66015625 0.583984375 0.6455078125 0.58203125 0.6162109375 0.5654296875 0.603515625 0.5517578125 0.6015625 0.529296875 0.6181640625 0.5244140625 0.640625
2 0.4287109375 0.748046875 0.4111328125 0.771484375 0.412109375 0.7880859375 0.4345703125 0.8046875 0.4580078125 0.798828125 0.4765625 0.7763671875 0.474609375 0.7646484375 0.4501953125 0.744140625 0.4287109375 0.748046875
2 0.384765625 0.8837890625 0.3818359375 0.896484375 0.380859375 0.9130859375 0.3896484375 0.92578125 0.4228515625 0.92578125 0.431640625 0.9130859375 0.431640625 0.8681640625 0.4072265625 0.8671875 0.384765625 0.8837890625
2 0.1923828125 0.62109375 0.1806640625 0.642578125 0.1796875 0.6591796875 0.1923828125 0.67578125 0.2158203125 0.677734375 0.232421875 0.6630859375 0.234375 0.6416015625 0.2138671875 0.6171875 0.1923828125 0.62109375
2 0.3798828125 0.5 0.380859375 0.5224609375 0.3876953125 0.53125 0.4150390625 0.533203125 0.435546875 0.5146484375 0.44140625 0.4892578125 0.4267578125 0.478515625 0.4072265625 0.4765625 0.3896484375 0.482421875 0.3798828125 0.5
2 0.263671875 0.1708984375 0.2568359375 0.189453125 0.2724609375 0.21484375 0.2939453125 0.216796875 0.3125 0.2060546875 0.3203125 0.1845703125 0.3095703125 0.162109375 0.2861328125 0.158203125 0.263671875 0.1708984375
2 0.0380859375 0.228515625 0.0263671875 0.248046875 0.02734375 0.2666015625 0.0419921875 0.279296875 0.0673828125 0.27734375 0.08984375 0.2626953125 0.0859375 0.2412109375 0.0673828125 0.224609375 0.0380859375 0.228515625
2 0.02734375 0.5283203125 0.02734375 0.5126953125 0.0146484375 0.505859375 0.0009765625 0.513671875 0 0.5400390625 0.0205078125 0.5390625 0.02734375 0.5283203125
2 0.0419921875 0.7890625 0.041015625 0.8017578125 0.0791015625 0.8359375 0.0966796875 0.8359375 0.1171875 0.8232421875 0.115234375 0.7822265625 0.0947265625 0.759765625 0.0634765625 0.765625 0.06640625 0.7763671875 0.0419921875 0.7890625
2 0.7021484375 0.283203125 0.6904296875 0.298828125 0.69140625 0.3232421875 0.7021484375 0.330078125 0.7197265625 0.328125 0.736328125 0.3134765625 0.734375 0.2900390625 0.7177734375 0.28125 0.7021484375 0.283203125
2 0.8525390625 0.2734375 0.8408203125 0.2734375 0.8388671875 0.28515625 0.8427734375 0.31640625 0.8662109375 0.3125 0.875 0.3037109375 0.876953125 0.2919921875 0.8525390625 0.2734375