2 0.1328125 0.0927734375 0.1484375 0.0791015625 0.154296875 0.0576171875 0.1416015625 0.041015625 0.1103515625 0.03515625 0.099609375 0.0478515625 0.099609375 0.0771484375 0.1201171875 0.09375 0.1328125 0.0927734375
2 0.498046875 0.1005859375 0.513671875 0.0908203125 0.51953125 0.0771484375 0.5107421875 0.03515625 0.474609375 0.0576171875 0.466796875 0.0810546875 0.4775390625 0.09765625 0.498046875 0.1005859375
2 0.822265625 0.2236328125 0.8359375 0.2119140625 0.8359375 0.1904296875 0.8232421875 0.173828125 0.8017578125 0.171875 0.787109375 0.1845703125 0.783203125 0.2021484375 0.8017578125 0.22265625 0.822265625 0.2236328125
2 0.892578125 0.1142578125 0.900390625 0.1064453125 0.90234375 0.0908203125 0.8955078125 0.078125 0.8876953125 0.078125 0.876953125 0.0869140625 0.876953125 0.1044921875 0.8818359375 0.11328125 0.892578125 0.1142578125
2 0.578125 0.4482421875 0.587890625 0.4365234375 0.58984375 0.4130859375 0.59765625 0.4013671875 0.6015625 0.3623046875 0.5947265625 0.35546875 0.56640625 0.3583984375 0.560546875 0.3701171875 0.560546875 0.3955078125 0.544921875 0.4169921875 0.546875 0.4345703125 0.5595703125 0.44921875 0.578125 0.4482421875
2 0.263671875 0.3701171875 0.2861328125 0.365234375 0.3076171875 0.369140625 0.3330078125 0.361328125 0.36328125 0.3193359375 0.365234375 0.3056640625 0.3447265625 0.291015625 0.3037109375 0.27734375 0.2900390625 0.26171875 0.2705078125 0.271484375 0.251953125 0.2939453125 0.236328125 0.3330078125 0.248046875 0.3662109375 0.263671875 0.3701171875
2 0.53125 0.7529296875 0.548828125 0.7294921875 0.548828125 0.7080078125 0.5400390625 0.69140625 0.5205078125 0.6875 0.501953125 0.7021484375 0.494140625 0.7255859375 0.5087890625 0.74609375 0.5205078125 0.75390625 0.53125 0.7529296875
2 0.734375 0.7001953125 0.755859375 0.6787109375 0.7578125 0.6513671875 0.7294921875 0.640625 0.7080078125 0.6484375 0.701171875 0.6611328125 0.71484375 0.6865234375 0.734375 0.7001953125
2 0.41796875 0.6103515625 0.431640625 0.5986328125 0.431640625 0.5810546875 0.4228515625 0.568359375 0.3994140625 0.5546875 0.384765625 0.5791015625 0.384765625 0.5927734375 0.3994140625 0.609375 0.41796875 0.6103515625
2 0.3125 0.6103515625 0.3203125 0.5830078125 0.31640625 0.5693359375 0.3037109375 0.56640625 0.287109375 0.5771484375 0.287109375 0.5947265625 0.3017578125 0.609375 0.3125 0.6103515625
2 0.330078125 0.8037109375 0.3544921875 0.798828125 0.359375 0.7822265625 0.3388671875 0.748046875 0.3271484375 0.740234375 0.3037109375 0.740234375 0.29296875 0.7587890625 0.294921875 0.7939453125 0.3037109375 0.802734375 0.330078125 0.8037109375
2 0.208984375 0.9619140625 0.224609375 0.9404296875 0.220703125 0.9248046875 0.2080078125 0.90625 0.1884765625 0.90625 0.169921875 0.9228515625 0.169921875 0.9482421875 0.1845703125 0.9609375 0.208984375 0.9619140625
2 0.583984375 0.9443359375 0.6142578125 0.93359375 0.626953125 0.9130859375 0.626953125 0.9013671875 0.6005859375 0.884765625 0.5791015625 0.884765625 0.568359375 0.9052734375 0.57421875 0.9404296875 0.583984375 0.9443359375
2 0.125 0.6025390625 0.138671875 0.5869140625 0.1396484375 0.56640625 0.1025390625 0.5625 0.087890625 0.5712890625 0.083984375 0.5927734375 0.0888671875 0.59765625 0.125 0.6025390625
2 0.095703125 0.8173828125 0.1103515625 0.814453125 0.123046875 0.7998046875 0.12109375 0.7802734375 0.1083984375 0.767578125 0.0986328125 0.767578125 0.083984375 0.7783203125 0.08203125 0.8017578125 0.0859375 0.8134765625 0.095703125 0.8173828125
2 0.0234375 0.2998046875 0.03515625 0.2841796875 0.033203125 0.2666015625 0.0244140625 0.259765625 0.0009765625 0.259765625 0 0.2958984375 0.0234375 0.2998046875
2 0.4453125 0.3232421875 0.45703125 0.3134765625 0.45703125 0.3037109375 0.451171875 0.2822265625 0.4345703125 0.275390625 0.419921875 0.2978515625 0.421875 0.3173828125 0.4306640625 0.32421875 0.4453125 0.3232421875
2 0.271484375 0.4306640625 0.287109375 0.4072265625 0.287109375 0.3955078125 0.2666015625 0.38671875 0.255859375 0.3916015625 0.25 0.4169921875 0.2646484375 0.431640625 0.271484375 0.4306640625