2 0.7333984375 0.796875 0.748046875 0.7861328125 0.75 0.7646484375 0.7314453125 0.744140625 0.712890625 0.7451171875 0.693359375 0.7568359375 0.6875 0.7880859375 0.7041015625 0.798828125 0.7333984375 0.796875
2 0.6142578125 0.919921875 0.6396484375 0.91796875 0.66015625 0.8935546875 0.654296875 0.8701171875 0.634765625 0.8603515625 0.6103515625 0.869140625 0.59765625 0.8818359375 0.6015625 0.9130859375 0.6142578125 0.919921875
2 0.1591796875 0.70703125 0.1875 0.6845703125 0.1875 0.6767578125 0.1787109375 0.65234375 0.150390625 0.6494140625 0.12890625 0.6650390625 0.12109375 0.6904296875 0.1455078125 0.70703125 0.1591796875 0.70703125
2 0.2255859375 0.955078125 0.23046875 0.9462890625 0.23046875 0.9287109375 0.220703125 0.9052734375 0.203125 0.9033203125 0.1875 0.9208984375 0.189453125 0.9501953125 0.2001953125 0.962890625 0.2255859375 0.955078125
2 0.021484375 0.8056640625 0 0.8154296875 0.0029296875 0.85546875 0.0244140625 0.849609375 0.037109375 0.8271484375 0.03515625 0.8115234375 0.021484375 0.8056640625
2 0.310546875 0.4072265625 0.2919921875 0.38671875 0.279296875 0.3857421875 0.2578125 0.3916015625 0.255859375 0.4248046875 0.2861328125 0.4453125 0.3046875 0.4345703125 0.310546875 0.4072265625
2 0.6455078125 0.54296875 0.6787109375 0.537109375 0.685546875 0.5263671875 0.685546875 0.4931640625 0.654296875 0.4873046875 0.630859375 0.5009765625 0.626953125 0.5205078125 0.630859375 0.5322265625 0.6455078125 0.54296875
2 0.8388671875 0.5625 0.861328125 0.5439453125 0.87109375 0.5224609375 0.8603515625 0.509765625 0.83203125 0.5107421875 0.814453125 0.5185546875 0.8125 0.5517578125 0.8271484375 0.5625 0.8388671875 0.5625
2 0.2236328125 0.19921875 0.2490234375 0.19140625 0.2578125 0.1728515625 0.251953125 0.1435546875 0.234375 0.1396484375 0.2236328125 0.140625 0.2109375 0.1513671875 0.203125 0.1728515625 0.2236328125 0.19921875
2 0.091796875 0.1611328125 0.091796875 0.1396484375 0.068359375 0.1298828125 0.0556640625 0.1328125 0.04296875 0.1474609375 0.0498046875 0.17578125 0.0849609375 0.169921875 0.091796875 0.1611328125
2 0.6396484375 0.197265625 0.66015625 0.1689453125 0.68359375 0.1533203125 0.6796875 0.1298828125 0.6611328125 0.11328125 0.654296875 0.1142578125 0.6376953125 0.12109375 0.6181640625 0.150390625 0.6025390625 0.15234375 0.5927734375 0.142578125 0.5751953125 0.140625 0.564453125 0.1513671875 0.556640625 0.1708984375 0.56640625 0.1826171875 0.5771484375 0.21875 0.5947265625 0.21875 0.6201171875 0.201171875 0.6396484375 0.197265625
2 0.3974609375 0.091796875 0.4208984375 0.087890625 0.431640625 0.0654296875 0.4296875 0.0458984375 0.41015625 0.0400390625 0.3935546875 0.044921875 0.3828125 0.0576171875 0.384765625 0.0791015625 0.3974609375 0.091796875
2 0.3984375 0.3369140625 0.3876953125 0.322265625 0.373046875 0.3232421875 0.361328125 0.3330078125 0.361328125 0.3427734375 0.3740234375 0.35546875 0.3857421875 0.357421875 0.3984375 0.3369140625
2 0.9609375 0.4013671875 0.970703125 0.3916015625 0.966796875 0.3681640625 0.9541015625 0.357421875 0.919921875 0.3564453125 0.8935546875 0.3671875 0.87890625 0.3818359375 0.869140625 0.3994140625 0.8671875 0.4384765625 0.8857421875 0.443359375 0.89453125 0.4267578125 0.9091796875 0.41796875 0.9345703125 0.447265625 0.9736328125 0.44140625 0.984375 0.4287109375 0.984375 0.4169921875 0.9609375 0.4013671875
2 0.7978515625 0.96875 0.82421875 0.9462890625 0.82421875 0.9326171875 0.8017578125 0.9140625 0.7890625 0.9150390625 0.763671875 0.9326171875 0.76171875 0.9501953125 0.7783203125 0.966796875 0.7978515625 0.96875