2 0.3115234375 0.2265625 0.2880859375 0.228515625 0.2841796875 0.23828125 0.28515625 0.2529296875 0.2978515625 0.259765625 0.322265625 0.2509765625 0.318359375 0.2314453125 0.3115234375 0.2265625
2 0.16015625 0.5498046875 0.1533203125 0.54296875 0.1396484375 0.544921875 0.1279296875 0.564453125 0.126953125 0.5751953125 0.1337890625 0.58203125 0.1533203125 0.580078125 0.162109375 0.5693359375 0.16015625 0.5498046875
2 0.25 0.8037109375 0.279296875 0.7900390625 0.2490234375 0.7734375 0.2275390625 0.775390625 0.212890625 0.7861328125 0.2060546875 0.80078125 0.205078125 0.8154296875 0.2138671875 0.833984375 0.2451171875 0.833984375 0.251953125 0.8291015625 0.25 0.8037109375
2 0.666015625 0.9208984375 0.6513671875 0.91015625 0.6298828125 0.91015625 0.6064453125 0.927734375 0.6171875 0.9580078125 0.6337890625 0.970703125 0.6552734375 0.966796875 0.671875 0.9462890625 0.666015625 0.9208984375
2 0.6220703125 0.99609375 0.6796875 0.9990234375 0.67578125 0.9873046875 0.6611328125 0.9765625 0.6396484375 0.9765625 0.6220703125 0.99609375
2 0.923828125 0.4931640625 0.9189453125 0.48828125 0.8896484375 0.48828125 0.8759765625 0.5078125 0.87890625 0.5439453125 0.9013671875 0.552734375 0.9150390625 0.548828125 0.92578125 0.5263671875 0.923828125 0.4931640625
2 0.58984375 0.3955078125 0.5751953125 0.380859375 0.5576171875 0.37890625 0.5341796875 0.39453125 0.53515625 0.4208984375 0.5517578125 0.439453125 0.5771484375 0.435546875 0.591796875 0.4150390625 0.58984375 0.3955078125
2 0.6181640625 0.572265625 0.6064453125 0.59765625 0.6083984375 0.609375 0.6298828125 0.611328125 0.64453125 0.5986328125 0.6484375 0.5771484375 0.6181640625 0.572265625
2 0.5224609375 0.529296875 0.5029296875 0.52734375 0.48828125 0.5380859375 0.4853515625 0.556640625 0.4912109375 0.5703125 0.5205078125 0.587890625 0.53515625 0.5751953125 0.544921875 0.5517578125 0.5224609375 0.529296875
2 0.71484375 0.1630859375 0.7021484375 0.1484375 0.6767578125 0.142578125 0.666015625 0.1552734375 0.6650390625 0.16796875 0.666015625 0.1884765625 0.6767578125 0.1953125 0.7080078125 0.19921875 0.716796875 0.1923828125 0.71484375 0.1630859375
2 0.83984375 0.2021484375 0.8310546875 0.1953125 0.8037109375 0.1953125 0.7958984375 0.203125 0.796875 0.2177734375 0.8037109375 0.224609375 0.8291015625 0.228515625 0.83984375 0.2197265625 0.83984375 0.2021484375
2 0.8212890625 0.0625 0.8095703125 0.0625 0.7978515625 0.08203125 0.798828125 0.0947265625 0.8076171875 0.099609375 0.83203125 0.0830078125 0.833984375 0.0732421875 0.8212890625 0.0625
2 0.7197265625 0.486328125 0.7060546875 0.5 0.7177734375 0.537109375 0.7509765625 0.525390625 0.763671875 0.5009765625 0.7353515625 0.484375 0.7197265625 0.486328125
2 0.47265625 0.1748046875 0.4599609375 0.166015625 0.4384765625 0.166015625 0.4326171875 0.173828125 0.431640625 0.1865234375 0.4443359375 0.19921875 0.4677734375 0.201171875 0.4765625 0.1904296875 0.47265625 0.1748046875
2 0.4111328125 0 0.412109375 0.0107421875 0.4248046875 0.025390625 0.4365234375 0.0234375 0.447265625 0.0126953125 0.4462890625 0 0.4111328125 0