2 0.6884765625 0.7734375 0.7119140625 0.771484375 0.7158203125 0.76171875 0.71484375 0.7470703125 0.7021484375 0.740234375 0.677734375 0.7490234375 0.681640625 0.7685546875 0.6884765625 0.7734375
2 0.83984375 0.4501953125 0.8466796875 0.45703125 0.8603515625 0.455078125 0.8720703125 0.435546875 0.873046875 0.4248046875 0.8662109375 0.41796875 0.8466796875 0.419921875 0.837890625 0.4306640625 0.83984375 0.4501953125
2 0.75 0.1962890625 0.720703125 0.2099609375 0.7509765625 0.2265625 0.7724609375 0.224609375 0.787109375 0.2138671875 0.7939453125 0.19921875 0.794921875 0.1845703125 0.7861328125 0.166015625 0.7548828125 0.166015625 0.748046875 0.1708984375 0.75 0.1962890625
2 0.333984375 0.0791015625 0.3486328125 0.08984375 0.3701171875 0.08984375 0.3935546875 0.072265625 0.3828125 0.0419921875 0.3662109375 0.029296875 0.3447265625 0.033203125 0.328125 0.0537109375 0.333984375 0.0791015625
2 0.3779296875 0.00390625 0.3203125 0.0009765625 0.32421875 0.0126953125 0.3388671875 0.0234375 0.3603515625 0.0234375 0.3779296875 0.00390625
2 0.076171875 0.5068359375 0.0810546875 0.51171875 0.1103515625 0.51171875 0.1240234375 0.4921875 0.12109375 0.4560546875 0.0986328125 0.447265625 0.0849609375 0.451171875 0.07421875 0.4736328125 0.076171875 0.5068359375
2 0.41015625 0.6044921875 0.4248046875 0.619140625 0.4423828125 0.62109375 0.4658203125 0.60546875 0.46484375 0.5791015625 0.4482421875 0.560546875 0.4228515625 0.564453125 0.408203125 0.5849609375 0.41015625 0.6044921875
2 0.3818359375 0.427734375 0.3935546875 0.40234375 0.3916015625 0.390625 0.3701171875 0.388671875 0.35546875 0.4013671875 0.3515625 0.4228515625 0.3818359375 0.427734375
2 0.4775390625 0.470703125 0.4970703125 0.47265625 0.51171875 0.4619140625 0.5146484375 0.443359375 0.5087890625 0.4296875 0.4794921875 0.412109375 0.46484375 0.4248046875 0.455078125 0.4482421875 0.4775390625 0.470703125
2 0.28515625 0.8369140625 0.2978515625 0.8515625 0.3232421875 0.857421875 0.333984375 0.8447265625 0.3349609375 0.83203125 0.333984375 0.8115234375 0.3232421875 0.8046875 0.2919921875 0.80078125 0.283203125 0.8076171875 0.28515625 0.8369140625
2 0.16015625 0.7978515625 0.1689453125 0.8046875 0.1962890625 0.8046875 0.2041015625 0.796875 0.203125 0.7822265625 0.1962890625 0.775390625 0.1708984375 0.771484375 0.16015625 0.7802734375 0.16015625 0.7978515625
2 0.1787109375 0.9375 0.1904296875 0.9375 0.2021484375 0.91796875 0.201171875 0.9052734375 0.1923828125 0.900390625 0.16796875 0.9169921875 0.166015625 0.9267578125 0.1787109375 0.9375
2 0.2802734375 0.513671875 0.2939453125 0.5 0.2822265625 0.462890625 0.2490234375 0.474609375 0.236328125 0.4990234375 0.2646484375 0.515625 0.2802734375 0.513671875
2 0.52734375 0.8251953125 0.5400390625 0.833984375 0.5615234375 0.833984375 0.5673828125 0.826171875 0.568359375 0.8134765625 0.5556640625 0.80078125 0.5322265625 0.798828125 0.5234375 0.8095703125 0.52734375 0.8251953125
2 0.5888671875 1 0.587890625 0.9892578125 0.5751953125 0.974609375 0.5634765625 0.9765625 0.552734375 0.9873046875 0.5537109375 1 0.5888671875 1