2 0.0341796875 0.8046875 0.046875 0.7880859375 0.044921875 0.7587890625 0.0380859375 0.75390625 0.0068359375 0.75390625 0 0.7646484375 0.0009765625 0.798828125 0.0087890625 0.8046875 0.0341796875 0.8046875
2 0.19921875 0.8935546875 0.1923828125 0.873046875 0.1669921875 0.86328125 0.1533203125 0.8671875 0.1396484375 0.88671875 0.1650390625 0.9140625 0.1845703125 0.9140625 0.19921875 0.8935546875
2 0.388671875 0.8623046875 0.380859375 0.8310546875 0.3583984375 0.82421875 0.3330078125 0.828125 0.3154296875 0.8671875 0.3505859375 0.880859375 0.3779296875 0.876953125 0.388671875 0.8623046875
2 0.3984375 0.5244140625 0.3857421875 0.513671875 0.3447265625 0.513671875 0.330078125 0.5224609375 0.3232421875 0.544921875 0.3388671875 0.56640625 0.3603515625 0.568359375 0.3984375 0.5244140625
2 0.2060546875 0.51953125 0.22265625 0.5068359375 0.224609375 0.4873046875 0.2177734375 0.4765625 0.1923828125 0.466796875 0.169921875 0.4755859375 0.1669921875 0.498046875 0.1806640625 0.517578125 0.2060546875 0.51953125
2 0.15234375 0.4912109375 0.1484375 0.4658203125 0.1142578125 0.466796875 0.1015625 0.4775390625 0.1025390625 0.4921875 0.1240234375 0.513671875 0.1396484375 0.509765625 0.15234375 0.4912109375
2 0.2998046875 0.3515625 0.314453125 0.3408203125 0.3203125 0.3232421875 0.3056640625 0.30078125 0.2724609375 0.298828125 0.255859375 0.3154296875 0.2548828125 0.3359375 0.2744140625 0.3515625 0.2998046875 0.3515625
2 0.0830078125 0.154296875 0.095703125 0.1416015625 0.09765625 0.1201171875 0.0791015625 0.103515625 0.0517578125 0.103515625 0.03515625 0.1201171875 0.0341796875 0.146484375 0.0517578125 0.15625 0.0830078125 0.154296875
2 0.8427734375 0.818359375 0.8701171875 0.8203125 0.8828125 0.8076171875 0.87890625 0.7763671875 0.8583984375 0.763671875 0.8349609375 0.763671875 0.8212890625 0.78515625 0.826171875 0.8017578125 0.8427734375 0.818359375
2 0.9208984375 0.416015625 0.931640625 0.4013671875 0.931640625 0.3798828125 0.9169921875 0.375 0.9033203125 0.380859375 0.89453125 0.3935546875 0.8955078125 0.41015625 0.9033203125 0.421875 0.9208984375 0.416015625
2 0.9716796875 0.240234375 0.986328125 0.2275390625 0.984375 0.2080078125 0.9658203125 0.193359375 0.9541015625 0.193359375 0.9384765625 0.203125 0.9365234375 0.21875 0.9541015625 0.240234375 0.9716796875 0.240234375
2 0.9130859375 0.115234375 0.9375 0.1025390625 0.943359375 0.0810546875 0.9267578125 0.0625 0.9091796875 0.056640625 0.880859375 0.0712890625 0.8798828125 0.091796875 0.8896484375 0.109375 0.9130859375 0.115234375
2 0.8232421875 0.357421875 0.8466796875 0.3515625 0.857421875 0.3330078125 0.8466796875 0.31640625 0.8134765625 0.3046875 0.787109375 0.3212890625 0.7880859375 0.33984375 0.8037109375 0.357421875 0.8232421875 0.357421875
2 0.6796875 0.1787109375 0.6650390625 0.162109375 0.6357421875 0.16015625 0.62109375 0.1728515625 0.6220703125 0.19140625 0.6416015625 0.212890625 0.6708984375 0.212890625 0.6796875 0.1787109375
2 0.8017578125 0.525390625 0.787109375 0.5341796875 0.7861328125 0.5546875 0.7978515625 0.564453125 0.822265625 0.5400390625 0.8134765625 0.52734375 0.8017578125 0.525390625
2 0.7275390625 0.912109375 0.732421875 0.9072265625 0.73046875 0.8876953125 0.7177734375 0.884765625 0.7060546875 0.892578125 0.69921875 0.8994140625 0.7001953125 0.912109375 0.7099609375 0.919921875 0.7275390625 0.912109375
2 0.4794921875 0.2734375 0.48828125 0.2607421875 0.486328125 0.2412109375 0.4697265625 0.234375 0.4365234375 0.2421875 0.4140625 0.2666015625 0.4091796875 0.296875 0.4521484375 0.2734375 0.4794921875 0.2734375