2 0.0732421875 0.662109375 0.0576171875 0.640625 0.0263671875 0.63671875 0.01171875 0.6455078125 0.009765625 0.6767578125 0.0283203125 0.69921875 0.0458984375 0.69921875 0.064453125 0.6923828125 0.0732421875 0.662109375
2 0.0556640625 0.580078125 0.0439453125 0.56640625 0.0283203125 0.5625 0.015625 0.5751953125 0.013671875 0.5908203125 0.0517578125 0.595703125 0.0556640625 0.580078125
2 0.0927734375 0.154296875 0.0751953125 0.134765625 0.0478515625 0.13671875 0.03125 0.1650390625 0.03515625 0.1884765625 0.0458984375 0.197265625 0.0791015625 0.1953125 0.09375 0.1748046875 0.0927734375 0.154296875
2 0.0517578125 0.08984375 0.0458984375 0.08203125 0.0283203125 0.087890625 0.017578125 0.1005859375 0.015625 0.1220703125 0.0341796875 0.123046875 0.044921875 0.1123046875 0.0517578125 0.08984375
2 0.2607421875 0.2578125 0.255859375 0.2451171875 0.2412109375 0.234375 0.2158203125 0.234375 0.205078125 0.2451171875 0.197265625 0.2763671875 0.2158203125 0.291015625 0.2529296875 0.29296875 0.259765625 0.2841796875 0.2607421875 0.2578125
2 0.3369140625 0.42578125 0.333984375 0.4013671875 0.3154296875 0.380859375 0.2900390625 0.375 0.283203125 0.3818359375 0.275390625 0.4013671875 0.27734375 0.4208984375 0.2978515625 0.447265625 0.3232421875 0.44921875 0.3359375 0.4365234375 0.3369140625 0.42578125
2 0.2197265625 0.513671875 0.212890625 0.4892578125 0.1826171875 0.466796875 0.1640625 0.4873046875 0.158203125 0.5283203125 0.1689453125 0.54296875 0.1923828125 0.546875 0.216796875 0.5302734375 0.2197265625 0.513671875
2 0.4267578125 0.919921875 0.4150390625 0.90234375 0.3935546875 0.89453125 0.369140625 0.9111328125 0.36328125 0.9326171875 0.3759765625 0.953125 0.4072265625 0.958984375 0.42578125 0.9462890625 0.4267578125 0.919921875
2 0.6708984375 0.341796875 0.6591796875 0.318359375 0.6357421875 0.310546875 0.61328125 0.3271484375 0.611328125 0.3525390625 0.6318359375 0.375 0.6494140625 0.375 0.66796875 0.3623046875 0.6708984375 0.341796875
2 0.5888671875 0.078125 0.5693359375 0.064453125 0.5419921875 0.060546875 0.5234375 0.0751953125 0.521484375 0.1044921875 0.5439453125 0.126953125 0.5654296875 0.126953125 0.587890625 0.0986328125 0.5888671875 0.078125
2 0.3857421875 0.0703125 0.3759765625 0.056640625 0.3466796875 0.048828125 0.326171875 0.0595703125 0.318359375 0.0869140625 0.3369140625 0.109375 0.3603515625 0.11328125 0.384765625 0.0869140625 0.3857421875 0.0703125
2 0.4423828125 0.388671875 0.431640625 0.3662109375 0.4228515625 0.36328125 0.4140625 0.3837890625 0.416015625 0.3974609375 0.4326171875 0.40625 0.44140625 0.4013671875 0.4423828125 0.388671875
2 0.6259765625 0.67578125 0.623046875 0.6591796875 0.6103515625 0.64453125 0.5830078125 0.64453125 0.564453125 0.6552734375 0.564453125 0.6904296875 0.5849609375 0.705078125 0.6103515625 0.703125 0.625 0.6884765625 0.6259765625 0.67578125
2 0.6904296875 0.8046875 0.6875 0.7919921875 0.6708984375 0.78125 0.6416015625 0.78515625 0.626953125 0.8115234375 0.62890625 0.8291015625 0.6533203125 0.845703125 0.6767578125 0.84375 0.69140625 0.8271484375 0.6904296875 0.8046875
2 0.7841796875 0.44140625 0.7763671875 0.427734375 0.7529296875 0.42578125 0.73828125 0.4365234375 0.740234375 0.4599609375 0.7509765625 0.470703125 0.7744140625 0.470703125 0.78515625 0.4580078125 0.7841796875 0.44140625
2 0.7373046875 0.4140625 0.732421875 0.3955078125 0.7197265625 0.388671875 0.7060546875 0.388671875 0.689453125 0.4033203125 0.693359375 0.4208984375 0.7119140625 0.435546875 0.7294921875 0.431640625 0.7373046875 0.4140625
2 0.7216796875 0.052734375 0.7119140625 0.044921875 0.6728515625 0.04296875 0.666015625 0.0634765625 0.669921875 0.0849609375 0.6845703125 0.095703125 0.7080078125 0.091796875 0.720703125 0.0693359375 0.7216796875 0.052734375
2 0.9638671875 0.126953125 0.958984375 0.1025390625 0.9365234375 0.0859375 0.90625 0.1142578125 0.912109375 0.1455078125 0.9326171875 0.15625 0.9560546875 0.150390625 0.9638671875 0.126953125
2 0.9599609375 0.240234375 0.95703125 0.2197265625 0.9365234375 0.208984375 0.9091796875 0.21484375 0.900390625 0.2353515625 0.904296875 0.2587890625 0.9208984375 0.26953125 0.9462890625 0.267578125 0.955078125 0.2587890625 0.9599609375 0.240234375
2 0.9658203125 0.775390625 0.962890625 0.7646484375 0.9326171875 0.7421875 0.91015625 0.7548828125 0.8984375 0.7861328125 0.9150390625 0.80859375 0.9384765625 0.814453125 0.962890625 0.8017578125 0.9658203125 0.775390625
2 0.8466796875 0.5859375 0.833984375 0.5791015625 0.8115234375 0.546875 0.791015625 0.5537109375 0.791015625 0.5693359375 0.8212890625 0.6015625 0.8447265625 0.59765625 0.8466796875 0.5859375
2 0.4658203125 0.767578125 0.4462890625 0.75 0.4267578125 0.748046875 0.408203125 0.7626953125 0.40625 0.7880859375 0.4287109375 0.806640625 0.4560546875 0.8046875 0.466796875 0.7861328125 0.4658203125 0.767578125
2 0.3681640625 0.697265625 0.3583984375 0.689453125 0.3388671875 0.6875 0.326171875 0.7041015625 0.3408203125 0.72265625 0.3662109375 0.70703125 0.3681640625 0.697265625
2 0.4990234375 0.90234375 0.4873046875 0.888671875 0.4716796875 0.888671875 0.46484375 0.8955078125 0.46875 0.9111328125 0.4912109375 0.92578125 0.5 0.9208984375 0.4990234375 0.90234375