2 0.15234375 0.0556640625 0.1640625 0.0498046875 0.16796875 0.0244140625 0.1572265625 0.009765625 0.1357421875 0.0078125 0.12109375 0.0224609375 0.12109375 0.0361328125 0.1298828125 0.048828125 0.15234375 0.0556640625
2 0.033203125 0.1025390625 0.0537109375 0.125 0.06640625 0.1259765625 0.0859375 0.1044921875 0.08984375 0.0869140625 0.0771484375 0.064453125 0.0673828125 0.056640625 0.0537109375 0.056640625 0.0400390625 0.0625 0.033203125 0.0732421875 0.033203125 0.1025390625
2 0.236328125 0.2509765625 0.25390625 0.2392578125 0.255859375 0.2158203125 0.2412109375 0.203125 0.2177734375 0.203125 0.203125 0.2177734375 0.201171875 0.2373046875 0.2138671875 0.25 0.236328125 0.2509765625
2 0.1357421875 0.255859375 0.142578125 0.2373046875 0.13671875 0.2080078125 0.1220703125 0.201171875 0.080078125 0.2197265625 0.08203125 0.2412109375 0.109375 0.2646484375 0.1357421875 0.255859375
2 0.2939453125 0.078125 0.3046875 0.0791015625 0.326171875 0.0673828125 0.326171875 0.0419921875 0.318359375 0.0166015625 0.2978515625 0.009765625 0.287109375 0.0146484375 0.275390625 0.0400390625 0.28515625 0.0693359375 0.2939453125 0.078125
2 0.248046875 0.5419921875 0.248046875 0.5517578125 0.2548828125 0.5625 0.2744140625 0.5703125 0.283203125 0.5869140625 0.271484375 0.6025390625 0.2734375 0.6142578125 0.2939453125 0.626953125 0.3193359375 0.623046875 0.3369140625 0.63671875 0.357421875 0.6376953125 0.3671875 0.6220703125 0.36328125 0.5556640625 0.3505859375 0.548828125 0.34375 0.5322265625 0.3115234375 0.50390625 0.2958984375 0.513671875 0.2724609375 0.517578125 0.248046875 0.5419921875
2 0.15234375 0.6201171875 0.1484375 0.5810546875 0.1416015625 0.568359375 0.1044921875 0.57421875 0.095703125 0.5888671875 0.09765625 0.6181640625 0.126953125 0.6298828125 0.15234375 0.6201171875
2 0.259765625 0.7431640625 0.279296875 0.7255859375 0.283203125 0.6982421875 0.2568359375 0.677734375 0.2431640625 0.681640625 0.224609375 0.6982421875 0.21875 0.7197265625 0.2373046875 0.73828125 0.259765625 0.7431640625
2 0.083984375 0.7529296875 0.099609375 0.7392578125 0.099609375 0.6923828125 0.0615234375 0.689453125 0.0458984375 0.6953125 0.041015625 0.7177734375 0.044921875 0.7392578125 0.0556640625 0.75 0.083984375 0.7529296875
2 0.220703125 0.9931640625 0.2216796875 1 0.279296875 0.9990234375 0.2626953125 0.97265625 0.2392578125 0.974609375 0.220703125 0.9931640625
2 0.509765625 0.8564453125 0.51171875 0.8291015625 0.4912109375 0.8203125 0.4580078125 0.826171875 0.455078125 0.8642578125 0.4775390625 0.880859375 0.490234375 0.8798828125 0.509765625 0.8564453125
2 0.810546875 0.1650390625 0.810546875 0.1357421875 0.7783203125 0.119140625 0.76171875 0.1396484375 0.759765625 0.1650390625 0.7724609375 0.177734375 0.794921875 0.1767578125 0.810546875 0.1650390625
2 0.82421875 0.3232421875 0.837890625 0.3115234375 0.83984375 0.2802734375 0.8291015625 0.263671875 0.8095703125 0.26171875 0.791015625 0.2763671875 0.787109375 0.2958984375 0.8017578125 0.318359375 0.82421875 0.3232421875
2 0.9208984375 0.587890625 0.9375 0.5888671875 0.958984375 0.5751953125 0.962890625 0.5556640625 0.9482421875 0.529296875 0.9228515625 0.525390625 0.912109375 0.5322265625 0.904296875 0.5478515625 0.90234375 0.5732421875 0.9208984375 0.587890625
2 0.912109375 0.8935546875 0.927734375 0.8740234375 0.927734375 0.8564453125 0.9072265625 0.826171875 0.8935546875 0.82421875 0.876953125 0.8408203125 0.87109375 0.8642578125 0.8857421875 0.892578125 0.912109375 0.8935546875
2 0.611328125 0.6552734375 0.6044921875 0.646484375 0.5751953125 0.646484375 0.56640625 0.6650390625 0.572265625 0.6865234375 0.5888671875 0.6953125 0.603515625 0.6943359375 0.611328125 0.6552734375
2 0.6171875 0.5283203125 0.62890625 0.5185546875 0.626953125 0.4951171875 0.6162109375 0.482421875 0.5869140625 0.474609375 0.5703125 0.4990234375 0.57421875 0.5205078125 0.5849609375 0.52734375 0.6171875 0.5283203125
2 0.2451171875 0.119140625 0.2275390625 0.11328125 0.203125 0.1181640625 0.2080078125 0.138671875 0.240234375 0.1396484375 0.25 0.1298828125 0.2451171875 0.119140625
2 0.68359375 0.2373046875 0.689453125 0.1982421875 0.6533203125 0.185546875 0.642578125 0.2099609375 0.64453125 0.2431640625 0.6494140625 0.25 0.662109375 0.2490234375 0.68359375 0.2373046875