2 0.6884765625 0.30078125 0.71875 0.2783203125 0.71875 0.2392578125 0.7080078125 0.2265625 0.685546875 0.2197265625 0.6572265625 0.228515625 0.640625 0.2470703125 0.638671875 0.2783203125 0.6513671875 0.30078125 0.6884765625 0.30078125
2 0.7421875 0.7685546875 0.71875 0.7353515625 0.7060546875 0.734375 0.703125 0.7470703125 0.71875 0.7861328125 0.7314453125 0.79296875 0.7421875 0.7685546875
2 0.2919921875 0.84375 0.3056640625 0.83984375 0.3125 0.8330078125 0.314453125 0.7919921875 0.3037109375 0.791015625 0.2900390625 0.806640625 0.2685546875 0.810546875 0.267578125 0.8330078125 0.2919921875 0.84375
2 0.205078125 0.5185546875 0.181640625 0.5048828125 0.1572265625 0.505859375 0.140625 0.5166015625 0.140625 0.5244140625 0.2001953125 0.53125 0.205078125 0.5185546875
2 0.046875 0.5185546875 0.0517578125 0.560546875 0.087890625 0.5244140625 0.068359375 0.5185546875 0.046875 0.5185546875
2 0.4140625 0.2900390625 0.400390625 0.2763671875 0.3837890625 0.279296875 0.375 0.2880859375 0.369140625 0.3017578125 0.3740234375 0.31640625 0.4140625 0.2900390625
2 0.61328125 0.1416015625 0.58984375 0.1376953125 0.5771484375 0.138671875 0.572265625 0.1513671875 0.5849609375 0.162109375 0.6044921875 0.16015625 0.61328125 0.1416015625
2 0.548828125 0.1630859375 0.544921875 0.1416015625 0.537109375 0.1337890625 0.5224609375 0.1328125 0.51171875 0.1396484375 0.5205078125 0.171875 0.5341796875 0.171875 0.548828125 0.1630859375
2 0.52734375 0.0888671875 0.521484375 0.0810546875 0.498046875 0.0966796875 0.5107421875 0.130859375 0.521484375 0.1279296875 0.52734375 0.1142578125 0.52734375 0.0888671875
2 0.1875 0.2060546875 0.1923828125 0.2265625 0.2109375 0.2138671875 0.201171875 0.2021484375 0.1875 0.2060546875
2 0.044921875 0.2763671875 0.05859375 0.2333984375 0.0546875 0.2216796875 0.0439453125 0.220703125 0.0234375 0.2431640625 0.01953125 0.2802734375 0.0244140625 0.291015625 0.044921875 0.2763671875
2 0.099609375 0.3662109375 0.0966796875 0.353515625 0.07421875 0.3486328125 0.0458984375 0.35546875 0.037109375 0.3740234375 0.0458984375 0.376953125 0.0615234375 0.3671875 0.099609375 0.3662109375
2 0.794921875 0.5341796875 0.783203125 0.5244140625 0.7509765625 0.529296875 0.734375 0.5458984375 0.7509765625 0.556640625 0.7802734375 0.556640625 0.794921875 0.5341796875
2 0.3134765625 0.390625 0.318359375 0.3857421875 0.328125 0.3408203125 0.31640625 0.3212890625 0.2958984375 0.322265625 0.2841796875 0.33203125 0.27734375 0.3291015625 0.2744140625 0.388671875 0.3134765625 0.390625
2 0.447265625 0.2158203125 0.427734375 0.1669921875 0.412109375 0.1748046875 0.40625 0.1943359375 0.41015625 0.2333984375 0.4228515625 0.240234375 0.447265625 0.2158203125
2 0.44921875 0.0869140625 0.431640625 0.0751953125 0.40625 0.0771484375 0.40234375 0.1025390625 0.4091796875 0.111328125 0.44921875 0.1083984375 0.44921875 0.0869140625
2 0.9267578125 0.08984375 0.9453125 0.0810546875 0.939453125 0.0771484375 0.955078125 0.0634765625 0.958984375 0.0517578125 0.9326171875 0.04296875 0.919921875 0.0302734375 0.900390625 0.0400390625 0.896484375 0.0595703125 0.904296875 0.0771484375 0.9013671875 0.083984375 0.9267578125 0.08984375
2 0.63671875 0.6533203125 0.63671875 0.6357421875 0.630859375 0.6279296875 0.6064453125 0.63671875 0.587890625 0.6572265625 0.5947265625 0.662109375 0.6298828125 0.66015625 0.63671875 0.6533203125
2 0.3349609375 0.0546875 0.341796875 0.0478515625 0.341796875 0.0341796875 0.3203125 0.0029296875 0.3095703125 0.00390625 0.3046875 0.0126953125 0.306640625 0.0439453125 0.3212890625 0.0546875 0.3349609375 0.0546875