2 0.9091796875 0.330078125 0.90234375 0.3369140625 0.90234375 0.3837890625 0.9150390625 0.39453125 0.9296875 0.3935546875 0.939453125 0.3779296875 0.9375 0.3564453125 0.9208984375 0.330078125 0.9091796875 0.330078125
2 0.767578125 0.6240234375 0.787109375 0.6103515625 0.7783203125 0.591796875 0.7236328125 0.587890625 0.7109375 0.5986328125 0.7177734375 0.609375 0.767578125 0.6240234375
2 0.8095703125 0.634765625 0.80859375 0.6513671875 0.822265625 0.6689453125 0.8388671875 0.685546875 0.85546875 0.6865234375 0.865234375 0.6806640625 0.859375 0.6572265625 0.8330078125 0.634765625 0.8095703125 0.634765625
2 0.8515625 0.6884765625 0.86328125 0.6845703125 0.8671875 0.6689453125 0.845703125 0.6416015625 0.8759765625 0.642578125 0.87890625 0.6298828125 0.8564453125 0.619140625 0.7958984375 0.625 0.79296875 0.6318359375 0.806640625 0.6416015625 0.8125 0.6591796875 0.8388671875 0.6875 0.8515625 0.6884765625
2 0.6796875 0.6806640625 0.6923828125 0.69140625 0.701171875 0.6904296875 0.712890625 0.6767578125 0.7109375 0.6572265625 0.7001953125 0.650390625 0.6787109375 0.65234375 0.6796875 0.6806640625
2 0.5908203125 0.599609375 0.58203125 0.6083984375 0.580078125 0.6220703125 0.5927734375 0.640625 0.599609375 0.6396484375 0.61328125 0.6259765625 0.61328125 0.6083984375 0.6044921875 0.599609375 0.5908203125 0.599609375
2 0.5986328125 0.560546875 0.59375 0.5830078125 0.6103515625 0.58984375 0.6201171875 0.607421875 0.630859375 0.6083984375 0.658203125 0.5830078125 0.658203125 0.5751953125 0.6376953125 0.552734375 0.5986328125 0.560546875
2 0.53125 0.5537109375 0.533203125 0.5771484375 0.568359375 0.5869140625 0.580078125 0.5771484375 0.58203125 0.5615234375 0.5517578125 0.533203125 0.5439453125 0.533203125 0.53125 0.5537109375
2 0.462890625 0.5888671875 0.470703125 0.6103515625 0.48828125 0.6142578125 0.513671875 0.5869140625 0.5205078125 0.54296875 0.4853515625 0.55078125 0.46484375 0.5771484375 0.462890625 0.5888671875
2 0.591796875 0.4775390625 0.5380859375 0.451171875 0.4873046875 0.451171875 0.4794921875 0.45703125 0.4638671875 0.451171875 0.455078125 0.4580078125 0.4619140625 0.470703125 0.4892578125 0.48046875 0.57421875 0.4833984375 0.5908203125 0.482421875 0.591796875 0.4775390625
2 0.59375 0.4248046875 0.607421875 0.4013671875 0.6005859375 0.380859375 0.58984375 0.3876953125 0.580078125 0.4072265625 0.583984375 0.4228515625 0.59375 0.4248046875
2 0.6796875 0.3564453125 0.681640625 0.3251953125 0.6748046875 0.318359375 0.6552734375 0.318359375 0.650390625 0.3486328125 0.6650390625 0.357421875 0.6796875 0.3564453125
2 0.73828125 0.3232421875 0.7255859375 0.3046875 0.7060546875 0.30859375 0.69140625 0.3251953125 0.70703125 0.3427734375 0.705078125 0.3583984375 0.712890625 0.3681640625 0.73046875 0.3564453125 0.73828125 0.3349609375 0.73828125 0.3232421875
2 0.88671875 0.2861328125 0.892578125 0.2646484375 0.8857421875 0.2578125 0.8466796875 0.25390625 0.83984375 0.2587890625 0.8564453125 0.279296875 0.88671875 0.2861328125
2 0.85546875 0.3349609375 0.8662109375 0.353515625 0.888671875 0.3544921875 0.900390625 0.3154296875 0.8935546875 0.306640625 0.8759765625 0.302734375 0.861328125 0.3115234375 0.85546875 0.3349609375
2 0.75 0.9990234375 0.7392578125 0.98046875 0.7080078125 0.96875 0.6787109375 0.97265625 0.669921875 0.9892578125 0.6708984375 1 0.75 0.9990234375
2 0.392578125 0.8681640625 0.4150390625 0.896484375 0.427734375 0.8974609375 0.423828125 0.8642578125 0.4072265625 0.84765625 0.3955078125 0.845703125 0.388671875 0.8525390625 0.392578125 0.8681640625
2 0.453125 0.9990234375 0.4443359375 0.98046875 0.423828125 0.9833984375 0.4228515625 1 0.453125 0.9990234375
2 0.2890625 0.7861328125 0.298828125 0.7744140625 0.2939453125 0.7421875 0.2861328125 0.7421875 0.26953125 0.7646484375 0.271484375 0.7822265625 0.2890625 0.7861328125
2 0.966796875 0.5927734375 0.97265625 0.5869140625 0.9697265625 0.564453125 0.9384765625 0.560546875 0.93359375 0.5654296875 0.9365234375 0.59375 0.966796875 0.5927734375
2 0.8916015625 0.51953125 0.85546875 0.5498046875 0.8623046875 0.560546875 0.888671875 0.5615234375 0.90234375 0.5517578125 0.8916015625 0.51953125
2 0.4140625 0.1513671875 0.4482421875 0.185546875 0.462890625 0.1845703125 0.47265625 0.1669921875 0.47265625 0.1044921875 0.4423828125 0.1015625 0.4140625 0.1220703125 0.4140625 0.1513671875
2 0.740234375 0.8095703125 0.73828125 0.7900390625 0.7158203125 0.765625 0.6767578125 0.767578125 0.654296875 0.7958984375 0.65234375 0.8173828125 0.6708984375 0.8515625 0.6826171875 0.857421875 0.7109375 0.8564453125 0.732421875 0.8330078125 0.740234375 0.8095703125
2 0.533203125 0.8779296875 0.5390625 0.8447265625 0.525390625 0.8134765625 0.5009765625 0.798828125 0.4873046875 0.8046875 0.46875 0.8251953125 0.46484375 0.8662109375 0.4794921875 0.888671875 0.5078125 0.8955078125 0.5205078125 0.892578125 0.533203125 0.8779296875
2 0.455078125 0.7080078125 0.451171875 0.6689453125 0.4267578125 0.650390625 0.4150390625 0.650390625 0.408203125 0.6689453125 0.388671875 0.6884765625 0.376953125 0.7275390625 0.380859375 0.7705078125 0.41796875 0.7841796875 0.443359375 0.7685546875 0.455078125 0.7080078125