2 0.0576171875 0.359375 0.0732421875 0.337890625 0.064453125 0.3076171875 0.0458984375 0.30078125 0.0283203125 0.30078125 0.009765625 0.3232421875 0.01171875 0.3544921875 0.0263671875 0.36328125 0.0576171875 0.359375
2 0.0517578125 0.404296875 0.013671875 0.4091796875 0.015625 0.4248046875 0.0283203125 0.4375 0.0439453125 0.43359375 0.0556640625 0.419921875 0.0517578125 0.404296875
2 0.0751953125 0.865234375 0.0927734375 0.845703125 0.09375 0.8251953125 0.0791015625 0.8046875 0.0458984375 0.802734375 0.03515625 0.8115234375 0.03125 0.8349609375 0.0478515625 0.86328125 0.0751953125 0.865234375
2 0.0517578125 0.91015625 0.044921875 0.8876953125 0.0341796875 0.876953125 0.015625 0.8779296875 0.017578125 0.8994140625 0.0283203125 0.912109375 0.0458984375 0.91796875 0.0517578125 0.91015625
2 0.2412109375 0.765625 0.255859375 0.7548828125 0.2607421875 0.7421875 0.259765625 0.7158203125 0.2529296875 0.70703125 0.2158203125 0.708984375 0.197265625 0.7236328125 0.205078125 0.7548828125 0.2158203125 0.765625 0.2412109375 0.765625
2 0.2900390625 0.625 0.3154296875 0.619140625 0.333984375 0.5986328125 0.3369140625 0.57421875 0.3359375 0.5634765625 0.3232421875 0.55078125 0.2978515625 0.552734375 0.27734375 0.5791015625 0.275390625 0.5986328125 0.283203125 0.6181640625 0.2900390625 0.625
2 0.212890625 0.5107421875 0.2197265625 0.486328125 0.216796875 0.4697265625 0.1923828125 0.453125 0.1689453125 0.45703125 0.158203125 0.4716796875 0.1640625 0.5126953125 0.1826171875 0.533203125 0.212890625 0.5107421875
2 0.4150390625 0.09765625 0.4267578125 0.080078125 0.42578125 0.0537109375 0.4072265625 0.041015625 0.3759765625 0.046875 0.36328125 0.0673828125 0.369140625 0.0888671875 0.3935546875 0.10546875 0.4150390625 0.09765625
2 0.6591796875 0.681640625 0.6708984375 0.658203125 0.66796875 0.6376953125 0.6494140625 0.625 0.6318359375 0.625 0.611328125 0.6474609375 0.61328125 0.6728515625 0.6357421875 0.689453125 0.6591796875 0.681640625
2 0.5693359375 0.935546875 0.5888671875 0.921875 0.587890625 0.9013671875 0.5654296875 0.873046875 0.5439453125 0.873046875 0.521484375 0.8955078125 0.5234375 0.9248046875 0.5419921875 0.939453125 0.5693359375 0.935546875
2 0.3759765625 0.943359375 0.3857421875 0.9296875 0.384765625 0.9130859375 0.3603515625 0.88671875 0.3369140625 0.890625 0.318359375 0.9130859375 0.326171875 0.9404296875 0.3466796875 0.951171875 0.3759765625 0.943359375
2 0.4423828125 0.611328125 0.44140625 0.5986328125 0.4326171875 0.59375 0.416015625 0.6025390625 0.4140625 0.6162109375 0.4228515625 0.63671875 0.431640625 0.6337890625 0.4423828125 0.611328125
2 0.6103515625 0.35546875 0.623046875 0.3408203125 0.6259765625 0.32421875 0.625 0.3115234375 0.6103515625 0.296875 0.5849609375 0.294921875 0.564453125 0.3095703125 0.564453125 0.3447265625 0.5830078125 0.35546875 0.6103515625 0.35546875
2 0.6708984375 0.21875 0.6875 0.2080078125 0.6904296875 0.1953125 0.69140625 0.1728515625 0.6767578125 0.15625 0.6533203125 0.154296875 0.62890625 0.1708984375 0.626953125 0.1884765625 0.6416015625 0.21484375 0.6708984375 0.21875
2 0.7763671875 0.572265625 0.7841796875 0.55859375 0.78515625 0.5419921875 0.7744140625 0.529296875 0.7509765625 0.529296875 0.740234375 0.5400390625 0.73828125 0.5634765625 0.7529296875 0.57421875 0.7763671875 0.572265625
2 0.732421875 0.6044921875 0.7373046875 0.5859375 0.7294921875 0.568359375 0.7119140625 0.564453125 0.693359375 0.5791015625 0.689453125 0.5966796875 0.7060546875 0.611328125 0.7197265625 0.611328125 0.732421875 0.6044921875
2 0.7119140625 0.955078125 0.7216796875 0.947265625 0.720703125 0.9306640625 0.7080078125 0.908203125 0.6845703125 0.904296875 0.669921875 0.9150390625 0.666015625 0.9365234375 0.6728515625 0.95703125 0.7119140625 0.955078125
2 0.9638671875 0.873046875 0.9560546875 0.849609375 0.9326171875 0.84375 0.912109375 0.8544921875 0.90625 0.8857421875 0.9365234375 0.9140625 0.958984375 0.8974609375 0.9638671875 0.873046875
2 0.9365234375 0.791015625 0.95703125 0.7802734375 0.9599609375 0.759765625 0.955078125 0.7412109375 0.9462890625 0.732421875 0.9208984375 0.73046875 0.904296875 0.7412109375 0.900390625 0.7646484375 0.9091796875 0.78515625 0.9365234375 0.791015625
2 0.962890625 0.2353515625 0.9658203125 0.224609375 0.962890625 0.1982421875 0.9384765625 0.185546875 0.9150390625 0.19140625 0.8984375 0.2138671875 0.91015625 0.2451171875 0.9326171875 0.2578125 0.962890625 0.2353515625
2 0.8466796875 0.4140625 0.8447265625 0.40234375 0.8212890625 0.3984375 0.791015625 0.4306640625 0.791015625 0.4462890625 0.8115234375 0.453125 0.833984375 0.4208984375 0.8466796875 0.4140625
2 0.4462890625 0.25 0.4658203125 0.232421875 0.466796875 0.2138671875 0.4560546875 0.1953125 0.4287109375 0.193359375 0.40625 0.2119140625 0.408203125 0.2373046875 0.4267578125 0.251953125 0.4462890625 0.25
2 0.3662109375 0.29296875 0.3408203125 0.27734375 0.326171875 0.2958984375 0.3388671875 0.3125 0.3583984375 0.310546875 0.3681640625 0.302734375 0.3662109375 0.29296875
2 0.4990234375 0.09765625 0.5 0.0791015625 0.4912109375 0.07421875 0.46875 0.0888671875 0.46484375 0.1044921875 0.4716796875 0.111328125 0.4873046875 0.111328125 0.4990234375 0.09765625