2 0.1923828125 0.162109375 0.173828125 0.1728515625 0.171875 0.1982421875 0.1904296875 0.21484375 0.205078125 0.2138671875 0.22265625 0.1943359375 0.22265625 0.1767578125 0.2138671875 0.1640625 0.1923828125 0.162109375
2 0.625 0.2822265625 0.64453125 0.2958984375 0.6484375 0.3271484375 0.6630859375 0.34375 0.724609375 0.3486328125 0.75 0.3349609375 0.7470703125 0.30859375 0.77734375 0.2998046875 0.78125 0.2685546875 0.7705078125 0.255859375 0.7431640625 0.24609375 0.7236328125 0.216796875 0.6826171875 0.205078125 0.6708984375 0.20703125 0.6494140625 0.23046875 0.623046875 0.2451171875 0.625 0.2822265625
2 0.9326171875 0.384765625 0.9111328125 0.369140625 0.9013671875 0.369140625 0.8828125 0.3994140625 0.8828125 0.4189453125 0.9052734375 0.431640625 0.919921875 0.4306640625 0.94140625 0.4228515625 0.94140625 0.4052734375 0.9326171875 0.384765625
2 0.6982421875 0.453125 0.6875 0.4658203125 0.689453125 0.4833984375 0.7060546875 0.5 0.728515625 0.5029296875 0.748046875 0.4853515625 0.751953125 0.4658203125 0.7275390625 0.451171875 0.6982421875 0.453125
2 0.802734375 0.6943359375 0.80078125 0.6474609375 0.7900390625 0.638671875 0.7802734375 0.638671875 0.7548828125 0.654296875 0.740234375 0.6748046875 0.740234375 0.6943359375 0.7490234375 0.703125 0.765625 0.7060546875 0.7880859375 0.705078125 0.802734375 0.6943359375
2 0.9345703125 0.7734375 0.904296875 0.7900390625 0.904296875 0.8095703125 0.9189453125 0.826171875 0.947265625 0.8291015625 0.962890625 0.8095703125 0.962890625 0.7861328125 0.9580078125 0.78125 0.9345703125 0.7734375
2 0.7880859375 0.875 0.76953125 0.8876953125 0.76953125 0.9013671875 0.7763671875 0.91015625 0.80078125 0.9130859375 0.81640625 0.9052734375 0.814453125 0.8916015625 0.8017578125 0.876953125 0.7880859375 0.875
2 0.28125 0.7080078125 0.2939453125 0.71875 0.318359375 0.7197265625 0.3203125 0.6865234375 0.3095703125 0.677734375 0.2861328125 0.677734375 0.279296875 0.6884765625 0.28125 0.7080078125
2 0.044921875 0.4951171875 0.0556640625 0.521484375 0.0859375 0.5302734375 0.099609375 0.5146484375 0.099609375 0.4951171875 0.0908203125 0.484375 0.0673828125 0.482421875 0.044921875 0.4951171875
2 0.42578125 0.4560546875 0.4423828125 0.44921875 0.455078125 0.4306640625 0.455078125 0.4052734375 0.4462890625 0.392578125 0.4169921875 0.390625 0.4033203125 0.40234375 0.357421875 0.3994140625 0.3564453125 0.4296875 0.3740234375 0.4375 0.3916015625 0.435546875 0.4091796875 0.453125 0.42578125 0.4560546875
2 0.5791015625 0.56640625 0.564453125 0.5791015625 0.5546875 0.6025390625 0.5771484375 0.615234375 0.591796875 0.6142578125 0.609375 0.5986328125 0.611328125 0.5830078125 0.5966796875 0.56640625 0.5791015625 0.56640625
2 0.416015625 0.7490234375 0.431640625 0.7314453125 0.4052734375 0.7109375 0.3935546875 0.7109375 0.38671875 0.7216796875 0.38671875 0.7392578125 0.416015625 0.7490234375
2 0.5791015625 0.71484375 0.55859375 0.7431640625 0.55859375 0.7587890625 0.5693359375 0.76953125 0.578125 0.7685546875 0.607421875 0.7529296875 0.60546875 0.7373046875 0.5888671875 0.71484375 0.5791015625 0.71484375
2 0.560546875 0.8955078125 0.5693359375 0.91015625 0.58984375 0.9150390625 0.599609375 0.9013671875 0.599609375 0.8720703125 0.5810546875 0.85546875 0.5634765625 0.85546875 0.560546875 0.8955078125
2 0.033203125 0.8701171875 0.033203125 0.8974609375 0.07421875 0.9033203125 0.091796875 0.8798828125 0.091796875 0.8681640625 0.0791015625 0.8515625 0.0556640625 0.84375 0.033203125 0.8701171875
2 0.294921875 0.9990234375 0.298828125 0.9736328125 0.2861328125 0.962890625 0.2685546875 0.962890625 0.2578125 0.9775390625 0.2578125 0.9990234375 0.294921875 0.9990234375