2 0.5537109375 0.8125 0.5126953125 0.81640625 0.5078125 0.8212890625 0.5078125 0.8623046875 0.5185546875 0.87109375 0.5341796875 0.869140625 0.5546875 0.8544921875 0.5634765625 0.83984375 0.5537109375 0.8125
2 0.794921875 0.6982421875 0.7841796875 0.689453125 0.7568359375 0.6953125 0.744140625 0.7197265625 0.74609375 0.7353515625 0.7646484375 0.75 0.7841796875 0.74609375 0.7958984375 0.7265625 0.794921875 0.6982421875
2 0.8974609375 0.658203125 0.9169921875 0.634765625 0.9140625 0.6044921875 0.8876953125 0.599609375 0.853515625 0.6259765625 0.8818359375 0.66015625 0.8974609375 0.658203125
2 0.6904296875 0.123046875 0.6748046875 0.125 0.650390625 0.1474609375 0.650390625 0.1748046875 0.6591796875 0.185546875 0.6826171875 0.189453125 0.697265625 0.1767578125 0.7060546875 0.158203125 0.69921875 0.1318359375 0.6904296875 0.123046875
2 0.4365234375 0.291015625 0.4267578125 0.259765625 0.3935546875 0.2578125 0.388671875 0.2626953125 0.384765625 0.2900390625 0.4013671875 0.310546875 0.4267578125 0.30859375 0.4365234375 0.291015625
2 0.3564453125 0.384765625 0.3427734375 0.36328125 0.3310546875 0.365234375 0.322265625 0.3759765625 0.322265625 0.3896484375 0.3330078125 0.3984375 0.3447265625 0.3984375 0.3564453125 0.384765625
2 0.197265625 0.2255859375 0.1787109375 0.20703125 0.1513671875 0.212890625 0.140625 0.2275390625 0.140625 0.2470703125 0.1533203125 0.2578125 0.1748046875 0.2578125 0.1962890625 0.240234375 0.197265625 0.2255859375
2 0.1708984375 0.046875 0.1416015625 0.046875 0.1328125 0.0576171875 0.12890625 0.0791015625 0.1396484375 0.09375 0.1552734375 0.095703125 0.16796875 0.0888671875 0.1767578125 0.060546875 0.1708984375 0.046875
2 0.1708984375 0.66015625 0.1826171875 0.642578125 0.1748046875 0.615234375 0.1513671875 0.619140625 0.138671875 0.6298828125 0.1513671875 0.666015625 0.1708984375 0.66015625
2 0.8486328125 0.001953125 0.8232421875 0.001953125 0.8125 0.0107421875 0.80859375 0.0302734375 0.8154296875 0.037109375 0.8271484375 0.037109375 0.8466796875 0.02734375 0.8525390625 0.017578125 0.8486328125 0.001953125
2 0.5390625 0.6416015625 0.5244140625 0.62890625 0.5009765625 0.634765625 0.48828125 0.6513671875 0.490234375 0.6826171875 0.5048828125 0.689453125 0.5322265625 0.68359375 0.5419921875 0.654296875 0.5390625 0.6416015625