2 0.2841796875 0.76171875 0.2880859375 0.771484375 0.3115234375 0.7734375 0.318359375 0.7685546875 0.322265625 0.7490234375 0.2978515625 0.740234375 0.28515625 0.7470703125 0.2841796875 0.76171875
2 0.1279296875 0.435546875 0.1396484375 0.455078125 0.1533203125 0.45703125 0.16015625 0.4501953125 0.162109375 0.4306640625 0.1533203125 0.419921875 0.1337890625 0.41796875 0.126953125 0.4248046875 0.1279296875 0.435546875
2 0.2060546875 0.19921875 0.212890625 0.2138671875 0.2275390625 0.224609375 0.2490234375 0.2265625 0.279296875 0.2099609375 0.25 0.1962890625 0.251953125 0.1708984375 0.2451171875 0.166015625 0.2138671875 0.166015625 0.205078125 0.1845703125 0.2060546875 0.19921875
2 0.6064453125 0.072265625 0.6298828125 0.08984375 0.6513671875 0.08984375 0.666015625 0.0791015625 0.671875 0.0537109375 0.6552734375 0.033203125 0.6337890625 0.029296875 0.6171875 0.0419921875 0.6064453125 0.072265625
2 0.6220703125 0.00390625 0.6396484375 0.0234375 0.6611328125 0.0234375 0.67578125 0.0126953125 0.6796875 0.0009765625 0.6220703125 0.00390625
2 0.8759765625 0.4921875 0.8896484375 0.51171875 0.9189453125 0.51171875 0.923828125 0.5068359375 0.92578125 0.4736328125 0.9150390625 0.451171875 0.9013671875 0.447265625 0.87890625 0.4560546875 0.8759765625 0.4921875
2 0.5341796875 0.60546875 0.5576171875 0.62109375 0.5751953125 0.619140625 0.58984375 0.6044921875 0.591796875 0.5849609375 0.5771484375 0.564453125 0.5517578125 0.560546875 0.53515625 0.5791015625 0.5341796875 0.60546875
2 0.6064453125 0.40234375 0.6181640625 0.427734375 0.6484375 0.4228515625 0.64453125 0.4013671875 0.6298828125 0.388671875 0.6083984375 0.390625 0.6064453125 0.40234375
2 0.4853515625 0.443359375 0.48828125 0.4619140625 0.5029296875 0.47265625 0.5224609375 0.470703125 0.544921875 0.4482421875 0.53515625 0.4248046875 0.5205078125 0.412109375 0.4912109375 0.4296875 0.4853515625 0.443359375
2 0.6650390625 0.83203125 0.666015625 0.8447265625 0.6767578125 0.857421875 0.7021484375 0.8515625 0.71484375 0.8369140625 0.716796875 0.8076171875 0.7080078125 0.80078125 0.6767578125 0.8046875 0.666015625 0.8115234375 0.6650390625 0.83203125
2 0.7958984375 0.796875 0.8037109375 0.8046875 0.8310546875 0.8046875 0.83984375 0.7978515625 0.83984375 0.7802734375 0.8291015625 0.771484375 0.8037109375 0.775390625 0.796875 0.7822265625 0.7958984375 0.796875
2 0.7978515625 0.91796875 0.8095703125 0.9375 0.8212890625 0.9375 0.833984375 0.9267578125 0.83203125 0.9169921875 0.8076171875 0.900390625 0.798828125 0.9052734375 0.7978515625 0.91796875
2 0.7060546875 0.5 0.7197265625 0.513671875 0.7353515625 0.515625 0.763671875 0.4990234375 0.7509765625 0.474609375 0.7177734375 0.462890625 0.7060546875 0.5
2 0.4326171875 0.826171875 0.4384765625 0.833984375 0.4599609375 0.833984375 0.47265625 0.8251953125 0.4765625 0.8095703125 0.4677734375 0.798828125 0.4443359375 0.80078125 0.431640625 0.8134765625 0.4326171875 0.826171875
2 0.4462890625 1 0.447265625 0.9873046875 0.4365234375 0.9765625 0.4248046875 0.974609375 0.412109375 0.9892578125 0.4111328125 1 0.4462890625 1