2 0.4052734375 0.49609375 0.416015625 0.4951171875 0.419921875 0.4716796875 0.412109375 0.4638671875 0.4130859375 0.44921875 0.3896484375 0.451171875 0.3779296875 0.46484375 0.3857421875 0.486328125 0.4052734375 0.49609375
2 0.5400390625 0.935546875 0.5771484375 0.93359375 0.591796875 0.9130859375 0.5537109375 0.904296875 0.54296875 0.9130859375 0.5400390625 0.935546875
2 0.7265625 0.5439453125 0.7265625 0.5361328125 0.6943359375 0.552734375 0.669921875 0.5791015625 0.6630859375 0.59765625 0.6748046875 0.59765625 0.671875 0.5927734375 0.7265625 0.5439453125
2 0.3955078125 0.73828125 0.4130859375 0.7578125 0.421875 0.7568359375 0.42578125 0.7216796875 0.4208984375 0.716796875 0.3818359375 0.708984375 0.3798828125 0.72265625 0.3857421875 0.736328125 0.3955078125 0.73828125
2 0.966796875 0.7802734375 0.96484375 0.7568359375 0.9501953125 0.7421875 0.9228515625 0.744140625 0.9208984375 0.76953125 0.9287109375 0.7890625 0.9560546875 0.79296875 0.966796875 0.7802734375
2 0.9248046875 0.72265625 0.9619140625 0.73828125 0.97265625 0.7373046875 0.9521484375 0.712890625 0.9287109375 0.7109375 0.9248046875 0.72265625
2 0.9765625 0.3681640625 0.974609375 0.3505859375 0.9521484375 0.33984375 0.923828125 0.3701171875 0.9248046875 0.380859375 0.9423828125 0.392578125 0.9658203125 0.384765625 0.9765625 0.3681640625
2 0.9150390625 0.466796875 0.90234375 0.4814453125 0.9033203125 0.49609375 0.9150390625 0.505859375 0.923828125 0.5048828125 0.923828125 0.4775390625 0.9150390625 0.466796875
2 0.7880859375 0.84765625 0.76171875 0.8583984375 0.7607421875 0.888671875 0.7705078125 0.8984375 0.796875 0.8779296875 0.794921875 0.8544921875 0.7880859375 0.84765625
2 0.6396484375 0.638671875 0.6201171875 0.634765625 0.6142578125 0.64453125 0.6298828125 0.666015625 0.642578125 0.6669921875 0.646484375 0.6494140625 0.6396484375 0.638671875
2 0.751953125 0.7744140625 0.740234375 0.7509765625 0.7255859375 0.740234375 0.708984375 0.7451171875 0.7060546875 0.765625 0.7216796875 0.791015625 0.7451171875 0.783203125 0.751953125 0.7744140625
2 0.37890625 0.2998046875 0.3427734375 0.275390625 0.3310546875 0.291015625 0.2861328125 0.28515625 0.2861328125 0.294921875 0.3017578125 0.3125 0.3603515625 0.322265625 0.37890625 0.2998046875
2 0.416015625 0.2177734375 0.3994140625 0.201171875 0.3779296875 0.1875 0.369140625 0.1904296875 0.3701171875 0.197265625 0.4052734375 0.240234375 0.4140625 0.2392578125 0.416015625 0.2177734375
2 0.3505859375 0.046875 0.3798828125 0.048828125 0.38671875 0.0224609375 0.3603515625 0.021484375 0.349609375 0.0341796875 0.3505859375 0.046875
2 0.0380859375 1 0.0400390625 0.9921875 0.0537109375 1 0.0546875 0.9912109375 0.0185546875 0.9609375 0.0126953125 0.97265625 0.0048828125 0.958984375 0 0.9619140625 0.0009765625 1 0.0380859375 1
2 0.0341796875 0.912109375 0.041015625 0.9033203125 0.03125 0.8505859375 0.0390625 0.8212890625 0.0390625 0.7900390625 0.0322265625 0.78125 0.0068359375 0.771484375 0 0.7724609375 0.0009765625 0.912109375 0.0341796875 0.912109375
2 0.6953125 0.9423828125 0.689453125 0.9111328125 0.6845703125 0.90625 0.6669921875 0.908203125 0.6650390625 0.9296875 0.67578125 0.9541015625 0.6904296875 0.958984375 0.6953125 0.9423828125
2 0.8818359375 0.93359375 0.8505859375 0.93359375 0.8408203125 0.955078125 0.8642578125 0.97265625 0.8876953125 0.970703125 0.896484375 0.9443359375 0.8818359375 0.93359375
2 0.9267578125 0.119140625 0.931640625 0.1142578125 0.9169921875 0.076171875 0.8994140625 0.07421875 0.8994140625 0.091796875 0.90234375 0.1064453125 0.9150390625 0.1171875 0.9267578125 0.119140625
2 0.462890625 0.1943359375 0.4609375 0.1728515625 0.4462890625 0.16015625 0.4228515625 0.166015625 0.4208984375 0.177734375 0.4423828125 0.18359375 0.4501953125 0.19921875 0.462890625 0.1943359375
2 0.763671875 0.6689453125 0.76171875 0.6455078125 0.7392578125 0.646484375 0.732421875 0.6533203125 0.7333984375 0.669921875 0.7412109375 0.6796875 0.7548828125 0.677734375 0.763671875 0.6689453125
2 0.6806640625 0.69921875 0.7001953125 0.70703125 0.70703125 0.7021484375 0.7001953125 0.685546875 0.6826171875 0.6875 0.6806640625 0.69921875
2 0.2080078125 0.1484375 0.216796875 0.1533203125 0.2314453125 0.1171875 0.216796875 0.1201171875 0.208984375 0.1318359375 0.2080078125 0.1484375
2 0.4443359375 0.55859375 0.453125 0.5498046875 0.455078125 0.5166015625 0.4404296875 0.5 0.4208984375 0.49609375 0.412109375 0.5107421875 0.4130859375 0.5234375 0.4345703125 0.55859375 0.4443359375 0.55859375