2 0.7509765625 0.162109375 0.740234375 0.1748046875 0.740234375 0.1923828125 0.7548828125 0.2109375 0.7763671875 0.2109375 0.7861328125 0.193359375 0.78515625 0.1728515625 0.7724609375 0.162109375 0.7509765625 0.162109375
2 0.921875 0.1064453125 0.9111328125 0.1015625 0.88671875 0.1318359375 0.876953125 0.1591796875 0.8974609375 0.154296875 0.9248046875 0.12109375 0.921875 0.1064453125
2 0.6103515625 0.55859375 0.595703125 0.5673828125 0.5966796875 0.576171875 0.6435546875 0.611328125 0.6572265625 0.611328125 0.6630859375 0.595703125 0.662109375 0.5791015625 0.6318359375 0.55859375 0.6103515625 0.55859375
2 0.4951171875 0.630859375 0.4736328125 0.640625 0.451171875 0.6572265625 0.451171875 0.6748046875 0.4716796875 0.66796875 0.5087890625 0.640625 0.5068359375 0.630859375 0.4951171875 0.630859375
2 0.353515625 0.3798828125 0.357421875 0.3994140625 0.3681640625 0.40234375 0.3876953125 0.390625 0.4111328125 0.388671875 0.4228515625 0.376953125 0.423828125 0.3623046875 0.4189453125 0.359375 0.3623046875 0.359375 0.35546875 0.3642578125 0.353515625 0.3798828125
2 0.9423828125 0.26171875 0.9248046875 0.263671875 0.9140625 0.2744140625 0.9208984375 0.30078125 0.9443359375 0.296875 0.9599609375 0.28125 0.958984375 0.2724609375 0.9423828125 0.26171875
2 0.1025390625 0.642578125 0.0732421875 0.62890625 0.029296875 0.6767578125 0.0341796875 0.681640625 0.0654296875 0.6796875 0.1025390625 0.6484375 0.1025390625 0.642578125
2 0.0439453125 0.509765625 0.0390625 0.5244140625 0.044921875 0.5380859375 0.0576171875 0.548828125 0.06640625 0.5478515625 0.0673828125 0.5390625 0.064453125 0.5244140625 0.0439453125 0.509765625
2 0.1064453125 0.66015625 0.0625 0.7119140625 0.0751953125 0.73046875 0.0859375 0.7255859375 0.1015625 0.6865234375 0.1162109375 0.669921875 0.1142578125 0.658203125 0.1064453125 0.66015625
2 0.009765625 0.9111328125 0.0146484375 0.94140625 0.02734375 0.9404296875 0.033203125 0.9189453125 0.052734375 0.8994140625 0.0634765625 0.875 0.0595703125 0.86328125 0.017578125 0.8681640625 0.015625 0.9033203125 0.009765625 0.9111328125
2 0.134765625 0.1728515625 0.130859375 0.1884765625 0.130859375 0.2041015625 0.1376953125 0.212890625 0.146484375 0.2099609375 0.1533203125 0.19140625 0.15234375 0.1728515625 0.1455078125 0.1640625 0.134765625 0.1728515625
2 0.1337890625 0.302734375 0.1142578125 0.310546875 0.103515625 0.3232421875 0.103515625 0.3349609375 0.1162109375 0.337890625 0.1376953125 0.310546875 0.1337890625 0.302734375
2 0.0771484375 0.20703125 0.0576171875 0.208984375 0.05078125 0.2275390625 0.0576171875 0.232421875 0.0849609375 0.21875 0.0927734375 0.20703125 0.09375 0.1982421875 0.0888671875 0.197265625 0.0771484375 0.20703125
2 0.6494140625 0.3515625 0.6357421875 0.3515625 0.6201171875 0.357421875 0.6171875 0.3759765625 0.6337890625 0.376953125 0.6513671875 0.357421875 0.6494140625 0.3515625
2 0.9990234375 0.708984375 0.9951171875 0.689453125 0.951171875 0.6865234375 0.951171875 0.6962890625 0.9619140625 0.708984375 0.9990234375 0.708984375