2 0.82421875 0.7880859375 0.837890625 0.7783203125 0.83984375 0.7529296875 0.8271484375 0.7421875 0.7998046875 0.74609375 0.7890625 0.7607421875 0.791015625 0.7783203125 0.8037109375 0.787109375 0.82421875 0.7880859375
2 0.416015625 0.6630859375 0.42578125 0.6591796875 0.4453125 0.6298828125 0.443359375 0.6083984375 0.4326171875 0.595703125 0.419921875 0.6025390625 0.388671875 0.6494140625 0.3935546875 0.662109375 0.416015625 0.6630859375
2 0.3349609375 0.45703125 0.333984375 0.4658203125 0.359375 0.4951171875 0.365234375 0.4912109375 0.359375 0.4736328125 0.3349609375 0.45703125
2 0.6201171875 0.421875 0.63671875 0.4248046875 0.642578125 0.4150390625 0.642578125 0.3603515625 0.6240234375 0.349609375 0.6044921875 0.349609375 0.599609375 0.3720703125 0.609375 0.3857421875 0.61328125 0.4130859375 0.6201171875 0.421875
2 0.3154296875 0.953125 0.2978515625 0.95703125 0.2890625 0.9736328125 0.291015625 0.9990234375 0.310546875 0.9990234375 0.318359375 0.9677734375 0.3154296875 0.953125
2 0.24609375 0.9853515625 0.2275390625 0.958984375 0.1943359375 0.94921875 0.181640625 0.9521484375 0.18359375 0.9736328125 0.1943359375 0.98046875 0.2197265625 0.978515625 0.2333984375 0.986328125 0.24609375 0.9853515625
2 0.375 0.0771484375 0.3310546875 0.03125 0.3251953125 0.03125 0.3203125 0.0458984375 0.326171875 0.0693359375 0.341796875 0.0927734375 0.357421875 0.1025390625 0.375 0.0771484375
2 0.337890625 0.1025390625 0.2919921875 0.064453125 0.2861328125 0.0625 0.271484375 0.0751953125 0.271484375 0.0830078125 0.2822265625 0.091796875 0.341796875 0.1181640625 0.337890625 0.1025390625
2 0.8291015625 0.134765625 0.7958984375 0.1328125 0.787109375 0.1396484375 0.8037109375 0.154296875 0.830078125 0.1533203125 0.83984375 0.1435546875 0.8291015625 0.134765625
2 0.6640625 0.1181640625 0.6826171875 0.13671875 0.697265625 0.1396484375 0.69140625 0.1162109375 0.6708984375 0.103515625 0.6640625 0.1181640625
2 0.4853515625 0.0390625 0.4638671875 0.044921875 0.451171875 0.0615234375 0.4541015625 0.068359375 0.47265625 0.0673828125 0.4921875 0.0478515625 0.4853515625 0.0390625
2 0.13671875 0.0654296875 0.138671875 0.0244140625 0.1337890625 0.017578125 0.0888671875 0.01171875 0.060546875 0.0166015625 0.0654296875 0.03125 0.0830078125 0.03515625 0.1044921875 0.056640625 0.13671875 0.0654296875
2 0.6396484375 0.6171875 0.6240234375 0.619140625 0.625 0.6357421875 0.6396484375 0.650390625 0.6484375 0.6513671875 0.646484375 0.6220703125 0.6396484375 0.6171875
2 0.609375 0.7158203125 0.6142578125 0.724609375 0.626953125 0.7255859375 0.6328125 0.7080078125 0.6181640625 0.69921875 0.609375 0.7158203125