2 0.1103515625 0.091796875 0.12890625 0.0927734375 0.1396484375 0.091796875 0.15234375 0.0810546875 0.158203125 0.0576171875 0.1455078125 0.0390625 0.1162109375 0.03515625 0.1005859375 0.04296875 0.0859375 0.0654296875 0.1103515625 0.091796875
2 0.244140625 0.0986328125 0.263671875 0.0927734375 0.26953125 0.0693359375 0.2587890625 0.05078125 0.2353515625 0.041015625 0.21484375 0.0517578125 0.2109375 0.0751953125 0.2158203125 0.091796875 0.244140625 0.0986328125
2 0.7890625 0.0986328125 0.8125 0.0810546875 0.814453125 0.0517578125 0.8056640625 0.0390625 0.7783203125 0.033203125 0.759765625 0.0439453125 0.74609375 0.0673828125 0.7626953125 0.09375 0.7890625 0.0986328125
2 0.45703125 0.2607421875 0.470703125 0.2509765625 0.47265625 0.2275390625 0.4599609375 0.21484375 0.4462890625 0.21484375 0.427734375 0.2275390625 0.427734375 0.2451171875 0.4365234375 0.259765625 0.45703125 0.2607421875
2 0.416015625 0.3095703125 0.4375 0.2861328125 0.431640625 0.2685546875 0.4208984375 0.26171875 0.4033203125 0.263671875 0.390625 0.2763671875 0.390625 0.2958984375 0.3984375 0.3076171875 0.416015625 0.3095703125
2 0.353515625 0.3876953125 0.375 0.3701171875 0.376953125 0.3486328125 0.3623046875 0.330078125 0.3388671875 0.328125 0.318359375 0.3447265625 0.314453125 0.3681640625 0.3271484375 0.384765625 0.353515625 0.3876953125
2 0.095703125 0.3154296875 0.09375 0.2919921875 0.0810546875 0.28515625 0.0537109375 0.287109375 0.046875 0.2998046875 0.048828125 0.3271484375 0.08203125 0.3310546875 0.095703125 0.3154296875
2 0.10546875 0.4794921875 0.119140625 0.4716796875 0.130859375 0.4423828125 0.1123046875 0.41796875 0.0888671875 0.4140625 0.06640625 0.4345703125 0.064453125 0.4599609375 0.0830078125 0.478515625 0.10546875 0.4794921875
2 0.830078125 0.3701171875 0.84765625 0.3447265625 0.841796875 0.3173828125 0.8291015625 0.30859375 0.7939453125 0.310546875 0.78515625 0.3251953125 0.787109375 0.3583984375 0.8056640625 0.37109375 0.830078125 0.3701171875
2 0.6572265625 0.43359375 0.68359375 0.4345703125 0.69921875 0.4287109375 0.70703125 0.4130859375 0.70703125 0.3935546875 0.6865234375 0.375 0.6611328125 0.376953125 0.646484375 0.3896484375 0.6484375 0.4267578125 0.6572265625 0.43359375
2 0.787109375 0.5947265625 0.80859375 0.5732421875 0.810546875 0.5419921875 0.7900390625 0.53125 0.7705078125 0.53125 0.7578125 0.5419921875 0.751953125 0.5751953125 0.7666015625 0.595703125 0.787109375 0.5947265625
2 0.939453125 0.6337890625 0.95703125 0.6181640625 0.95703125 0.5849609375 0.9482421875 0.57421875 0.9228515625 0.572265625 0.90234375 0.5869140625 0.896484375 0.6064453125 0.9130859375 0.630859375 0.939453125 0.6337890625
2 0.923828125 0.5166015625 0.9228515625 0.501953125 0.9013671875 0.501953125 0.89453125 0.5087890625 0.890625 0.5244140625 0.8974609375 0.533203125 0.904296875 0.5322265625 0.923828125 0.5166015625
2 0.5791015625 0.19921875 0.587890625 0.1845703125 0.603515625 0.1748046875 0.5966796875 0.150390625 0.55078125 0.1884765625 0.548828125 0.1982421875 0.56640625 0.2041015625 0.5791015625 0.19921875
2 0.3798828125 0.71484375 0.3974609375 0.72265625 0.41796875 0.7216796875 0.4287109375 0.720703125 0.44921875 0.7001953125 0.451171875 0.6767578125 0.4423828125 0.6640625 0.4033203125 0.666015625 0.380859375 0.6884765625 0.375 0.7080078125 0.3798828125 0.71484375
2 0.3994140625 0.556640625 0.3818359375 0.55859375 0.365234375 0.5732421875 0.3779296875 0.58203125 0.396484375 0.5830078125 0.40625 0.5712890625 0.3994140625 0.556640625
2 0.0859375 0.6806640625 0.109375 0.6650390625 0.115234375 0.6416015625 0.0908203125 0.6171875 0.0771484375 0.6171875 0.056640625 0.6298828125 0.05078125 0.6552734375 0.0615234375 0.673828125 0.0859375 0.6806640625
2 0.27734375 0.7998046875 0.29296875 0.7841796875 0.296875 0.7470703125 0.2861328125 0.73828125 0.2529296875 0.740234375 0.234375 0.7607421875 0.236328125 0.7861328125 0.2431640625 0.79296875 0.27734375 0.7998046875
2 0.1796875 0.9658203125 0.197265625 0.9541015625 0.19921875 0.9287109375 0.1806640625 0.908203125 0.1533203125 0.908203125 0.13671875 0.9248046875 0.138671875 0.9521484375 0.1552734375 0.962890625 0.1796875 0.9658203125
2 0.3046875 0.9482421875 0.31640625 0.9501953125 0.33203125 0.9443359375 0.34765625 0.8994140625 0.3310546875 0.869140625 0.2978515625 0.876953125 0.287109375 0.8955078125 0.2890625 0.9208984375 0.302734375 0.9326171875 0.3046875 0.9482421875
2 0.5009765625 0.83984375 0.529296875 0.8408203125 0.544921875 0.8310546875 0.55078125 0.8056640625 0.5400390625 0.78515625 0.5244140625 0.7734375 0.5087890625 0.771484375 0.484375 0.7919921875 0.482421875 0.8271484375 0.5009765625 0.83984375
2 0.677734375 0.9892578125 0.69921875 0.9736328125 0.69921875 0.9501953125 0.6904296875 0.931640625 0.6630859375 0.92578125 0.640625 0.9462890625 0.638671875 0.9736328125 0.6474609375 0.98828125 0.677734375 0.9892578125