2 0.515625 0.9072265625 0.5166015625 0.88671875 0.513671875 0.8623046875 0.50390625 0.8486328125 0.4970703125 0.8515625 0.4892578125 0.841796875 0.4716796875 0.8359375 0.4638671875 0.845703125 0.4521484375 0.84765625 0.443359375 0.8642578125 0.4375 0.9072265625 0.4716796875 0.923828125 0.4912109375 0.923828125 0.515625 0.9072265625
2 0.6533203125 0.91015625 0.640625 0.9287109375 0.650390625 0.9580078125 0.6650390625 0.966796875 0.6943359375 0.962890625 0.701171875 0.9541015625 0.7001953125 0.93359375 0.69140625 0.9169921875 0.6748046875 0.908203125 0.6533203125 0.91015625
2 0.3046875 0.4326171875 0.3115234375 0.44140625 0.3232421875 0.443359375 0.333984375 0.4365234375 0.3349609375 0.423828125 0.3271484375 0.4140625 0.3154296875 0.4140625 0.306640625 0.4208984375 0.3046875 0.4326171875
2 0.2841796875 0.525390625 0.2705078125 0.517578125 0.2392578125 0.515625 0.234375 0.5205078125 0.236328125 0.5537109375 0.2646484375 0.55859375 0.2841796875 0.525390625
2 0.09375 0.5244140625 0.1083984375 0.53125 0.1396484375 0.529296875 0.15625 0.4990234375 0.1552734375 0.484375 0.1298828125 0.462890625 0.1044921875 0.470703125 0.09375 0.4912109375 0.09375 0.5244140625
2 0.2783203125 0.69921875 0.2666015625 0.673828125 0.2431640625 0.662109375 0.2216796875 0.66015625 0.2099609375 0.6640625 0.1953125 0.6806640625 0.19140625 0.7099609375 0.208984375 0.7470703125 0.2236328125 0.7578125 0.2392578125 0.7578125 0.2607421875 0.75390625 0.2734375 0.7431640625 0.2783203125 0.69921875
2 0.5771484375 0.080078125 0.5732421875 0.0625 0.5576171875 0.06640625 0.546875 0.0810546875 0.548828125 0.0947265625 0.5732421875 0.095703125 0.5771484375 0.080078125
2 0.5712890625 0.025390625 0.5595703125 0.01171875 0.5234375 0.0009765625 0.525390625 0.0166015625 0.5419921875 0.0390625 0.5693359375 0.046875 0.5712890625 0.025390625
2 0.873046875 0.1650390625 0.87890625 0.2041015625 0.8857421875 0.21484375 0.9013671875 0.22265625 0.9345703125 0.22265625 0.9560546875 0.21484375 0.9560546875 0.185546875 0.9189453125 0.16015625 0.8837890625 0.158203125 0.873046875 0.1650390625
2 0.453125 0.7705078125 0.4541015625 0.7890625 0.4775390625 0.794921875 0.509765625 0.7900390625 0.5107421875 0.7265625 0.5029296875 0.720703125 0.4931640625 0.72265625 0.470703125 0.7373046875 0.453125 0.7705078125
2 0.591796875 0.5966796875 0.6025390625 0.611328125 0.6416015625 0.625 0.6484375 0.6201171875 0.6494140625 0.609375 0.6376953125 0.587890625 0.5986328125 0.568359375 0.58984375 0.5693359375 0.591796875 0.5966796875
2 0.708984375 0.7783203125 0.7109375 0.8349609375 0.7158203125 0.84375 0.73828125 0.8447265625 0.744140625 0.8291015625 0.759765625 0.8212890625 0.7587890625 0.798828125 0.7548828125 0.791015625 0.7255859375 0.775390625 0.708984375 0.7783203125
2 0.7099609375 0.716796875 0.6845703125 0.68359375 0.669921875 0.6884765625 0.671875 0.7158203125 0.6904296875 0.73828125 0.70703125 0.7373046875 0.7099609375 0.716796875
2 0.7197265625 0.30859375 0.7490234375 0.310546875 0.7529296875 0.298828125 0.7392578125 0.28125 0.7138671875 0.267578125 0.6953125 0.2783203125 0.705078125 0.2978515625 0.7197265625 0.30859375
2 0.7900390625 0.283203125 0.8046875 0.2763671875 0.8037109375 0.267578125 0.7685546875 0.255859375 0.728515625 0.2587890625 0.7412109375 0.275390625 0.7646484375 0.283203125 0.7900390625 0.283203125
2 0.8603515625 0.240234375 0.8544921875 0.23046875 0.8388671875 0.23046875 0.830078125 0.2431640625 0.828125 0.2607421875 0.8583984375 0.259765625 0.8603515625 0.240234375
2 0.9091796875 0.318359375 0.8642578125 0.306640625 0.83984375 0.3115234375 0.8603515625 0.33203125 0.9013671875 0.34375 0.908203125 0.3369140625 0.9091796875 0.318359375
2 0.8896484375 0.302734375 0.9072265625 0.302734375 0.9091796875 0.29296875 0.8876953125 0.2734375 0.8720703125 0.275390625 0.86328125 0.2841796875 0.8662109375 0.29296875 0.8896484375 0.302734375