2 0.8671875 0.9072265625 0.8515625 0.9208984375 0.845703125 0.9423828125 0.8583984375 0.958984375 0.8896484375 0.96484375 0.900390625 0.9521484375 0.900390625 0.9228515625 0.8798828125 0.90625 0.8671875 0.9072265625
2 0.501953125 0.8994140625 0.486328125 0.9091796875 0.48046875 0.9228515625 0.4892578125 0.96484375 0.525390625 0.9423828125 0.533203125 0.9189453125 0.5224609375 0.90234375 0.501953125 0.8994140625
2 0.177734375 0.7763671875 0.1640625 0.7880859375 0.1640625 0.8095703125 0.1767578125 0.826171875 0.1982421875 0.828125 0.212890625 0.8154296875 0.216796875 0.7978515625 0.1982421875 0.77734375 0.177734375 0.7763671875
2 0.107421875 0.8857421875 0.099609375 0.8935546875 0.09765625 0.9091796875 0.1044921875 0.921875 0.1123046875 0.921875 0.123046875 0.9130859375 0.123046875 0.8955078125 0.1181640625 0.88671875 0.107421875 0.8857421875
2 0.421875 0.5517578125 0.412109375 0.5634765625 0.41015625 0.5869140625 0.40234375 0.5986328125 0.3984375 0.6376953125 0.4052734375 0.64453125 0.43359375 0.6416015625 0.439453125 0.6298828125 0.439453125 0.6044921875 0.455078125 0.5830078125 0.453125 0.5654296875 0.4404296875 0.55078125 0.421875 0.5517578125
2 0.736328125 0.6298828125 0.7138671875 0.634765625 0.6923828125 0.630859375 0.6669921875 0.638671875 0.63671875 0.6806640625 0.634765625 0.6943359375 0.6552734375 0.708984375 0.6962890625 0.72265625 0.7099609375 0.73828125 0.7294921875 0.728515625 0.748046875 0.7060546875 0.763671875 0.6669921875 0.751953125 0.6337890625 0.736328125 0.6298828125
2 0.46875 0.2470703125 0.451171875 0.2705078125 0.451171875 0.2919921875 0.4599609375 0.30859375 0.4794921875 0.3125 0.498046875 0.2978515625 0.505859375 0.2744140625 0.4912109375 0.25390625 0.4794921875 0.24609375 0.46875 0.2470703125
2 0.265625 0.2998046875 0.244140625 0.3212890625 0.2421875 0.3486328125 0.2705078125 0.359375 0.2919921875 0.3515625 0.298828125 0.3388671875 0.28515625 0.3134765625 0.265625 0.2998046875
2 0.58203125 0.3896484375 0.568359375 0.4013671875 0.568359375 0.4189453125 0.5771484375 0.431640625 0.6005859375 0.4453125 0.615234375 0.4208984375 0.615234375 0.4072265625 0.6005859375 0.390625 0.58203125 0.3896484375
2 0.6875 0.3896484375 0.6796875 0.4169921875 0.68359375 0.4306640625 0.6962890625 0.43359375 0.712890625 0.4228515625 0.712890625 0.4052734375 0.6982421875 0.390625 0.6875 0.3896484375
2 0.669921875 0.1962890625 0.6455078125 0.201171875 0.640625 0.2177734375 0.6611328125 0.251953125 0.6728515625 0.259765625 0.6962890625 0.259765625 0.70703125 0.2412109375 0.705078125 0.2060546875 0.6962890625 0.197265625 0.669921875 0.1962890625
2 0.791015625 0.0380859375 0.775390625 0.0595703125 0.779296875 0.0751953125 0.7919921875 0.09375 0.8115234375 0.09375 0.830078125 0.0771484375 0.830078125 0.0517578125 0.8154296875 0.0390625 0.791015625 0.0380859375
2 0.416015625 0.0556640625 0.3857421875 0.06640625 0.373046875 0.0869140625 0.373046875 0.0986328125 0.3994140625 0.115234375 0.4208984375 0.115234375 0.431640625 0.0947265625 0.42578125 0.0595703125 0.416015625 0.0556640625
2 0.875 0.3974609375 0.861328125 0.4130859375 0.8603515625 0.43359375 0.8974609375 0.4375 0.912109375 0.4287109375 0.916015625 0.4072265625 0.9111328125 0.40234375 0.875 0.3974609375
2 0.904296875 0.1826171875 0.8896484375 0.185546875 0.876953125 0.2001953125 0.87890625 0.2197265625 0.8916015625 0.232421875 0.9013671875 0.232421875 0.916015625 0.2216796875 0.91796875 0.1982421875 0.9140625 0.1865234375 0.904296875 0.1826171875
2 0.9765625 0.7001953125 0.96484375 0.7158203125 0.966796875 0.7333984375 0.9755859375 0.740234375 0.9990234375 0.740234375 1 0.7041015625 0.9765625 0.7001953125
2 0.5546875 0.6767578125 0.54296875 0.6865234375 0.54296875 0.6962890625 0.548828125 0.7177734375 0.5654296875 0.724609375 0.580078125 0.7021484375 0.578125 0.6826171875 0.5693359375 0.67578125 0.5546875 0.6767578125
2 0.728515625 0.5693359375 0.712890625 0.5927734375 0.712890625 0.6044921875 0.7333984375 0.61328125 0.744140625 0.6083984375 0.75 0.5830078125 0.7353515625 0.568359375 0.728515625 0.5693359375