2 0 0.1572265625 0.0126953125 0.166015625 0.0380859375 0.16796875 0.052734375 0.1591796875 0.0595703125 0.146484375 0.05859375 0.1220703125 0.0498046875 0.111328125 0.0205078125 0.107421875 0 0.1240234375 0 0.1572265625
2 0.017578125 0.2587890625 0.017578125 0.3076171875 0.0322265625 0.318359375 0.0634765625 0.3125 0.078125 0.2958984375 0.0810546875 0.271484375 0.080078125 0.2509765625 0.0693359375 0.236328125 0.0283203125 0.240234375 0.017578125 0.2587890625
2 0.2060546875 0.13671875 0.189453125 0.1513671875 0.19140625 0.1767578125 0.2021484375 0.1875 0.2216796875 0.189453125 0.2412109375 0.169921875 0.23828125 0.1494140625 0.2275390625 0.13671875 0.2060546875 0.13671875
2 0.2763671875 0.12109375 0.26953125 0.1259765625 0.2734375 0.1572265625 0.2802734375 0.166015625 0.3056640625 0.169921875 0.3251953125 0.158203125 0.32421875 0.1376953125 0.3154296875 0.125 0.2763671875 0.12109375
2 0.3330078125 0.2265625 0.3173828125 0.224609375 0.30078125 0.2333984375 0.302734375 0.2568359375 0.3076171875 0.259765625 0.3369140625 0.25 0.3330078125 0.2265625
2 0.2431640625 0.751953125 0.228515625 0.7705078125 0.23828125 0.7958984375 0.2626953125 0.810546875 0.2900390625 0.806640625 0.3017578125 0.7890625 0.298828125 0.7587890625 0.2763671875 0.7421875 0.2431640625 0.751953125
2 0.2470703125 0.455078125 0.236328125 0.4716796875 0.23828125 0.4912109375 0.2509765625 0.5 0.2724609375 0.501953125 0.2861328125 0.484375 0.28515625 0.4619140625 0.2685546875 0.453125 0.2470703125 0.455078125
2 0.1005859375 0.544921875 0.095703125 0.5517578125 0.103515625 0.5732421875 0.1181640625 0.5859375 0.1298828125 0.5859375 0.1416015625 0.5703125 0.142578125 0.5537109375 0.1318359375 0.537109375 0.1005859375 0.544921875
2 0 0.5576171875 0.0302734375 0.580078125 0.0478515625 0.576171875 0.0537109375 0.564453125 0.0546875 0.5400390625 0.0498046875 0.53515625 0.0166015625 0.533203125 0 0.5419921875 0 0.5576171875
2 0.4306640625 0.552734375 0.4033203125 0.548828125 0.38671875 0.5595703125 0.38671875 0.5888671875 0.4013671875 0.60546875 0.4404296875 0.595703125 0.44140625 0.5693359375 0.4306640625 0.552734375
2 0.5537109375 0.720703125 0.53515625 0.7373046875 0.53515625 0.7529296875 0.5498046875 0.7734375 0.5732421875 0.7734375 0.5927734375 0.75 0.5810546875 0.71875 0.5537109375 0.720703125
2 0.94921875 0.7275390625 0.94140625 0.7412109375 0.94140625 0.7568359375 0.9521484375 0.77734375 0.9794921875 0.78515625 0.9931640625 0.76953125 0.994140625 0.7294921875 0.9873046875 0.72265625 0.94921875 0.7275390625
2 0.8720703125 0.568359375 0.8515625 0.5869140625 0.859375 0.6298828125 0.8896484375 0.63671875 0.912109375 0.6201171875 0.9189453125 0.595703125 0.91796875 0.5771484375 0.9091796875 0.56640625 0.8857421875 0.5625 0.8720703125 0.568359375
2 0.822265625 0.4130859375 0.82421875 0.4248046875 0.8427734375 0.447265625 0.8662109375 0.455078125 0.876953125 0.4501953125 0.8916015625 0.41796875 0.890625 0.3935546875 0.8798828125 0.375 0.8583984375 0.375 0.8388671875 0.3828125 0.822265625 0.4130859375
2 0.7568359375 0.236328125 0.7705078125 0.234375 0.779296875 0.2509765625 0.7939453125 0.26171875 0.8173828125 0.26171875 0.8251953125 0.248046875 0.8203125 0.1982421875 0.8076171875 0.185546875 0.7470703125 0.177734375 0.736328125 0.1865234375 0.73046875 0.2021484375 0.7353515625 0.2265625 0.7568359375 0.236328125
2 0.64453125 0.3271484375 0.640625 0.3525390625 0.6572265625 0.37109375 0.6826171875 0.376953125 0.7080078125 0.3671875 0.7236328125 0.345703125 0.716796875 0.3310546875 0.6923828125 0.310546875 0.6728515625 0.30859375 0.64453125 0.3271484375
2 0.95703125 0.1357421875 0.9306640625 0.126953125 0.921875 0.1416015625 0.923828125 0.1552734375 0.9365234375 0.1640625 0.9599609375 0.16015625 0.95703125 0.1357421875
2 0.9267578125 0.109375 0.90625 0.1201171875 0.90625 0.1337890625 0.919921875 0.1435546875 0.9267578125 0.16015625 0.9599609375 0.162109375 0.9609375 0.1455078125 0.9521484375 0.12890625 0.9365234375 0.123046875 0.9267578125 0.109375
2 0.4345703125 0.66015625 0.4130859375 0.65234375 0.400390625 0.6572265625 0.4208984375 0.6875 0.4423828125 0.689453125 0.4560546875 0.6796875 0.4560546875 0.671875 0.4345703125 0.66015625
2 0.43359375 0.8935546875 0.4404296875 0.900390625 0.4580078125 0.904296875 0.4580078125 0.91015625 0.4736328125 0.91015625 0.4892578125 0.890625 0.490234375 0.8701171875 0.4775390625 0.853515625 0.4443359375 0.85546875 0.431640625 0.8642578125 0.427734375 0.8857421875 0.4375 0.8896484375 0.43359375 0.8935546875