2 0.1376953125 0.65234375 0.126953125 0.6708984375 0.125 0.6826171875 0.1396484375 0.703125 0.1611328125 0.69921875 0.171875 0.6865234375 0.171875 0.6708984375 0.162109375 0.6513671875 0.1376953125 0.65234375
2 0.4619140625 0.69140625 0.4453125 0.7080078125 0.45703125 0.7294921875 0.4560546875 0.748046875 0.4833984375 0.736328125 0.490234375 0.7236328125 0.4921875 0.7099609375 0.4765625 0.6923828125 0.4619140625 0.69140625
2 0.6650390625 0.943359375 0.65234375 0.9541015625 0.6484375 0.9814453125 0.6630859375 0.99609375 0.6845703125 0.99609375 0.697265625 0.9814453125 0.697265625 0.9580078125 0.685546875 0.9423828125 0.6650390625 0.943359375
2 0.611328125 0.9150390625 0.6171875 0.9404296875 0.6298828125 0.951171875 0.65625 0.9384765625 0.6640625 0.9169921875 0.6611328125 0.900390625 0.6416015625 0.90234375 0.6328125 0.8955078125 0.6201171875 0.8984375 0.611328125 0.9150390625
2 0.576171875 0.8583984375 0.552734375 0.8291015625 0.533203125 0.8408203125 0.529296875 0.8544921875 0.5458984375 0.876953125 0.5615234375 0.876953125 0.576171875 0.8583984375
2 0.833984375 0.7216796875 0.8544921875 0.736328125 0.9267578125 0.728515625 0.931640625 0.7236328125 0.931640625 0.7021484375 0.9091796875 0.69140625 0.9013671875 0.673828125 0.876953125 0.6728515625 0.8583984375 0.67578125 0.845703125 0.6865234375 0.833984375 0.7216796875
2 0.921875 0.9990234375 0.9130859375 0.982421875 0.900390625 0.9794921875 0.8798828125 0.978515625 0.869140625 0.9990234375 0.921875 0.9990234375
2 0.681640625 0.4970703125 0.68359375 0.5087890625 0.7138671875 0.521484375 0.7373046875 0.517578125 0.744140625 0.5087890625 0.744140625 0.4931640625 0.7353515625 0.4765625 0.724609375 0.4736328125 0.6962890625 0.478515625 0.681640625 0.4970703125
2 0.6748046875 0.130859375 0.654296875 0.1494140625 0.658203125 0.1728515625 0.6845703125 0.19140625 0.6962890625 0.189453125 0.716796875 0.1650390625 0.71484375 0.1474609375 0.69140625 0.1318359375 0.6748046875 0.130859375
2 0.484375 0.2666015625 0.474609375 0.2958984375 0.4990234375 0.318359375 0.5185546875 0.322265625 0.53125 0.3017578125 0.529296875 0.2802734375 0.5146484375 0.265625 0.498046875 0.2626953125 0.484375 0.2666015625
2 0.427734375 0.1748046875 0.4482421875 0.1953125 0.4736328125 0.19921875 0.482421875 0.1923828125 0.486328125 0.1748046875 0.4765625 0.1494140625 0.46484375 0.1396484375 0.46484375 0.1279296875 0.447265625 0.1318359375 0.447265625 0.1416015625 0.4296875 0.1591796875 0.427734375 0.1748046875
2 0.9140625 0.3056640625 0.916015625 0.3388671875 0.9599609375 0.35546875 0.9814453125 0.349609375 0.99609375 0.3271484375 0.994140625 0.3115234375 0.9716796875 0.29296875 0.93359375 0.2783203125 0.92578125 0.2802734375 0.9140625 0.3056640625
2 0.7412109375 0.03125 0.7607421875 0.021484375 0.7734375 0.0009765625 0.7177734375 0 0.71484375 0.0224609375 0.7412109375 0.03125
2 0.23828125 0.0791015625 0.2109375 0.0712890625 0.19140625 0.0888671875 0.193359375 0.1083984375 0.2099609375 0.1171875 0.2333984375 0.115234375 0.23828125 0.0791015625
2 0.1298828125 0.181640625 0.123046875 0.1884765625 0.123046875 0.2236328125 0.1435546875 0.240234375 0.1630859375 0.236328125 0.173828125 0.2236328125 0.17578125 0.2060546875 0.166015625 0.1748046875 0.1298828125 0.181640625
2 0.2666015625 0.232421875 0.2578125 0.2431640625 0.263671875 0.2685546875 0.2802734375 0.279296875 0.2939453125 0.27734375 0.3046875 0.2646484375 0.298828125 0.2353515625 0.287109375 0.2294921875 0.2666015625 0.232421875
2 0.0185546875 0.427734375 0.001953125 0.4404296875 0.00390625 0.4658203125 0.0283203125 0.4921875 0.037109375 0.4912109375 0.056640625 0.4638671875 0.056640625 0.4482421875 0.037109375 0.4287109375 0.0185546875 0.427734375
2 0.384765625 0.5751953125 0.36328125 0.6005859375 0.3671875 0.6220703125 0.3779296875 0.6328125 0.3896484375 0.62890625 0.3984375 0.6162109375 0.396484375 0.5830078125 0.384765625 0.5751953125
2 0.2783203125 0.54296875 0.263671875 0.5517578125 0.2578125 0.5810546875 0.2724609375 0.59765625 0.2919921875 0.603515625 0.310546875 0.5888671875 0.314453125 0.5595703125 0.30078125 0.5439453125 0.2783203125 0.54296875
2 0.392578125 0.3876953125 0.353515625 0.4208984375 0.359375 0.4404296875 0.3701171875 0.44921875 0.3857421875 0.451171875 0.40234375 0.4384765625 0.41015625 0.4052734375 0.392578125 0.3876953125