2 0.138671875 0.8837890625 0.1162109375 0.873046875 0.0908203125 0.8828125 0.08203125 0.8974609375 0.083984375 0.9248046875 0.109375 0.9365234375 0.1337890625 0.93359375 0.14453125 0.9150390625 0.138671875 0.8837890625
2 0.2333984375 0.96484375 0.1923828125 0.958984375 0.173828125 0.9677734375 0.166015625 0.9990234375 0.2392578125 1 0.24609375 0.9892578125 0.2333984375 0.96484375
2 0.4462890625 0.966796875 0.4267578125 0.966796875 0.40625 0.9814453125 0.40234375 0.9990234375 0.4658203125 1 0.46875 0.9833984375 0.4462890625 0.966796875
2 0.6005859375 0.890625 0.5888671875 0.892578125 0.572265625 0.9150390625 0.572265625 0.9287109375 0.583984375 0.9306640625 0.60546875 0.9208984375 0.609375 0.9072265625 0.6005859375 0.890625
2 0.6669921875 0.9765625 0.646484375 0.9990234375 0.705078125 0.9970703125 0.6904296875 0.978515625 0.6669921875 0.9765625
2 0.91796875 0.9521484375 0.9033203125 0.9375 0.8759765625 0.935546875 0.86328125 0.9482421875 0.859375 0.9697265625 0.875 0.9990234375 0.8935546875 1 0.91796875 0.9716796875 0.91796875 0.9521484375
2 0.98046875 0.7373046875 0.9560546875 0.720703125 0.9404296875 0.724609375 0.9140625 0.7509765625 0.916015625 0.7802734375 0.935546875 0.7998046875 0.9736328125 0.794921875 0.9921875 0.7685546875 0.98046875 0.7373046875
2 0.79296875 0.7197265625 0.7822265625 0.697265625 0.7568359375 0.693359375 0.734375 0.7041015625 0.728515625 0.7138671875 0.728515625 0.7373046875 0.7333984375 0.748046875 0.744140625 0.7509765625 0.7705078125 0.75 0.78515625 0.7373046875 0.79296875 0.7197265625
2 0.689453125 0.6220703125 0.689453125 0.6044921875 0.6708984375 0.583984375 0.6435546875 0.587890625 0.623046875 0.6044921875 0.62109375 0.6318359375 0.640625 0.6455078125 0.6669921875 0.64453125 0.68359375 0.6337890625 0.689453125 0.6220703125
2 0.66015625 0.4833984375 0.6396484375 0.46484375 0.6201171875 0.46484375 0.6015625 0.4814453125 0.59765625 0.4951171875 0.59765625 0.5126953125 0.625 0.5283203125 0.6474609375 0.525390625 0.66015625 0.5029296875 0.66015625 0.4833984375
2 0.4638671875 0.482421875 0.4404296875 0.482421875 0.4248046875 0.474609375 0.416015625 0.4853515625 0.408203125 0.5185546875 0.419921875 0.5400390625 0.4462890625 0.5390625 0.466796875 0.5224609375 0.4638671875 0.482421875
2 0.2158203125 0.318359375 0.1923828125 0.3125 0.166015625 0.3232421875 0.162109375 0.3642578125 0.1767578125 0.376953125 0.1953125 0.3818359375 0.21484375 0.3701171875 0.228515625 0.3427734375 0.2158203125 0.318359375
2 0.33984375 0.5029296875 0.3154296875 0.482421875 0.3046875 0.4853515625 0.296875 0.5087890625 0.310546875 0.5205078125 0.3251953125 0.521484375 0.33984375 0.5107421875 0.33984375 0.5029296875
2 0.646484375 0.1005859375 0.6240234375 0.078125 0.6025390625 0.080078125 0.576171875 0.1005859375 0.57421875 0.1162109375 0.58984375 0.1455078125 0.6240234375 0.14453125 0.642578125 0.1240234375 0.646484375 0.1005859375
2 0.884765625 0.0634765625 0.8740234375 0.052734375 0.8369140625 0.048828125 0.80859375 0.0673828125 0.814453125 0.0908203125 0.830078125 0.1083984375 0.8525390625 0.109375 0.880859375 0.0869140625 0.884765625 0.0634765625
2 0.681640625 0.1630859375 0.6748046875 0.15625 0.6630859375 0.154296875 0.658203125 0.1591796875 0.650390625 0.1708984375 0.654296875 0.1845703125 0.6650390625 0.185546875 0.6796875 0.1708984375 0.681640625 0.1630859375
2 0.8310546875 0.23828125 0.8056640625 0.23828125 0.79296875 0.2529296875 0.794921875 0.2666015625 0.8173828125 0.265625 0.8359375 0.2431640625 0.8310546875 0.23828125