2 0.3974609375 1 0.40234375 0.9931640625 0.400390625 0.9697265625 0.376953125 0.9560546875 0.3623046875 0.95703125 0.34765625 0.9697265625 0.34375 0.9912109375 0.3505859375 1 0.3974609375 1
2 0.7216796875 0.767578125 0.712890625 0.7802734375 0.71484375 0.8134765625 0.7373046875 0.8359375 0.7607421875 0.83203125 0.779296875 0.8017578125 0.7685546875 0.779296875 0.744140625 0.7666015625 0.7216796875 0.767578125
2 0.8515625 0.6611328125 0.8515625 0.6923828125 0.8603515625 0.7109375 0.8896484375 0.712890625 0.904296875 0.7060546875 0.91015625 0.6865234375 0.908203125 0.6630859375 0.900390625 0.6513671875 0.8720703125 0.650390625 0.8515625 0.6611328125
2 0.59765625 0.6787109375 0.587890625 0.7158203125 0.6005859375 0.736328125 0.6162109375 0.7421875 0.625 0.7275390625 0.625 0.7099609375 0.619140625 0.6865234375 0.60546875 0.6767578125 0.59765625 0.6787109375
2 0.5380859375 0.556640625 0.537109375 0.5615234375 0.5419921875 0.564453125 0.546875 0.5576171875 0.5380859375 0.556640625
2 0.57421875 0.5302734375 0.5625 0.5185546875 0.53515625 0.5322265625 0.53515625 0.5654296875 0.5478515625 0.58203125 0.55859375 0.5771484375 0.57421875 0.5302734375
2 0.337890625 0.2158203125 0.333984375 0.2509765625 0.3505859375 0.265625 0.3779296875 0.267578125 0.390625 0.2607421875 0.390625 0.2236328125 0.3837890625 0.212890625 0.365234375 0.2099609375 0.337890625 0.2158203125
2 0.6875 0.1650390625 0.7001953125 0.177734375 0.7333984375 0.169921875 0.751953125 0.1513671875 0.751953125 0.1357421875 0.734375 0.0966796875 0.7275390625 0.08984375 0.712890625 0.0888671875 0.69921875 0.0908203125 0.68359375 0.1494140625 0.6875 0.1650390625
2 0.90625 0.2724609375 0.890625 0.2568359375 0.876953125 0.2607421875 0.875 0.2841796875 0.8818359375 0.294921875 0.8955078125 0.296875 0.90625 0.2724609375
2 0.3740234375 0.896484375 0.345703125 0.8896484375 0.328125 0.8916015625 0.3330078125 0.91015625 0.3623046875 0.9140625 0.37890625 0.9091796875 0.3740234375 0.896484375
2 0.7607421875 0.40625 0.7578125 0.4208984375 0.7900390625 0.462890625 0.8232421875 0.47265625 0.837890625 0.4521484375 0.841796875 0.4228515625 0.83203125 0.4013671875 0.818359375 0.3896484375 0.8076171875 0.388671875 0.7607421875 0.40625