2 0.611328125 0.9306640625 0.6005859375 0.9296875 0.587890625 0.9404296875 0.583984375 0.9521484375 0.5888671875 0.958984375 0.6103515625 0.958984375 0.615234375 0.9541015625 0.611328125 0.9306640625
2 0.73046875 0.9248046875 0.67578125 0.9326171875 0.66796875 0.9560546875 0.6826171875 0.986328125 0.7099609375 0.9921875 0.732421875 0.9697265625 0.740234375 0.9462890625 0.73046875 0.9248046875
2 0.640625 0.8447265625 0.625 0.8466796875 0.625 0.8603515625 0.6474609375 0.880859375 0.66015625 0.8564453125 0.654296875 0.8544921875 0.6552734375 0.845703125 0.640625 0.8447265625
2 0.642578125 0.6279296875 0.6279296875 0.630859375 0.623046875 0.6416015625 0.623046875 0.6533203125 0.6357421875 0.66015625 0.6474609375 0.658203125 0.65625 0.6435546875 0.642578125 0.6279296875
2 0.6435546875 0.625 0.6611328125 0.62890625 0.666015625 0.6240234375 0.673828125 0.5869140625 0.642578125 0.6083984375 0.6435546875 0.625
2 0.76953125 0.1826171875 0.74609375 0.1865234375 0.744140625 0.2099609375 0.7490234375 0.21484375 0.7646484375 0.212890625 0.78125 0.1982421875 0.783203125 0.1884765625 0.76953125 0.1826171875
2 0.6640625 0.3154296875 0.658203125 0.2958984375 0.642578125 0.2919921875 0.6123046875 0.29296875 0.60546875 0.3173828125 0.623046875 0.3525390625 0.6376953125 0.3671875 0.6494140625 0.3671875 0.666015625 0.3505859375 0.6640625 0.3154296875
2 0.830078125 0.2978515625 0.822265625 0.2861328125 0.7978515625 0.28515625 0.783203125 0.2939453125 0.7734375 0.3427734375 0.7939453125 0.357421875 0.8271484375 0.35546875 0.837890625 0.3427734375 0.830078125 0.2978515625
2 0.888671875 0.4033203125 0.861328125 0.3916015625 0.8505859375 0.392578125 0.83984375 0.4033203125 0.83984375 0.4326171875 0.8486328125 0.44140625 0.8896484375 0.44140625 0.896484375 0.4248046875 0.888671875 0.4033203125
2 0.201171875 0.1240234375 0.189453125 0.1083984375 0.1630859375 0.109375 0.13671875 0.1298828125 0.13671875 0.1435546875 0.1533203125 0.16796875 0.1748046875 0.169921875 0.201171875 0.1552734375 0.201171875 0.1240234375
2 0.654296875 0.0810546875 0.642578125 0.0771484375 0.6181640625 0.076171875 0.6015625 0.0830078125 0.591796875 0.1064453125 0.5966796875 0.146484375 0.66015625 0.1376953125 0.66796875 0.1220703125 0.654296875 0.0810546875
2 0.93359375 0.0888671875 0.904296875 0.1005859375 0.90625 0.1357421875 0.9189453125 0.150390625 0.9482421875 0.1484375 0.9609375 0.1279296875 0.953125 0.0966796875 0.93359375 0.0888671875
2 0.478515625 0.2529296875 0.4541015625 0.25390625 0.4384765625 0.26171875 0.4296875 0.2744140625 0.4443359375 0.2890625 0.4755859375 0.279296875 0.48828125 0.2646484375 0.478515625 0.2529296875
2 0.5390625 0.2607421875 0.53125 0.2626953125 0.533203125 0.2822265625 0.5439453125 0.296875 0.5537109375 0.296875 0.56640625 0.2724609375 0.5576171875 0.263671875 0.5390625 0.2607421875
2 0.1171875 0.7646484375 0.109375 0.7607421875 0.076171875 0.7646484375 0.06640625 0.7822265625 0.06640625 0.7998046875 0.0771484375 0.8125 0.1044921875 0.814453125 0.12109375 0.8017578125 0.1171875 0.7646484375
2 0.8193359375 0.732421875 0.8369140625 0.744140625 0.8779296875 0.736328125 0.89453125 0.7197265625 0.890625 0.6767578125 0.8701171875 0.662109375 0.8515625 0.6572265625 0.8232421875 0.66015625 0.791015625 0.6806640625 0.79296875 0.7041015625 0.8154296875 0.7421875 0.822265625 0.7412109375 0.814453125 0.7373046875 0.8193359375 0.732421875