2 0.154296875 0.0537109375 0.1044921875 0.04296875 0.091796875 0.0478515625 0.0927734375 0.0703125 0.125 0.0712890625 0.1474609375 0.0703125 0.154296875 0.0537109375
2 0.212890625 0.1279296875 0.234375 0.1025390625 0.228515625 0.0927734375 0.23046875 0.0771484375 0.2197265625 0.0625 0.2099609375 0.064453125 0.19140625 0.0869140625 0.1953125 0.1162109375 0.212890625 0.1279296875
2 0.228515625 0.1982421875 0.2138671875 0.18359375 0.15625 0.2041015625 0.1650390625 0.220703125 0.232421875 0.2197265625 0.236328125 0.2138671875 0.228515625 0.1982421875
2 0.3095703125 0.267578125 0.34375 0.2685546875 0.384765625 0.2255859375 0.3642578125 0.201171875 0.3486328125 0.19921875 0.3291015625 0.208984375 0.32421875 0.2275390625 0.3046875 0.2470703125 0.302734375 0.2587890625 0.3095703125 0.267578125
2 0.357421875 0.3642578125 0.357421875 0.3408203125 0.3466796875 0.32421875 0.3310546875 0.322265625 0.326171875 0.3330078125 0.33203125 0.3740234375 0.34375 0.3779296875 0.357421875 0.3642578125
2 0.115234375 0.4150390625 0.115234375 0.3857421875 0.1103515625 0.37890625 0.0810546875 0.3828125 0.076171875 0.3935546875 0.0859375 0.4267578125 0.1015625 0.4306640625 0.115234375 0.4150390625
2 0.083984375 0.6279296875 0.1015625 0.6318359375 0.12109375 0.6201171875 0.123046875 0.6025390625 0.1005859375 0.578125 0.0849609375 0.572265625 0.072265625 0.5830078125 0.068359375 0.5966796875 0.083984375 0.6044921875 0.083984375 0.6279296875
2 0.548828125 0.7548828125 0.5400390625 0.734375 0.5185546875 0.720703125 0.498046875 0.7236328125 0.5087890625 0.75 0.5283203125 0.76171875 0.544921875 0.7626953125 0.548828125 0.7548828125
2 0.705078125 0.2783203125 0.69921875 0.2529296875 0.6650390625 0.224609375 0.6533203125 0.2265625 0.646484375 0.2529296875 0.6787109375 0.28125 0.6953125 0.2841796875 0.705078125 0.2783203125
2 1 0.1982421875 0.9599609375 0.205078125 0.951171875 0.2119140625 0.951171875 0.2470703125 0.9580078125 0.25390625 0.9716796875 0.25390625 0.9853515625 0.26953125 1 0.2724609375 1 0.1982421875
2 1 0.5029296875 0.9931640625 0.501953125 0.9716796875 0.509765625 0.962890625 0.5205078125 0.970703125 0.5263671875 0.96484375 0.5380859375 0.974609375 0.5595703125 0.9716796875 0.56640625 0.9609375 0.5673828125 0.9873046875 0.595703125 1 0.5966796875 1 0.5029296875
2 0.80859375 0.7939453125 0.806640625 0.7783203125 0.7998046875 0.767578125 0.7880859375 0.767578125 0.783203125 0.7744140625 0.78515625 0.7939453125 0.798828125 0.7998046875 0.80859375 0.7939453125
2 0.71484375 0.8857421875 0.7021484375 0.87890625 0.693359375 0.8837890625 0.693359375 0.8974609375 0.70703125 0.9033203125 0.71484375 0.8974609375 0.71484375 0.8857421875
2 0.41796875 0.9111328125 0.4140625 0.8837890625 0.3974609375 0.86328125 0.3837890625 0.861328125 0.376953125 0.8818359375 0.392578125 0.9189453125 0.40625 0.9248046875 0.41796875 0.9111328125
2 0.4296875 0.8720703125 0.4580078125 0.892578125 0.46875 0.8916015625 0.474609375 0.8623046875 0.46484375 0.8447265625 0.4345703125 0.81640625 0.4169921875 0.818359375 0.412109375 0.8310546875 0.419921875 0.8388671875 0.419921875 0.8544921875 0.4296875 0.8720703125
2 0.291015625 0.7197265625 0.30078125 0.7119140625 0.298828125 0.6982421875 0.279296875 0.6708984375 0.2666015625 0.6640625 0.2578125 0.6728515625 0.26171875 0.6904296875 0.279296875 0.7177734375 0.291015625 0.7197265625