2 0.5234375 0.0556640625 0.5087890625 0.037109375 0.48828125 0.0458984375 0.486328125 0.0634765625 0.498046875 0.0751953125 0.5166015625 0.076171875 0.5234375 0.0673828125 0.5234375 0.0556640625
2 0.7822265625 0.267578125 0.7353515625 0.26171875 0.73046875 0.2685546875 0.734375 0.2978515625 0.779296875 0.3173828125 0.796875 0.3115234375 0.796875 0.2802734375 0.7822265625 0.267578125
2 0.6767578125 0.427734375 0.6357421875 0.42578125 0.626953125 0.4306640625 0.6318359375 0.447265625 0.65625 0.4560546875 0.6796875 0.4501953125 0.681640625 0.4326171875 0.6767578125 0.427734375
2 0.7060546875 0.427734375 0.69140625 0.4306640625 0.69140625 0.4619140625 0.7099609375 0.458984375 0.716796875 0.4482421875 0.7060546875 0.427734375
2 0.7958984375 0.396484375 0.8125 0.3896484375 0.810546875 0.3662109375 0.8037109375 0.36328125 0.7666015625 0.39453125 0.7353515625 0.400390625 0.73046875 0.4072265625 0.734375 0.4267578125 0.7685546875 0.416015625 0.7763671875 0.419921875 0.7958984375 0.396484375
2 0.5400390625 0.2734375 0.533203125 0.2802734375 0.533203125 0.2900390625 0.546875 0.2978515625 0.56640625 0.2861328125 0.5615234375 0.2734375 0.5400390625 0.2734375
2 0.3720703125 0.376953125 0.34375 0.4013671875 0.353515625 0.4111328125 0.4013671875 0.3984375 0.40625 0.3759765625 0.3720703125 0.376953125
2 0.244140625 0.3603515625 0.2353515625 0.353515625 0.2119140625 0.357421875 0.203125 0.3662109375 0.203125 0.3779296875 0.21484375 0.3837890625 0.2373046875 0.37890625 0.24609375 0.3681640625 0.244140625 0.3603515625
2 0.19140625 0.3291015625 0.1845703125 0.314453125 0.1708984375 0.310546875 0.154296875 0.3212890625 0.154296875 0.3291015625 0.16796875 0.3388671875 0.169921875 0.3525390625 0.181640625 0.3583984375 0.1982421875 0.357421875 0.2109375 0.3447265625 0.19140625 0.3291015625
2 0.150390625 0.2373046875 0.1279296875 0.23828125 0.12890625 0.2568359375 0.150390625 0.2705078125 0.1572265625 0.271484375 0.16015625 0.2646484375 0.150390625 0.2373046875
2 0.0439453125 0.115234375 0.0224609375 0.1171875 0.01953125 0.1240234375 0.029296875 0.1396484375 0.0517578125 0.13671875 0.052734375 0.1220703125 0.0439453125 0.115234375
2 0.333984375 0.0732421875 0.3154296875 0.052734375 0.2666015625 0.052734375 0.2470703125 0.064453125 0.2265625 0.0908203125 0.228515625 0.1337890625 0.2568359375 0.16015625 0.26953125 0.1630859375 0.3095703125 0.16015625 0.33203125 0.1435546875 0.333984375 0.0732421875
2 0.7412109375 0.60546875 0.734375 0.6201171875 0.748046875 0.6318359375 0.7666015625 0.62890625 0.76953125 0.6142578125 0.7412109375 0.60546875
2 0.6591796875 0.529296875 0.6474609375 0.525390625 0.63671875 0.5419921875 0.654296875 0.5615234375 0.666015625 0.5576171875 0.666015625 0.5439453125 0.6591796875 0.529296875
2 0.3564453125 0.54296875 0.3466796875 0.544921875 0.333984375 0.5595703125 0.333984375 0.5693359375 0.34375 0.5771484375 0.3544921875 0.576171875 0.361328125 0.5673828125 0.3564453125 0.54296875
2 0.0908203125 0.84765625 0.0849609375 0.83984375 0.06640625 0.8447265625 0.0712890625 0.857421875 0.111328125 0.8701171875 0.119140625 0.8681640625 0.1123046875 0.8515625 0.0908203125 0.84765625
2 0.8662109375 0.869140625 0.8408203125 0.8671875 0.82421875 0.8837890625 0.83203125 0.8955078125 0.8701171875 0.890625 0.875 0.8759765625 0.8662109375 0.869140625
2 0.2626953125 0.978515625 0.255859375 0.9853515625 0.255859375 0.9990234375 0.287109375 0.9970703125 0.2802734375 0.986328125 0.2626953125 0.978515625
2 0.322265625 0.5302734375 0.2861328125 0.521484375 0.2275390625 0.529296875 0.2265625 0.5380859375 0.248046875 0.5576171875 0.2958984375 0.556640625 0.3203125 0.5380859375 0.322265625 0.5302734375
2 0.2001953125 0.453125 0.1884765625 0.453125 0.181640625 0.4619140625 0.18359375 0.4755859375 0.1953125 0.4814453125 0.2109375 0.4755859375 0.2109375 0.4658203125 0.2001953125 0.453125