2 0.29296875 0.2490234375 0.294921875 0.2177734375 0.2724609375 0.19140625 0.2607421875 0.1875 0.2333984375 0.1875 0.2099609375 0.203125 0.224609375 0.2333984375 0.228515625 0.2763671875 0.2392578125 0.28515625 0.2646484375 0.28515625 0.26953125 0.2685546875 0.29296875 0.2490234375
2 0.1123046875 0.1171875 0.123046875 0.1083984375 0.1142578125 0.087890625 0.0810546875 0.0703125 0.0654296875 0.072265625 0.0556640625 0.08984375 0.0546875 0.1025390625 0.0791015625 0.119140625 0.1123046875 0.1171875
2 0.0439453125 0.59375 0.0634765625 0.591796875 0.0830078125 0.564453125 0.103515625 0.5517578125 0.0869140625 0.521484375 0.0263671875 0.5390625 0.025390625 0.5537109375 0.0390625 0.5634765625 0.037109375 0.5869140625 0.0439453125 0.59375
2 0.3369140625 0.837890625 0.35546875 0.8154296875 0.3515625 0.7958984375 0.3232421875 0.7734375 0.3037109375 0.775390625 0.2939453125 0.796875 0.29296875 0.8193359375 0.3076171875 0.8359375 0.3369140625 0.837890625
2 0.3134765625 0.759765625 0.3642578125 0.765625 0.376953125 0.7607421875 0.3720703125 0.734375 0.3212890625 0.72265625 0.2978515625 0.732421875 0.30078125 0.7509765625 0.3134765625 0.759765625
2 0.3642578125 0.67578125 0.37109375 0.6669921875 0.37109375 0.6552734375 0.3544921875 0.6328125 0.3388671875 0.6328125 0.3291015625 0.6484375 0.328125 0.6611328125 0.3408203125 0.677734375 0.3642578125 0.67578125
2 0.2978515625 0.9140625 0.306640625 0.9072265625 0.30859375 0.8876953125 0.2998046875 0.873046875 0.2861328125 0.875 0.2763671875 0.888671875 0.275390625 0.9033203125 0.2822265625 0.912109375 0.2978515625 0.9140625
2 0.2001953125 0.8671875 0.224609375 0.8662109375 0.224609375 0.8525390625 0.2119140625 0.83984375 0.2001953125 0.837890625 0.1923828125 0.845703125 0.19140625 0.8603515625 0.2001953125 0.8671875
2 0.0908203125 0.884765625 0.115234375 0.8798828125 0.119140625 0.8603515625 0.1044921875 0.830078125 0.0771484375 0.82421875 0.0673828125 0.837890625 0.068359375 0.8525390625 0.08203125 0.8642578125 0.0908203125 0.884765625
2 0.4521484375 0.904296875 0.466796875 0.8955078125 0.46484375 0.8837890625 0.4482421875 0.873046875 0.439453125 0.8759765625 0.4365234375 0.888671875 0.4404296875 0.900390625 0.4521484375 0.904296875
2 0.5458984375 0.701171875 0.5546875 0.6904296875 0.5546875 0.6748046875 0.5478515625 0.666015625 0.5244140625 0.666015625 0.5146484375 0.6796875 0.5244140625 0.701171875 0.5458984375 0.701171875
2 0.5185546875 0.537109375 0.533203125 0.5185546875 0.529296875 0.4931640625 0.5126953125 0.4765625 0.5048828125 0.4765625 0.4814453125 0.5 0.48046875 0.5068359375 0.5068359375 0.5390625 0.5185546875 0.537109375
2 0.537109375 0.3349609375 0.5185546875 0.322265625 0.5087890625 0.326171875 0.49609375 0.3505859375 0.482421875 0.3623046875 0.4775390625 0.380859375 0.4853515625 0.390625 0.5166015625 0.37890625 0.537109375 0.3544921875 0.537109375 0.3349609375
2 0.826171875 0.4013671875 0.83203125 0.3759765625 0.8212890625 0.361328125 0.794921875 0.3623046875 0.796875 0.3974609375 0.7919921875 0.400390625 0.791015625 0.4072265625 0.7998046875 0.41015625 0.826171875 0.4013671875
2 0.7373046875 0.3125 0.759765625 0.2900390625 0.759765625 0.2724609375 0.7431640625 0.265625 0.7255859375 0.267578125 0.7119140625 0.2890625 0.7138671875 0.30859375 0.7373046875 0.3125
2 0.5947265625 0.166015625 0.59765625 0.1416015625 0.578125 0.1201171875 0.5703125 0.0888671875 0.5595703125 0.0859375 0.5556640625 0.091796875 0.55859375 0.1279296875 0.572265625 0.1591796875 0.5947265625 0.166015625
2 0.7607421875 0.892578125 0.78515625 0.8779296875 0.787109375 0.8603515625 0.7802734375 0.8515625 0.7587890625 0.84765625 0.7236328125 0.876953125 0.72265625 0.8876953125 0.7353515625 0.896484375 0.7607421875 0.892578125
2 0.6669921875 0.978515625 0.6708984375 1 0.703125 0.9990234375 0.7021484375 0.97265625 0.6826171875 0.96875 0.6669921875 0.978515625
2 0.6201171875 0.986328125 0.6201171875 1 0.64453125 0.9990234375 0.6376953125 0.958984375 0.626953125 0.9658203125 0.6201171875 0.986328125
2 0.5458984375 0.814453125 0.5595703125 0.814453125 0.57421875 0.7998046875 0.56640625 0.7802734375 0.5498046875 0.767578125 0.5322265625 0.783203125 0.5458984375 0.814453125
2 0.7392578125 0.119140625 0.7509765625 0.1171875 0.751953125 0.0810546875 0.732421875 0.0400390625 0.7216796875 0.029296875 0.7080078125 0.0390625 0.70703125 0.0654296875 0.72265625 0.0986328125 0.7392578125 0.119140625
2 0.6689453125 0.158203125 0.6806640625 0.158203125 0.689453125 0.1474609375 0.68359375 0.1181640625 0.6669921875 0.099609375 0.6494140625 0.109375 0.650390625 0.1376953125 0.6689453125 0.158203125
2 0.2021484375 0.6640625 0.20703125 0.6552734375 0.203125 0.6259765625 0.1982421875 0.62109375 0.1865234375 0.623046875 0.1689453125 0.646484375 0.1708984375 0.66796875 0.1865234375 0.671875 0.2021484375 0.6640625
2 0.1474609375 0.71484375 0.1611328125 0.71484375 0.189453125 0.6787109375 0.1826171875 0.673828125 0.1552734375 0.67578125 0.1416015625 0.689453125 0.140625 0.7080078125 0.1474609375 0.71484375
2 0.1435546875 0.68359375 0.154296875 0.6689453125 0.154296875 0.6572265625 0.1279296875 0.6484375 0.1201171875 0.63671875 0.1064453125 0.640625 0.1171875 0.6787109375 0.1435546875 0.68359375