2 0.3828125 0.8623046875 0.3828125 0.8994140625 0.392578125 0.9208984375 0.4033203125 0.927734375 0.41796875 0.9130859375 0.416015625 0.8916015625 0.3994140625 0.865234375 0.3828125 0.8623046875
2 0.47265625 0.8583984375 0.4462890625 0.828125 0.421875 0.8193359375 0.40625 0.8271484375 0.412109375 0.8583984375 0.4326171875 0.880859375 0.4658203125 0.892578125 0.474609375 0.8798828125 0.47265625 0.8583984375
2 0.298828125 0.7001953125 0.275390625 0.6669921875 0.267578125 0.6650390625 0.2578125 0.6728515625 0.26171875 0.6923828125 0.27734375 0.7177734375 0.2900390625 0.72265625 0.30078125 0.7138671875 0.298828125 0.7001953125
2 0.0927734375 0.63671875 0.1044921875 0.634765625 0.119140625 0.6240234375 0.130859375 0.6025390625 0.1103515625 0.59375 0.1005859375 0.580078125 0.080078125 0.5771484375 0.068359375 0.5986328125 0.08203125 0.6064453125 0.083984375 0.6298828125 0.0927734375 0.63671875
2 0.01171875 0.5927734375 0.0361328125 0.58984375 0.041015625 0.5673828125 0.0361328125 0.5625 0.015625 0.5634765625 0.00390625 0.5771484375 0.01171875 0.5927734375
2 0.08984375 0.4033203125 0.08203125 0.4150390625 0.0908203125 0.4296875 0.1005859375 0.431640625 0.111328125 0.4208984375 0.111328125 0.4111328125 0.1044921875 0.404296875 0.08984375 0.4033203125
2 0.34765625 0.2568359375 0.3408203125 0.248046875 0.33203125 0.2490234375 0.3076171875 0.259765625 0.306640625 0.2666015625 0.3154296875 0.2734375 0.3427734375 0.2734375 0.349609375 0.2646484375 0.34765625 0.2568359375
2 0.38671875 0.2490234375 0.38671875 0.2294921875 0.3759765625 0.2109375 0.3603515625 0.203125 0.337890625 0.2041015625 0.298828125 0.2490234375 0.298828125 0.2607421875 0.3115234375 0.2734375 0.3466796875 0.2734375 0.38671875 0.2490234375
2 0.337890625 0.3271484375 0.328125 0.3349609375 0.33203125 0.3740234375 0.3427734375 0.380859375 0.35546875 0.3662109375 0.357421875 0.3544921875 0.3515625 0.3349609375 0.337890625 0.3271484375
2 0.6806640625 0.244140625 0.6650390625 0.2265625 0.658203125 0.2275390625 0.6484375 0.2412109375 0.6513671875 0.255859375 0.6708984375 0.267578125 0.69921875 0.2646484375 0.6943359375 0.25 0.6806640625 0.244140625
2 1 0.1943359375 0.994140625 0.1943359375 0.9794921875 0.201171875 0.935546875 0.2021484375 0.92578125 0.2314453125 0.92578125 0.2783203125 0.9345703125 0.2890625 0.9384765625 0.283203125 0.9482421875 0.2890625 0.9560546875 0.283203125 1 0.2841796875 1 0.1943359375
2 1 0.5341796875 0.990234375 0.5341796875 0.978515625 0.5419921875 0.978515625 0.5498046875 0.9892578125 0.556640625 1 0.5537109375 1 0.5341796875
2 0.8017578125 0.787109375 0.80078125 0.7724609375 0.787109375 0.7705078125 0.78515625 0.7841796875 0.8017578125 0.787109375
2 0.236328125 0.2197265625 0.216796875 0.1865234375 0.216796875 0.1650390625 0.2060546875 0.158203125 0.193359375 0.1591796875 0.1484375 0.1884765625 0.15625 0.2294921875 0.1748046875 0.248046875 0.2080078125 0.2421875 0.236328125 0.2197265625
2 0.21875 0.0947265625 0.2001953125 0.103515625 0.1953125 0.1123046875 0.2099609375 0.130859375 0.2177734375 0.130859375 0.232421875 0.1103515625 0.232421875 0.1005859375 0.21875 0.0947265625
2 0.16015625 0.0927734375 0.1494140625 0.09765625 0.142578125 0.1103515625 0.1474609375 0.1328125 0.1748046875 0.126953125 0.18359375 0.1142578125 0.1767578125 0.091796875 0.16015625 0.0927734375
2 0.09765625 0.0458984375 0.08984375 0.0517578125 0.0927734375 0.072265625 0.1474609375 0.072265625 0.154296875 0.0634765625 0.1494140625 0.05078125 0.1240234375 0.052734375 0.09765625 0.0458984375
2 0 0.1279296875 0.0146484375 0.134765625 0.0595703125 0.1328125 0.064453125 0.1279296875 0.0625 0.1083984375 0.0361328125 0.083984375 0.0234375 0.0849609375 0 0.0888671875 0 0.1279296875