2 0.8798828125 0.369140625 0.91796875 0.3818359375 0.9375 0.3642578125 0.931640625 0.3212890625 0.9248046875 0.3125 0.9033203125 0.30859375 0.8740234375 0.32421875 0.865234375 0.3466796875 0.869140625 0.3603515625 0.8798828125 0.369140625
2 0.9892578125 0.31640625 0.9921875 0.3037109375 0.986328125 0.2822265625 0.9541015625 0.265625 0.9326171875 0.27734375 0.916015625 0.2998046875 0.93359375 0.3232421875 0.9892578125 0.31640625
2 0.6162109375 0.28515625 0.6484375 0.2880859375 0.662109375 0.2763671875 0.66796875 0.2607421875 0.654296875 0.2373046875 0.6318359375 0.232421875 0.6064453125 0.2421875 0.6015625 0.2509765625 0.603515625 0.2763671875 0.6162109375 0.28515625
2 0.7431640625 0.185546875 0.7255859375 0.193359375 0.716796875 0.2099609375 0.7236328125 0.23046875 0.740234375 0.2294921875 0.751953125 0.2119140625 0.7431640625 0.185546875
2 0.5322265625 0.14453125 0.55078125 0.1455078125 0.568359375 0.1396484375 0.57421875 0.1201171875 0.5498046875 0.083984375 0.5341796875 0.08203125 0.525390625 0.0888671875 0.51953125 0.1083984375 0.51953125 0.1318359375 0.5322265625 0.14453125
2 0.783203125 0.0302734375 0.78515625 0.0029296875 0.7255859375 0 0.71484375 0.0185546875 0.71875 0.0341796875 0.7314453125 0.046875 0.76171875 0.0498046875 0.783203125 0.0302734375
2 0.1630859375 0.310546875 0.193359375 0.3095703125 0.208984375 0.2939453125 0.21875 0.2724609375 0.212890625 0.2548828125 0.1962890625 0.2421875 0.1435546875 0.25 0.138671875 0.2802734375 0.146484375 0.3017578125 0.1630859375 0.310546875
2 0.052734375 0.4033203125 0.072265625 0.3876953125 0.0703125 0.3603515625 0.0517578125 0.337890625 0.0263671875 0.3359375 0.0078125 0.3564453125 0.009765625 0.3876953125 0.0283203125 0.404296875 0.052734375 0.4033203125
2 0.068359375 0.1103515625 0.0791015625 0.119140625 0.1015625 0.1220703125 0.1123046875 0.1171875 0.123046875 0.1005859375 0.12109375 0.0478515625 0.1044921875 0.033203125 0.0732421875 0.05078125 0.056640625 0.0732421875 0.056640625 0.0908203125 0.068359375 0.1103515625
2 0.345703125 0.2626953125 0.35546875 0.2509765625 0.35546875 0.2236328125 0.3408203125 0.197265625 0.3232421875 0.193359375 0.294921875 0.2197265625 0.2890625 0.2431640625 0.3056640625 0.263671875 0.345703125 0.2626953125
2 0.50390625 0.3369140625 0.4970703125 0.328125 0.4853515625 0.328125 0.478515625 0.3369140625 0.482421875 0.3701171875 0.498046875 0.4033203125 0.5078125 0.4052734375 0.50390625 0.3369140625
2 0.21875 0.8759765625 0.248046875 0.8544921875 0.24609375 0.8154296875 0.2373046875 0.806640625 0.2158203125 0.8046875 0.19140625 0.8173828125 0.19140625 0.8603515625 0.2099609375 0.876953125 0.21875 0.8759765625