2 0.818359375 0.9072265625 0.798828125 0.9189453125 0.796875 0.9521484375 0.8173828125 0.9609375 0.8564453125 0.955078125 0.861328125 0.9443359375 0.8515625 0.9189453125 0.8349609375 0.90625 0.818359375 0.9072265625
2 0.52734375 0.7841796875 0.505859375 0.7998046875 0.50390625 0.8251953125 0.5185546875 0.841796875 0.5439453125 0.845703125 0.564453125 0.8291015625 0.564453125 0.7978515625 0.5537109375 0.78515625 0.52734375 0.7841796875
2 0.353515625 0.7333984375 0.330078125 0.7490234375 0.326171875 0.7724609375 0.3369140625 0.78515625 0.3701171875 0.79296875 0.384765625 0.7783203125 0.38671875 0.7470703125 0.3720703125 0.732421875 0.353515625 0.7333984375
2 0.220703125 0.8076171875 0.201171875 0.8232421875 0.197265625 0.8369140625 0.2099609375 0.857421875 0.2333984375 0.865234375 0.255859375 0.8486328125 0.26171875 0.8291015625 0.2451171875 0.810546875 0.220703125 0.8076171875
2 0.08984375 0.5498046875 0.08203125 0.5556640625 0.076171875 0.5810546875 0.08203125 0.5966796875 0.0986328125 0.607421875 0.1259765625 0.609375 0.13671875 0.5966796875 0.134765625 0.5712890625 0.1142578125 0.5546875 0.08984375 0.5498046875
2 0.71484375 0.5654296875 0.69921875 0.5810546875 0.6953125 0.6025390625 0.701171875 0.6162109375 0.7275390625 0.638671875 0.75 0.6162109375 0.75 0.5908203125 0.7373046875 0.56640625 0.71484375 0.5654296875
2 0.564453125 0.4736328125 0.552734375 0.4912109375 0.5546875 0.5146484375 0.5712890625 0.53125 0.6025390625 0.533203125 0.609375 0.5244140625 0.60546875 0.4853515625 0.5888671875 0.474609375 0.564453125 0.4736328125
2 0.796875 0.4931640625 0.779296875 0.5029296875 0.775390625 0.5205078125 0.7939453125 0.544921875 0.8212890625 0.546875 0.84375 0.5224609375 0.8271484375 0.49609375 0.796875 0.4931640625
2 0.931640625 0.5830078125 0.9140625 0.5927734375 0.908203125 0.6044921875 0.91015625 0.6259765625 0.9228515625 0.640625 0.9501953125 0.646484375 0.96875 0.6298828125 0.970703125 0.6064453125 0.9619140625 0.58984375 0.931640625 0.5830078125
2 0.8046875 0.1318359375 0.794921875 0.1396484375 0.7890625 0.1669921875 0.8134765625 0.177734375 0.833984375 0.1591796875 0.8173828125 0.1328125 0.8046875 0.1318359375
2 0.92578125 0.0126953125 0.8994140625 0.017578125 0.88671875 0.0283203125 0.884765625 0.0576171875 0.8916015625 0.06640625 0.9169921875 0.07421875 0.9453125 0.0498046875 0.947265625 0.0380859375 0.9375 0.0166015625 0.92578125 0.0126953125
2 0.4921875 0.5419921875 0.4912109375 0.568359375 0.5224609375 0.5703125 0.52734375 0.5654296875 0.5126953125 0.546875 0.4921875 0.5419921875
2 0.4375 0.4228515625 0.43359375 0.4326171875 0.4404296875 0.4453125 0.46875 0.4462890625 0.46875 0.4326171875 0.4619140625 0.42578125 0.4375 0.4228515625
2 0.4296875 0.2451171875 0.4267578125 0.25390625 0.40234375 0.2646484375 0.404296875 0.2919921875 0.4287109375 0.3125 0.4580078125 0.3125 0.46484375 0.2724609375 0.462890625 0.2626953125 0.447265625 0.2548828125 0.458984375 0.2529296875 0.4296875 0.2451171875
2 0.587890625 0.9248046875 0.568359375 0.9365234375 0.568359375 0.9736328125 0.5830078125 0.978515625 0.6123046875 0.974609375 0.625 0.9599609375 0.623046875 0.9345703125 0.6123046875 0.92578125 0.587890625 0.9248046875
2 0.32421875 0.8994140625 0.30859375 0.9091796875 0.3095703125 0.92578125 0.341796875 0.9111328125 0.3388671875 0.900390625 0.32421875 0.8994140625