2 0.3505859375 0 0.34375 0.0087890625 0.34765625 0.0302734375 0.3623046875 0.04296875 0.376953125 0.0439453125 0.400390625 0.0302734375 0.40234375 0.0068359375 0.3974609375 0 0.3505859375 0
2 0.779296875 0.1982421875 0.7607421875 0.16796875 0.7373046875 0.1640625 0.71484375 0.1865234375 0.712890625 0.2197265625 0.7216796875 0.232421875 0.744140625 0.2333984375 0.7685546875 0.220703125 0.779296875 0.1982421875
2 0.908203125 0.3369140625 0.91015625 0.3134765625 0.904296875 0.2939453125 0.8896484375 0.287109375 0.8603515625 0.2890625 0.8515625 0.3076171875 0.8515625 0.3388671875 0.8720703125 0.349609375 0.900390625 0.3486328125 0.908203125 0.3369140625
2 0.625 0.2900390625 0.625 0.2724609375 0.6162109375 0.2578125 0.6005859375 0.263671875 0.587890625 0.2841796875 0.59765625 0.3212890625 0.60546875 0.3232421875 0.619140625 0.3134765625 0.625 0.2900390625
2 0.537109375 0.4384765625 0.5380859375 0.443359375 0.546875 0.4423828125 0.5419921875 0.435546875 0.537109375 0.4384765625
2 0.53515625 0.4345703125 0.53515625 0.4677734375 0.5625 0.4814453125 0.57421875 0.4697265625 0.55859375 0.4228515625 0.5478515625 0.41796875 0.53515625 0.4345703125
2 0.390625 0.7763671875 0.390625 0.7392578125 0.3779296875 0.732421875 0.3505859375 0.734375 0.333984375 0.7490234375 0.337890625 0.7841796875 0.365234375 0.7900390625 0.3837890625 0.787109375 0.390625 0.7763671875
2 0.712890625 0.9111328125 0.7275390625 0.91015625 0.734375 0.9033203125 0.751953125 0.8642578125 0.751953125 0.8486328125 0.7333984375 0.830078125 0.7001953125 0.822265625 0.6875 0.8349609375 0.68359375 0.8505859375 0.69921875 0.9091796875 0.712890625 0.9111328125
2 0.875 0.7158203125 0.876953125 0.7392578125 0.890625 0.7431640625 0.90625 0.7275390625 0.8955078125 0.703125 0.8818359375 0.705078125 0.875 0.7158203125
2 0.3330078125 0.08984375 0.328125 0.1083984375 0.345703125 0.1103515625 0.3740234375 0.103515625 0.37890625 0.0908203125 0.3623046875 0.0859375 0.3330078125 0.08984375
2 0.83203125 0.5986328125 0.841796875 0.5771484375 0.837890625 0.5478515625 0.8232421875 0.52734375 0.7900390625 0.537109375 0.7578125 0.5791015625 0.7607421875 0.59375 0.8076171875 0.611328125 0.818359375 0.6103515625 0.83203125 0.5986328125