2 0.1162109375 0.90625 0.08984375 0.9228515625 0.091796875 0.9462890625 0.1025390625 0.95703125 0.1376953125 0.962890625 0.14453125 0.9541015625 0.1474609375 0.927734375 0.1416015625 0.9140625 0.1162109375 0.90625
2 0.1337890625 0.134765625 0.11328125 0.1533203125 0.107421875 0.1845703125 0.1259765625 0.19921875 0.1533203125 0.19921875 0.166015625 0.1845703125 0.1689453125 0.15625 0.1611328125 0.14453125 0.1337890625 0.134765625
2 0.0908203125 0.6015625 0.078125 0.6240234375 0.083984375 0.6494140625 0.1318359375 0.658203125 0.1376953125 0.61328125 0.1337890625 0.60546875 0.1103515625 0.59765625 0.0908203125 0.6015625
2 0.2978515625 0.60546875 0.287109375 0.6220703125 0.2978515625 0.66015625 0.3564453125 0.6640625 0.3662109375 0.640625 0.3544921875 0.62109375 0.3173828125 0.603515625 0.2978515625 0.60546875
2 0.359375 0.8193359375 0.361328125 0.7822265625 0.3779296875 0.76953125 0.3525390625 0.759765625 0.3369140625 0.771484375 0.2998046875 0.77734375 0.2890625 0.7958984375 0.2890625 0.8212890625 0.2958984375 0.828125 0.3251953125 0.83203125 0.3388671875 0.83984375 0.3505859375 0.8359375 0.359375 0.8193359375
2 0.2138671875 0.74609375 0.18359375 0.7470703125 0.1865234375 0.779296875 0.205078125 0.7744140625 0.21484375 0.7587890625 0.2138671875 0.74609375
2 0.392578125 0.8525390625 0.400390625 0.8837890625 0.4267578125 0.89453125 0.4365234375 0.892578125 0.4443359375 0.84765625 0.4248046875 0.833984375 0.4013671875 0.841796875 0.392578125 0.8525390625
2 0.4599609375 0.7109375 0.4814453125 0.69921875 0.4814453125 0.689453125 0.4462890625 0.69140625 0.4365234375 0.6953125 0.4296875 0.7080078125 0.4599609375 0.7109375
2 0.58984375 0.6708984375 0.6240234375 0.6640625 0.6298828125 0.65234375 0.6220703125 0.640625 0.6123046875 0.640625 0.595703125 0.6552734375 0.58984375 0.6708984375
2 0.630859375 0.6259765625 0.626953125 0.6376953125 0.6474609375 0.654296875 0.66015625 0.6435546875 0.6591796875 0.62890625 0.6533203125 0.62109375 0.6416015625 0.62109375 0.630859375 0.6259765625
2 0.8154296875 0.494140625 0.8359375 0.4951171875 0.8486328125 0.45703125 0.8447265625 0.44921875 0.8388671875 0.451171875 0.810546875 0.4775390625 0.8154296875 0.494140625
2 0.9296875 0.5966796875 0.9296875 0.6103515625 0.9541015625 0.615234375 0.9609375 0.6064453125 0.9599609375 0.587890625 0.9521484375 0.58203125 0.9365234375 0.587890625 0.9296875 0.5966796875
2 0.8798828125 0.640625 0.8681640625 0.625 0.84375 0.6259765625 0.8466796875 0.6484375 0.8798828125 0.6484375 0.8798828125 0.640625
2 0.2578125 0.4345703125 0.234375 0.4697265625 0.2451171875 0.486328125 0.2607421875 0.490234375 0.2734375 0.4833984375 0.2890625 0.4501953125 0.2880859375 0.4375 0.2763671875 0.42578125 0.2578125 0.4345703125
2 0.080078125 0.0615234375 0.05078125 0.1181640625 0.0537109375 0.138671875 0.0654296875 0.138671875 0.07421875 0.1279296875 0.09765625 0.0830078125 0.0966796875 0.072265625 0.0908203125 0.056640625 0.080078125 0.0615234375
2 0.4052734375 0.103515625 0.4423828125 0.076171875 0.4462890625 0.056640625 0.4326171875 0.05078125 0.3935546875 0.080078125 0.392578125 0.1044921875 0.4052734375 0.103515625
2 0.4169921875 0.576171875 0.404296875 0.5908203125 0.404296875 0.6064453125 0.4287109375 0.630859375 0.4541015625 0.6328125 0.4765625 0.6142578125 0.4794921875 0.5859375 0.4580078125 0.57421875 0.4169921875 0.576171875
2 0.2783203125 0.5625 0.294921875 0.5498046875 0.2939453125 0.54296875 0.2646484375 0.533203125 0.263671875 0.5537109375 0.2705078125 0.5625 0.2783203125 0.5625
2 0.8994140625 0.171875 0.8837890625 0.171875 0.8603515625 0.181640625 0.853515625 0.1884765625 0.85546875 0.2177734375 0.8681640625 0.22265625 0.8955078125 0.2109375 0.904296875 0.2021484375 0.9052734375 0.177734375 0.8994140625 0.171875
2 0.8681640625 0.029296875 0.86328125 0.0341796875 0.865234375 0.0498046875 0.8759765625 0.060546875 0.8876953125 0.05859375 0.908203125 0.0361328125 0.9072265625 0.0234375 0.8994140625 0.01953125 0.8681640625 0.029296875
2 0.1865234375 0.595703125 0.177734375 0.6181640625 0.181640625 0.6533203125 0.1962890625 0.662109375 0.2314453125 0.66015625 0.2421875 0.6337890625 0.2431640625 0.59765625 0.2314453125 0.58984375 0.1865234375 0.595703125