2 0.947265625 0.0341796875 0.9306640625 0.013671875 0.9013671875 0.017578125 0.88671875 0.0302734375 0.8857421875 0.05859375 0.8916015625 0.068359375 0.9228515625 0.072265625 0.947265625 0.0498046875 0.947265625 0.0341796875
2 0.9306640625 0.64453125 0.9677734375 0.646484375 0.98828125 0.6357421875 0.98828125 0.5849609375 0.9697265625 0.564453125 0.947265625 0.5595703125 0.9541015625 0.556640625 0.9072265625 0.560546875 0.8974609375 0.59375 0.908203125 0.6298828125 0.9306640625 0.64453125
2 0.8193359375 0.908203125 0.798828125 0.9208984375 0.7939453125 0.953125 0.8330078125 0.962890625 0.8583984375 0.955078125 0.861328125 0.9423828125 0.8447265625 0.9140625 0.8193359375 0.908203125
2 0.8251953125 0.546875 0.84375 0.5283203125 0.833984375 0.5029296875 0.8193359375 0.494140625 0.7919921875 0.494140625 0.779296875 0.5029296875 0.7744140625 0.515625 0.77734375 0.5341796875 0.7998046875 0.548828125 0.8251953125 0.546875
2 0.76171875 0.5888671875 0.7490234375 0.5703125 0.7197265625 0.564453125 0.697265625 0.5810546875 0.6943359375 0.60546875 0.701171875 0.6220703125 0.7216796875 0.640625 0.76171875 0.6142578125 0.76171875 0.5888671875
2 0.7998046875 0.642578125 0.8115234375 0.6484375 0.8310546875 0.673828125 0.8466796875 0.677734375 0.861328125 0.6708984375 0.861328125 0.6591796875 0.8515625 0.6494140625 0.853515625 0.6298828125 0.8447265625 0.623046875 0.8310546875 0.62109375 0.8095703125 0.63671875 0.8017578125 0.6328125 0.7998046875 0.642578125
2 0.560546875 0.7919921875 0.5380859375 0.783203125 0.5224609375 0.787109375 0.50390625 0.8056640625 0.5048828125 0.826171875 0.5283203125 0.84765625 0.5517578125 0.84375 0.56640625 0.8232421875 0.560546875 0.7919921875
2 0.6181640625 0.9765625 0.625 0.9619140625 0.623046875 0.9326171875 0.6181640625 0.927734375 0.5771484375 0.931640625 0.5703125 0.9423828125 0.5712890625 0.9609375 0.572265625 0.9736328125 0.5849609375 0.982421875 0.6181640625 0.9765625
2 0.388671875 0.7685546875 0.38671875 0.7431640625 0.3759765625 0.734375 0.3564453125 0.732421875 0.3330078125 0.744140625 0.328125 0.7509765625 0.3291015625 0.775390625 0.3447265625 0.7890625 0.3759765625 0.791015625 0.388671875 0.7685546875
2 0.26171875 0.8232421875 0.2373046875 0.806640625 0.2216796875 0.806640625 0.197265625 0.8271484375 0.1982421875 0.841796875 0.2138671875 0.861328125 0.2333984375 0.8671875 0.2578125 0.8466796875 0.26171875 0.8232421875
2 0.3076171875 0.923828125 0.3291015625 0.923828125 0.345703125 0.9052734375 0.3349609375 0.8984375 0.3173828125 0.90234375 0.306640625 0.9111328125 0.3076171875 0.923828125
2 0.138671875 0.5810546875 0.1201171875 0.55859375 0.0966796875 0.548828125 0.08203125 0.5693359375 0.0830078125 0.59375 0.0966796875 0.607421875 0.1240234375 0.615234375 0.138671875 0.5986328125 0.138671875 0.5810546875
2 0.46875 0.2744140625 0.4580078125 0.24609375 0.4306640625 0.240234375 0.4169921875 0.24609375 0.4013671875 0.265625 0.404296875 0.2958984375 0.4287109375 0.3125 0.4609375 0.3017578125 0.46875 0.2744140625
2 0.0498046875 0.283203125 0.0654296875 0.287109375 0.0986328125 0.2734375 0.1083984375 0.275390625 0.1171875 0.2607421875 0.115234375 0.2294921875 0.0986328125 0.23046875 0.0810546875 0.216796875 0.046875 0.2373046875 0.0390625 0.2490234375 0.0400390625 0.267578125 0.0498046875 0.283203125
2 0.837890625 0.1591796875 0.8251953125 0.13671875 0.8037109375 0.1328125 0.787109375 0.1435546875 0.7841796875 0.1875 0.8359375 0.1904296875 0.828125 0.1845703125 0.837890625 0.1728515625 0.837890625 0.1591796875
2 0.5966796875 0.478515625 0.5595703125 0.478515625 0.5537109375 0.5078125 0.5732421875 0.533203125 0.5986328125 0.53515625 0.607421875 0.5302734375 0.609375 0.5029296875 0.5966796875 0.478515625
2 0.52734375 0.5615234375 0.5126953125 0.546875 0.4931640625 0.541015625 0.4892578125 0.568359375 0.5224609375 0.572265625 0.52734375 0.5615234375
2 0.4619140625 0.42578125 0.4365234375 0.423828125 0.4345703125 0.43359375 0.4375 0.4443359375 0.4482421875 0.451171875 0.46875 0.4501953125 0.470703125 0.4345703125 0.4619140625 0.42578125
2 0.2529296875 0.13671875 0.3564453125 0.166015625 0.369140625 0.1572265625 0.3583984375 0.138671875 0.3291015625 0.12890625 0.2548828125 0.125 0.2529296875 0.13671875
2 0.7880859375 0.046875 0.828125 0.0595703125 0.8212890625 0.03125 0.7880859375 0.029296875 0.7880859375 0.046875