2 0.9521484375 0.416015625 0.958984375 0.4111328125 0.958984375 0.3896484375 0.9541015625 0.384765625 0.9306640625 0.388671875 0.9296875 0.3994140625 0.9404296875 0.412109375 0.9521484375 0.416015625
2 0.986328125 0.3173828125 0.9921875 0.2900390625 0.9697265625 0.267578125 0.9462890625 0.259765625 0.9248046875 0.26953125 0.9326171875 0.32421875 0.9560546875 0.33203125 0.986328125 0.3173828125
2 0.880859375 0.3525390625 0.8564453125 0.33984375 0.8544921875 0.345703125 0.845703125 0.3447265625 0.8447265625 0.359375 0.8466796875 0.375 0.8603515625 0.375 0.880859375 0.3525390625
2 0.6533203125 0.376953125 0.66015625 0.3642578125 0.658203125 0.3525390625 0.6435546875 0.34375 0.6279296875 0.357421875 0.630859375 0.3720703125 0.6416015625 0.376953125 0.6533203125 0.376953125
2 0.62890625 0.3388671875 0.6240234375 0.333984375 0.5869140625 0.326171875 0.6083984375 0.357421875 0.625 0.3564453125 0.62890625 0.3388671875
2 0.21484375 0.2509765625 0.212890625 0.2353515625 0.1982421875 0.21875 0.1884765625 0.216796875 0.1826171875 0.23046875 0.1865234375 0.25390625 0.2099609375 0.255859375 0.21484375 0.2509765625
2 0.3525390625 0.376953125 0.3671875 0.3623046875 0.3671875 0.3505859375 0.3505859375 0.333984375 0.3154296875 0.3359375 0.2958984375 0.341796875 0.2919921875 0.357421875 0.29296875 0.3876953125 0.3173828125 0.39453125 0.3525390625 0.376953125
2 0.3427734375 0.2265625 0.357421875 0.2060546875 0.35546875 0.1728515625 0.3427734375 0.162109375 0.2978515625 0.169921875 0.2861328125 0.177734375 0.28515625 0.2021484375 0.2939453125 0.216796875 0.3427734375 0.2265625
2 0.4326171875 0.16015625 0.44140625 0.1513671875 0.44140625 0.1103515625 0.4248046875 0.103515625 0.4033203125 0.111328125 0.3916015625 0.138671875 0.392578125 0.1494140625 0.4033203125 0.16015625 0.4326171875 0.16015625
2 0.1435546875 0.86328125 0.16796875 0.8466796875 0.169921875 0.8251953125 0.1552734375 0.798828125 0.1240234375 0.798828125 0.1083984375 0.810546875 0.109375 0.8369140625 0.1298828125 0.86328125 0.1435546875 0.86328125
2 0.1064453125 0.408203125 0.146484375 0.4033203125 0.1376953125 0.33984375 0.1220703125 0.33203125 0.0810546875 0.345703125 0.0771484375 0.357421875 0.076171875 0.3818359375 0.0830078125 0.3984375 0.1064453125 0.408203125
2 0.150390625 0.0810546875 0.1484375 0.0517578125 0.1279296875 0.0390625 0.0966796875 0.046875 0.0888671875 0.06640625 0.1005859375 0.095703125 0.1357421875 0.09375 0.150390625 0.0810546875
2 0.2744140625 0.5703125 0.2890625 0.5556640625 0.279296875 0.5244140625 0.2646484375 0.51171875 0.2529296875 0.521484375 0.25390625 0.5458984375 0.26171875 0.5615234375 0.2744140625 0.5703125
2 0.296875 0.4560546875 0.296875 0.4462890625 0.2724609375 0.43359375 0.263671875 0.4423828125 0.2607421875 0.4609375 0.2626953125 0.46875 0.2822265625 0.466796875 0.296875 0.4560546875
2 0.7998046875 0.93359375 0.8125 0.9228515625 0.814453125 0.8955078125 0.8017578125 0.87890625 0.7646484375 0.8828125 0.7607421875 0.890625 0.7646484375 0.923828125 0.7822265625 0.93359375 0.7998046875 0.93359375
2 0.7041015625 0.20703125 0.7421875 0.1845703125 0.7412109375 0.177734375 0.7373046875 0.185546875 0.732421875 0.1806640625 0.744140625 0.1630859375 0.736328125 0.1220703125 0.7197265625 0.10546875 0.6767578125 0.109375 0.662109375 0.1298828125 0.6572265625 0.1484375 0.66015625 0.1767578125 0.6806640625 0.208984375 0.7041015625 0.20703125