2 0.7626953125 0.255859375 0.7734375 0.2490234375 0.77734375 0.2060546875 0.7646484375 0.1796875 0.7568359375 0.177734375 0.7333984375 0.19140625 0.7255859375 0.21484375 0.724609375 0.2353515625 0.7333984375 0.251953125 0.7626953125 0.255859375
2 1 0.4423828125 0.9892578125 0.435546875 0.9619140625 0.435546875 0.9443359375 0.46875 0.9541015625 0.490234375 0.9931640625 0.4921875 1 0.4853515625 1 0.4423828125
2 0.9990234375 0.80078125 0.9814453125 0.8203125 0.984375 0.8759765625 0.9990234375 0.880859375 0.9990234375 0.80078125
2 0.9052734375 0.87109375 0.9140625 0.8388671875 0.9072265625 0.828125 0.8837890625 0.826171875 0.875 0.8310546875 0.8720703125 0.845703125 0.87109375 0.8623046875 0.8759765625 0.8671875 0.9052734375 0.87109375
2 0.7099609375 0.72265625 0.724609375 0.7138671875 0.724609375 0.6650390625 0.7060546875 0.64453125 0.6748046875 0.642578125 0.6630859375 0.662109375 0.6640625 0.6943359375 0.6787109375 0.720703125 0.7099609375 0.72265625
2 0.5908203125 0.900390625 0.615234375 0.8818359375 0.6171875 0.8486328125 0.5927734375 0.826171875 0.5634765625 0.822265625 0.5478515625 0.853515625 0.548828125 0.8798828125 0.5634765625 0.89453125 0.5908203125 0.900390625
2 0.365234375 0.6142578125 0.359375 0.5869140625 0.3505859375 0.580078125 0.3291015625 0.583984375 0.3095703125 0.6015625 0.3251953125 0.634765625 0.3505859375 0.6328125 0.365234375 0.6142578125
2 0.2451171875 0.703125 0.2578125 0.6943359375 0.2578125 0.6591796875 0.2470703125 0.640625 0.2119140625 0.640625 0.2060546875 0.669921875 0.212890625 0.6923828125 0.2216796875 0.69921875 0.2451171875 0.703125
2 0.2822265625 0.87890625 0.298828125 0.8740234375 0.306640625 0.8369140625 0.2861328125 0.814453125 0.2744140625 0.814453125 0.2607421875 0.826171875 0.2548828125 0.84375 0.25390625 0.8544921875 0.2685546875 0.873046875 0.2822265625 0.87890625
2 0.3466796875 0.994140625 0.357421875 0.9794921875 0.353515625 0.9501953125 0.3251953125 0.943359375 0.3134765625 0.953125 0.314453125 0.9853515625 0.3271484375 0.99609375 0.3466796875 0.994140625
2 0.2236328125 0.91015625 0.240234375 0.8974609375 0.236328125 0.8701171875 0.2216796875 0.85546875 0.2021484375 0.857421875 0.1884765625 0.873046875 0.189453125 0.8994140625 0.1982421875 0.91015625 0.2236328125 0.91015625
2 0.1220703125 0.978515625 0.140625 0.9560546875 0.140625 0.9326171875 0.1220703125 0.8984375 0.0791015625 0.9140625 0.0693359375 0.931640625 0.076171875 0.9580078125 0.1025390625 0.9765625 0.1220703125 0.978515625
2 0.572265625 0.5439453125 0.5703125 0.5244140625 0.5498046875 0.50390625 0.5400390625 0.5234375 0.5458984375 0.55078125 0.5634765625 0.55078125 0.572265625 0.5439453125
2 0.548828125 0.7451171875 0.541015625 0.7255859375 0.5224609375 0.7109375 0.5107421875 0.71875 0.513671875 0.7451171875 0.5400390625 0.7578125 0.548828125 0.7451171875