2 0.7314453125 0.37890625 0.763671875 0.3642578125 0.7685546875 0.333984375 0.7509765625 0.302734375 0.7138671875 0.296875 0.69921875 0.3076171875 0.69140625 0.3291015625 0.693359375 0.3623046875 0.7099609375 0.376953125 0.7314453125 0.37890625
2 0.7294921875 0.265625 0.736328125 0.2490234375 0.7529296875 0.232421875 0.7353515625 0.2265625 0.7138671875 0.23828125 0.712890625 0.2587890625 0.7294921875 0.265625
2 0.9560546875 0.267578125 0.98828125 0.2490234375 0.9892578125 0.216796875 0.98828125 0.2001953125 0.9755859375 0.19140625 0.9248046875 0.181640625 0.904296875 0.2099609375 0.91015625 0.2509765625 0.9267578125 0.265625 0.9560546875 0.267578125
2 0.4052734375 0.66015625 0.3916015625 0.642578125 0.3720703125 0.64453125 0.361328125 0.6591796875 0.36328125 0.6845703125 0.3701171875 0.689453125 0.3955078125 0.685546875 0.404296875 0.6767578125 0.4052734375 0.66015625
2 0.5576171875 0.92578125 0.5712890625 0.9296875 0.5751953125 0.91015625 0.5595703125 0.884765625 0.544921875 0.8857421875 0.544921875 0.9052734375 0.5576171875 0.92578125
2 0.6591796875 0.9375 0.642578125 0.9423828125 0.6533203125 0.970703125 0.669921875 0.9638671875 0.6689453125 0.951171875 0.6591796875 0.9375
2 0.8525390625 0.89453125 0.861328125 0.8896484375 0.8603515625 0.87890625 0.8427734375 0.869140625 0.826171875 0.8740234375 0.8310546875 0.888671875 0.8525390625 0.89453125
2 0.44140625 0.0009765625 0.4453125 0.0478515625 0.4541015625 0.064453125 0.46484375 0.0576171875 0.4677734375 0 0.44140625 0.0009765625
2 0.216796875 0.9072265625 0.21484375 0.9326171875 0.2294921875 0.9375 0.2353515625 0.951171875 0.24609375 0.9462890625 0.2490234375 0.9296875 0.2333984375 0.904296875 0.216796875 0.9072265625
2 0.19921875 0.9990234375 0.2353515625 1 0.2431640625 0.96875 0.2275390625 0.955078125 0.2158203125 0.955078125 0.201171875 0.9794921875 0.19921875 0.9990234375
2 0.3603515625 0.869140625 0.375 0.8623046875 0.3779296875 0.822265625 0.3740234375 0.80859375 0.34375 0.8134765625 0.34375 0.8564453125 0.3603515625 0.869140625
2 0.390625 0.8076171875 0.390625 0.8349609375 0.3994140625 0.845703125 0.40625 0.8408203125 0.4052734375 0.810546875 0.390625 0.8076171875
2 0.4501953125 0.9296875 0.4716796875 0.93359375 0.4716796875 0.91796875 0.4619140625 0.892578125 0.4453125 0.8994140625 0.44140625 0.9208984375 0.4501953125 0.9296875
2 0.3515625 0.7158203125 0.34765625 0.7373046875 0.3525390625 0.75390625 0.3623046875 0.75390625 0.375 0.7412109375 0.3740234375 0.71875 0.3662109375 0.712890625 0.3515625 0.7158203125
2 0.4970703125 0.939453125 0.4921875 0.9443359375 0.4921875 0.9736328125 0.5107421875 0.998046875 0.525390625 0.9931640625 0.5263671875 0.974609375 0.509765625 0.9462890625 0.4970703125 0.939453125
2 0.0478515625 0.34765625 0.06640625 0.3447265625 0.0693359375 0.3203125 0.0517578125 0.294921875 0.041015625 0.2978515625 0.041015625 0.3349609375 0.0478515625 0.34765625
2 0.1884765625 0.271484375 0.2265625 0.2353515625 0.2490234375 0.18359375 0.2392578125 0.181640625 0.20703125 0.2041015625 0.1875 0.2470703125 0.1884765625 0.271484375
2 0.2138671875 0.533203125 0.224609375 0.5166015625 0.2236328125 0.498046875 0.22265625 0.4833984375 0.2099609375 0.484375 0.19921875 0.4951171875 0.197265625 0.5205078125 0.189453125 0.5244140625 0.2021484375 0.533203125 0.2138671875 0.533203125
2 0.1806640625 0.404296875 0.19921875 0.3955078125 0.2001953125 0.380859375 0.1923828125 0.373046875 0.1669921875 0.376953125 0.138671875 0.4189453125 0.130859375 0.4462890625 0.1376953125 0.44921875 0.1591796875 0.43359375 0.1806640625 0.404296875
2 0.2197265625 0.7109375 0.205078125 0.6962890625 0.201171875 0.6767578125 0.1943359375 0.673828125 0.18359375 0.7080078125 0.181640625 0.7646484375 0.1884765625 0.78125 0.216796875 0.7373046875 0.2197265625 0.7109375
2 0.1591796875 0.666015625 0.1552734375 0.66015625 0.1357421875 0.662109375 0.119140625 0.6787109375 0.111328125 0.7236328125 0.1201171875 0.748046875 0.138671875 0.7392578125 0.15625 0.7080078125 0.1591796875 0.666015625
2 0.11328125 0.5947265625 0.1044921875 0.5859375 0.09765625 0.5947265625 0.1005859375 0.666015625 0.111328125 0.6630859375 0.1181640625 0.642578125 0.111328125 0.6357421875 0.11328125 0.5947265625