2 0.2861328125 0.296875 0.2490234375 0.302734375 0.2314453125 0.333984375 0.236328125 0.3642578125 0.2685546875 0.37890625 0.2900390625 0.376953125 0.306640625 0.3623046875 0.30859375 0.3291015625 0.30078125 0.3076171875 0.2861328125 0.296875
2 0.263671875 0.2490234375 0.2705078125 0.265625 0.287109375 0.2587890625 0.2861328125 0.23828125 0.2646484375 0.2265625 0.2470703125 0.232421875 0.263671875 0.2490234375
2 0.0244140625 0.19140625 0.01171875 0.2001953125 0.0107421875 0.216796875 0.01171875 0.2490234375 0.0439453125 0.267578125 0.0732421875 0.265625 0.08984375 0.2509765625 0.095703125 0.2099609375 0.0751953125 0.181640625 0.0244140625 0.19140625
2 0.6083984375 0.642578125 0.5947265625 0.66015625 0.595703125 0.6767578125 0.6044921875 0.685546875 0.6298828125 0.689453125 0.63671875 0.6845703125 0.638671875 0.6591796875 0.6279296875 0.64453125 0.6083984375 0.642578125
2 0.4287109375 0.9296875 0.4423828125 0.92578125 0.455078125 0.9052734375 0.455078125 0.8857421875 0.4404296875 0.884765625 0.4248046875 0.91015625 0.4287109375 0.9296875
2 0.3466796875 0.970703125 0.357421875 0.9423828125 0.3408203125 0.9375 0.3310546875 0.951171875 0.330078125 0.9638671875 0.3466796875 0.970703125
2 0.138671875 0.8896484375 0.1474609375 0.89453125 0.1689453125 0.888671875 0.173828125 0.8740234375 0.1572265625 0.869140625 0.1396484375 0.87890625 0.138671875 0.8896484375
2 0.5458984375 0.064453125 0.5546875 0.0478515625 0.55859375 0.0009765625 0.5322265625 0 0.53515625 0.0576171875 0.5458984375 0.064453125
2 0.7509765625 0.9296875 0.75390625 0.9462890625 0.7646484375 0.951171875 0.7705078125 0.9375 0.78515625 0.9326171875 0.783203125 0.9072265625 0.7666015625 0.904296875 0.7509765625 0.9296875
2 0.7646484375 1 0.80078125 0.9990234375 0.798828125 0.9794921875 0.7841796875 0.955078125 0.7724609375 0.955078125 0.7568359375 0.96875 0.7646484375 1
2 0.625 0.8623046875 0.6396484375 0.869140625 0.65625 0.8564453125 0.65625 0.8134765625 0.6259765625 0.80859375 0.6220703125 0.822265625 0.625 0.8623046875
2 0.6005859375 0.845703125 0.609375 0.8349609375 0.609375 0.8076171875 0.5947265625 0.810546875 0.59375 0.8408203125 0.6005859375 0.845703125
2 0.5283203125 0.93359375 0.5498046875 0.9296875 0.55859375 0.9208984375 0.5546875 0.8994140625 0.5380859375 0.892578125 0.5283203125 0.91796875 0.5283203125 0.93359375
2 0.6259765625 0.71875 0.625 0.7412109375 0.6376953125 0.75390625 0.6474609375 0.75390625 0.65234375 0.7373046875 0.6484375 0.7158203125 0.6337890625 0.712890625 0.6259765625 0.71875
2 0.4736328125 0.974609375 0.474609375 0.9931640625 0.4892578125 0.998046875 0.5078125 0.9736328125 0.5078125 0.9443359375 0.5029296875 0.939453125 0.490234375 0.9462890625 0.4736328125 0.974609375
2 0.93359375 0.3447265625 0.9521484375 0.34765625 0.958984375 0.3349609375 0.958984375 0.2978515625 0.9482421875 0.294921875 0.9306640625 0.3203125 0.93359375 0.3447265625
2 0.7734375 0.2353515625 0.8115234375 0.271484375 0.8125 0.2470703125 0.79296875 0.2041015625 0.7607421875 0.181640625 0.7509765625 0.18359375 0.7734375 0.2353515625
2 0.7900390625 0.484375 0.77734375 0.4833984375 0.7763671875 0.498046875 0.775390625 0.5166015625 0.7861328125 0.533203125 0.7978515625 0.533203125 0.810546875 0.5244140625 0.802734375 0.5205078125 0.80078125 0.4951171875 0.7900390625 0.484375
2 0.8330078125 0.376953125 0.8076171875 0.373046875 0.7998046875 0.380859375 0.80078125 0.3955078125 0.8193359375 0.404296875 0.8408203125 0.43359375 0.8623046875 0.44921875 0.869140625 0.4462890625 0.861328125 0.4189453125 0.8330078125 0.376953125
2 0.794921875 0.6962890625 0.7802734375 0.7109375 0.783203125 0.7373046875 0.8115234375 0.78125 0.818359375 0.7646484375 0.81640625 0.7080078125 0.8056640625 0.673828125 0.798828125 0.6767578125 0.794921875 0.6962890625
2 0.8447265625 0.66015625 0.8408203125 0.666015625 0.84375 0.7080078125 0.861328125 0.7392578125 0.8798828125 0.748046875 0.888671875 0.7236328125 0.880859375 0.6787109375 0.8642578125 0.662109375 0.8447265625 0.66015625
2 0.8818359375 0.642578125 0.888671875 0.6630859375 0.8994140625 0.666015625 0.90234375 0.5947265625 0.8955078125 0.5859375 0.88671875 0.5947265625 0.888671875 0.6357421875 0.8818359375 0.642578125