2 0.681640625 0.6376953125 0.69140625 0.6279296875 0.685546875 0.6044921875 0.6748046875 0.595703125 0.6533203125 0.59765625 0.642578125 0.6142578125 0.64453125 0.6259765625 0.6552734375 0.63671875 0.681640625 0.6376953125
2 0.947265625 0.4462890625 0.951171875 0.4345703125 0.9443359375 0.423828125 0.9072265625 0.42578125 0.88671875 0.4384765625 0.88671875 0.4697265625 0.91015625 0.4716796875 0.947265625 0.4462890625
2 0.291015625 0.2685546875 0.296875 0.2939453125 0.3251953125 0.310546875 0.35546875 0.3115234375 0.3701171875 0.306640625 0.380859375 0.2939453125 0.3828125 0.2705078125 0.376953125 0.2548828125 0.3642578125 0.23828125 0.3427734375 0.23046875 0.3115234375 0.23828125 0.291015625 0.2685546875
2 0.9443359375 0.75 0.9287109375 0.75 0.91015625 0.7626953125 0.908203125 0.7822265625 0.9375 0.7880859375 0.955078125 0.7587890625 0.9443359375 0.75
2 0.9990234375 0.466796875 0.9599609375 0.482421875 0.943359375 0.4970703125 0.9501953125 0.509765625 0.970703125 0.5087890625 1 0.4931640625 0.9990234375 0.466796875
2 0.9677734375 0.33203125 0.9521484375 0.330078125 0.939453125 0.3408203125 0.939453125 0.3525390625 0.951171875 0.3583984375 0.97265625 0.3466796875 0.9677734375 0.33203125
2 0.8828125 0.1748046875 0.8974609375 0.171875 0.90625 0.1591796875 0.904296875 0.1455078125 0.8955078125 0.138671875 0.8818359375 0.138671875 0.87109375 0.1474609375 0.869140625 0.1708984375 0.8828125 0.1748046875
2 0.3642578125 0.955078125 0.380859375 0.9423828125 0.384765625 0.9267578125 0.3212890625 0.921875 0.294921875 0.9482421875 0.2958984375 0.95703125 0.306640625 0.9580078125 0.3642578125 0.955078125
2 0.3173828125 0.92578125 0.337890625 0.9267578125 0.3486328125 0.92578125 0.361328125 0.9130859375 0.36328125 0.8916015625 0.3486328125 0.880859375 0.3154296875 0.875 0.302734375 0.8876953125 0.3046875 0.9072265625 0.3173828125 0.92578125
2 0.669921875 0.8974609375 0.6591796875 0.8828125 0.6298828125 0.8671875 0.623046875 0.8720703125 0.62109375 0.8935546875 0.6259765625 0.8984375 0.6640625 0.9013671875 0.669921875 0.8974609375
2 0.5654296875 0.896484375 0.5498046875 0.89453125 0.53515625 0.9091796875 0.537109375 0.9306640625 0.55078125 0.9345703125 0.578125 0.9169921875 0.5654296875 0.896484375
2 0.4677734375 0.798828125 0.4462890625 0.796875 0.4296875 0.8076171875 0.4501953125 0.82421875 0.482421875 0.8291015625 0.486328125 0.8193359375 0.4677734375 0.798828125
2 0.263671875 0.8134765625 0.26953125 0.8115234375 0.267578125 0.8037109375 0.2392578125 0.775390625 0.2001953125 0.751953125 0.185546875 0.7509765625 0.1875 0.7666015625 0.2060546875 0.791015625 0.263671875 0.8134765625
2 0.27734375 0.2568359375 0.2626953125 0.23828125 0.2392578125 0.240234375 0.228515625 0.2548828125 0.232421875 0.2705078125 0.2451171875 0.287109375 0.267578125 0.2880859375 0.27734375 0.2568359375
2 0.8310546875 0.341796875 0.7890625 0.3603515625 0.7939453125 0.37890625 0.810546875 0.3779296875 0.8271484375 0.369140625 0.8427734375 0.373046875 0.8798828125 0.35546875 0.892578125 0.3466796875 0.892578125 0.3369140625 0.8740234375 0.333984375 0.8623046875 0.341796875 0.8310546875 0.341796875
2 0.619140625 0.7158203125 0.640625 0.7060546875 0.6357421875 0.693359375 0.5966796875 0.68359375 0.5693359375 0.68359375 0.55078125 0.6943359375 0.5537109375 0.703125 0.5712890625 0.7109375 0.619140625 0.7158203125
2 0.4306640625 0.6875 0.4130859375 0.685546875 0.388671875 0.6923828125 0.4013671875 0.705078125 0.43359375 0.7060546875 0.439453125 0.6923828125 0.4306640625 0.6875