2 0.693359375 0.6376953125 0.69140625 0.6708984375 0.69921875 0.6923828125 0.7138671875 0.703125 0.7509765625 0.697265625 0.7685546875 0.666015625 0.763671875 0.6357421875 0.7314453125 0.62109375 0.7099609375 0.623046875 0.693359375 0.6376953125
2 0.736328125 0.7509765625 0.7294921875 0.734375 0.712890625 0.7412109375 0.7138671875 0.76171875 0.7353515625 0.7734375 0.7529296875 0.767578125 0.736328125 0.7509765625
2 0.91015625 0.7490234375 0.904296875 0.7900390625 0.9248046875 0.818359375 0.9755859375 0.80859375 0.98828125 0.7998046875 0.9892578125 0.783203125 0.98828125 0.7509765625 0.9560546875 0.732421875 0.9267578125 0.734375 0.91015625 0.7490234375
2 0.3701171875 0.310546875 0.36328125 0.3154296875 0.361328125 0.3408203125 0.3720703125 0.35546875 0.3916015625 0.357421875 0.4052734375 0.33984375 0.404296875 0.3232421875 0.3955078125 0.314453125 0.3701171875 0.310546875
2 0.5712890625 0.0703125 0.5576171875 0.07421875 0.544921875 0.0947265625 0.544921875 0.1142578125 0.5595703125 0.115234375 0.5751953125 0.08984375 0.5712890625 0.0703125
2 0.6689453125 0.048828125 0.669921875 0.0361328125 0.6533203125 0.029296875 0.642578125 0.0576171875 0.6591796875 0.0625 0.6689453125 0.048828125
2 0.861328125 0.1103515625 0.8525390625 0.10546875 0.8310546875 0.111328125 0.826171875 0.1259765625 0.8427734375 0.130859375 0.8603515625 0.12109375 0.861328125 0.1103515625
2 0.4677734375 1 0.46484375 0.9423828125 0.4541015625 0.935546875 0.4453125 0.9521484375 0.44140625 0.9990234375 0.4677734375 1
2 0.2353515625 0.048828125 0.2294921875 0.0625 0.21484375 0.0673828125 0.216796875 0.0927734375 0.2333984375 0.095703125 0.2490234375 0.0703125 0.24609375 0.0537109375 0.2353515625 0.048828125
2 0.2353515625 0 0.19921875 0.0009765625 0.201171875 0.0205078125 0.2158203125 0.044921875 0.2275390625 0.044921875 0.2431640625 0.03125 0.2353515625 0
2 0.375 0.1376953125 0.3603515625 0.130859375 0.34375 0.1435546875 0.34375 0.1865234375 0.3740234375 0.19140625 0.3779296875 0.177734375 0.375 0.1376953125
2 0.4052734375 0.189453125 0.40625 0.1591796875 0.3994140625 0.154296875 0.390625 0.1650390625 0.390625 0.1923828125 0.4052734375 0.189453125
2 0.4716796875 0.06640625 0.4501953125 0.0703125 0.44140625 0.0791015625 0.4453125 0.1005859375 0.4619140625 0.107421875 0.4716796875 0.08203125 0.4716796875 0.06640625
2 0.3623046875 0.24609375 0.3525390625 0.24609375 0.34765625 0.2626953125 0.3515625 0.2841796875 0.3662109375 0.287109375 0.3740234375 0.28125 0.375 0.2587890625 0.3623046875 0.24609375
2 0.5107421875 0.001953125 0.4921875 0.0263671875 0.4921875 0.0556640625 0.4970703125 0.060546875 0.509765625 0.0537109375 0.5263671875 0.025390625 0.525390625 0.0068359375 0.5107421875 0.001953125
2 0.06640625 0.6552734375 0.0478515625 0.65234375 0.041015625 0.6650390625 0.041015625 0.7021484375 0.0517578125 0.705078125 0.0693359375 0.6796875 0.06640625 0.6552734375
2 0.2265625 0.7646484375 0.1884765625 0.728515625 0.1875 0.7529296875 0.20703125 0.7958984375 0.2392578125 0.818359375 0.2490234375 0.81640625 0.2265625 0.7646484375
2 0.189453125 0.4755859375 0.197265625 0.4794921875 0.19921875 0.5048828125 0.2099609375 0.515625 0.22265625 0.5166015625 0.2236328125 0.501953125 0.224609375 0.4833984375 0.2138671875 0.466796875 0.2021484375 0.466796875 0.189453125 0.4755859375
2 0.1376953125 0.55078125 0.130859375 0.5537109375 0.138671875 0.5810546875 0.1669921875 0.623046875 0.1923828125 0.626953125 0.2001953125 0.619140625 0.19921875 0.6044921875 0.1806640625 0.595703125 0.1591796875 0.56640625 0.1376953125 0.55078125
2 0.181640625 0.2353515625 0.18359375 0.2919921875 0.1943359375 0.326171875 0.201171875 0.3232421875 0.205078125 0.3037109375 0.2197265625 0.2890625 0.216796875 0.2626953125 0.1884765625 0.21875 0.181640625 0.2353515625
2 0.1201171875 0.251953125 0.111328125 0.2763671875 0.119140625 0.3212890625 0.1357421875 0.337890625 0.1552734375 0.33984375 0.1591796875 0.333984375 0.15625 0.2919921875 0.138671875 0.2607421875 0.1201171875 0.251953125
2 0.1005859375 0.333984375 0.09765625 0.4052734375 0.1044921875 0.4140625 0.11328125 0.4052734375 0.111328125 0.3642578125 0.1181640625 0.357421875 0.111328125 0.3369140625 0.1005859375 0.333984375