2 0.927734375 0.8525390625 0.9140625 0.8583984375 0.90625 0.8837890625 0.9228515625 0.91015625 0.9462890625 0.908203125 0.95703125 0.8974609375 0.962890625 0.8623046875 0.9541015625 0.85546875 0.927734375 0.8525390625
2 0.15625 0.8310546875 0.14453125 0.8388671875 0.134765625 0.8662109375 0.1533203125 0.88671875 0.1845703125 0.892578125 0.19921875 0.8740234375 0.19921875 0.8466796875 0.1845703125 0.833984375 0.15625 0.8310546875
2 0.61328125 0.8623046875 0.60546875 0.8662109375 0.59765625 0.8896484375 0.6015625 0.9091796875 0.6240234375 0.921875 0.6494140625 0.916015625 0.658203125 0.8681640625 0.61328125 0.8623046875
2 0.640625 0.6337890625 0.62109375 0.6455078125 0.603515625 0.6826171875 0.60546875 0.7021484375 0.6220703125 0.712890625 0.66015625 0.7021484375 0.6640625 0.6435546875 0.640625 0.6337890625
2 0.76953125 0.6220703125 0.759765625 0.6474609375 0.771484375 0.6630859375 0.77734375 0.7001953125 0.7958984375 0.7109375 0.8212890625 0.7109375 0.828125 0.7041015625 0.83203125 0.6748046875 0.83984375 0.6611328125 0.8359375 0.6494140625 0.8193359375 0.640625 0.7822265625 0.638671875 0.76953125 0.6220703125
2 0.74609375 0.7861328125 0.7470703125 0.81640625 0.779296875 0.8134765625 0.7744140625 0.794921875 0.7587890625 0.78515625 0.74609375 0.7861328125
2 0.84765625 0.5556640625 0.833984375 0.5751953125 0.841796875 0.5986328125 0.8525390625 0.607421875 0.8837890625 0.599609375 0.89453125 0.5732421875 0.892578125 0.5634765625 0.84765625 0.5556640625
2 0.689453125 0.5185546875 0.69140625 0.5537109375 0.6953125 0.5634765625 0.7080078125 0.5703125 0.7109375 0.5400390625 0.69921875 0.5185546875 0.689453125 0.5185546875
2 0.65234375 0.3701171875 0.640625 0.3779296875 0.640625 0.3876953125 0.6552734375 0.404296875 0.6708984375 0.41015625 0.6640625 0.3759765625 0.65234375 0.3701171875
2 0.62890625 0.3408203125 0.62109375 0.3466796875 0.62109375 0.3583984375 0.6259765625 0.369140625 0.6376953125 0.373046875 0.654296875 0.3525390625 0.6435546875 0.33984375 0.62890625 0.3408203125
2 0.45703125 0.1513671875 0.44921875 0.1552734375 0.451171875 0.1611328125 0.4775390625 0.189453125 0.494140625 0.1845703125 0.4951171875 0.1640625 0.45703125 0.1513671875
2 0.587890625 0.0400390625 0.58203125 0.0478515625 0.587890625 0.0634765625 0.5966796875 0.0703125 0.6103515625 0.0703125 0.615234375 0.0458984375 0.6064453125 0.0390625 0.587890625 0.0400390625
2 0.640625 0.1201171875 0.625 0.1318359375 0.6259765625 0.15625 0.6484375 0.1533203125 0.6484375 0.1201171875 0.640625 0.1201171875
2 0.4375 0.7119140625 0.42578125 0.7236328125 0.4345703125 0.7421875 0.4697265625 0.765625 0.486328125 0.7548828125 0.490234375 0.7392578125 0.4833984375 0.7265625 0.4501953125 0.7109375 0.4375 0.7119140625
2 0.072265625 0.9033203125 0.056640625 0.9091796875 0.0615234375 0.919921875 0.1181640625 0.94921875 0.138671875 0.9462890625 0.138671875 0.9345703125 0.1279296875 0.92578125 0.0830078125 0.90234375 0.072265625 0.9033203125
2 0.056640625 0.5537109375 0.05078125 0.5673828125 0.080078125 0.6064453125 0.1044921875 0.607421875 0.103515625 0.5947265625 0.076171875 0.5576171875 0.056640625 0.5537109375
2 0.5859375 0.5205078125 0.57421875 0.5419921875 0.576171875 0.5830078125 0.5908203125 0.595703125 0.6064453125 0.595703125 0.630859375 0.5712890625 0.6328125 0.5458984375 0.6142578125 0.5234375 0.5859375 0.5205078125
2 0.54296875 0.7060546875 0.533203125 0.7353515625 0.5537109375 0.736328125 0.5625 0.7294921875 0.5625 0.7216796875 0.5498046875 0.705078125 0.54296875 0.7060546875
2 0.177734375 0.0947265625 0.171875 0.1005859375 0.171875 0.1162109375 0.181640625 0.1396484375 0.1884765625 0.146484375 0.2177734375 0.14453125 0.22265625 0.1318359375 0.2109375 0.1044921875 0.2021484375 0.095703125 0.177734375 0.0947265625
2 0.0234375 0.0927734375 0.01953125 0.1005859375 0.029296875 0.1318359375 0.0341796875 0.13671875 0.0498046875 0.134765625 0.060546875 0.1240234375 0.05859375 0.1123046875 0.0361328125 0.091796875 0.0234375 0.0927734375
2 0.59765625 0.7568359375 0.58984375 0.7685546875 0.595703125 0.8134765625 0.6181640625 0.822265625 0.6533203125 0.818359375 0.662109375 0.8037109375 0.66015625 0.7685546875 0.6337890625 0.7578125 0.59765625 0.7568359375