2 0.0419921875 0.078125 0.021484375 0.1044921875 0.021484375 0.1240234375 0.048828125 0.1416015625 0.0791015625 0.138671875 0.09375 0.1259765625 0.087890625 0.0908203125 0.0751953125 0.076171875 0.0419921875 0.078125
2 0.1044921875 0.1875 0.087890625 0.1982421875 0.087890625 0.2236328125 0.103515625 0.2412109375 0.1318359375 0.234375 0.14453125 0.2197265625 0.138671875 0.1962890625 0.1259765625 0.1875 0.1044921875 0.1875
2 0.0205078125 0.3125 0.00390625 0.3232421875 0 0.3466796875 0.0068359375 0.35546875 0.01953125 0.3583984375 0.0439453125 0.357421875 0.052734375 0.3486328125 0.056640625 0.3291015625 0.0478515625 0.314453125 0.0205078125 0.3125
2 0.1396484375 0.255859375 0.12109375 0.2763671875 0.123046875 0.2958984375 0.150390625 0.3076171875 0.1630859375 0.306640625 0.181640625 0.2880859375 0.181640625 0.2744140625 0.1611328125 0.25390625 0.1396484375 0.255859375
2 0.3251953125 0.197265625 0.294921875 0.2177734375 0.291015625 0.2490234375 0.310546875 0.2626953125 0.3427734375 0.26171875 0.369140625 0.2392578125 0.375 0.2158203125 0.3662109375 0.201171875 0.3251953125 0.197265625
2 0.36328125 0.3271484375 0.365234375 0.3505859375 0.3828125 0.3642578125 0.3974609375 0.365234375 0.41796875 0.3505859375 0.4140625 0.3291015625 0.3955078125 0.310546875 0.36328125 0.3271484375
2 0.1181640625 0.5546875 0.1015625 0.5751953125 0.099609375 0.5908203125 0.119140625 0.6142578125 0.1552734375 0.611328125 0.169921875 0.5966796875 0.177734375 0.5673828125 0.1572265625 0.552734375 0.1181640625 0.5546875
2 0.2568359375 0.5078125 0.248046875 0.5146484375 0.23828125 0.5380859375 0.248046875 0.5458984375 0.2607421875 0.546875 0.28125 0.5283203125 0.28515625 0.5146484375 0.2802734375 0.5078125 0.2568359375 0.5078125
2 0.3037109375 0.6640625 0.2841796875 0.671875 0.275390625 0.6806640625 0.2734375 0.7041015625 0.27734375 0.7197265625 0.287109375 0.7255859375 0.3291015625 0.72265625 0.3544921875 0.708984375 0.357421875 0.6728515625 0.3349609375 0.662109375 0.3037109375 0.6640625
2 0.12109375 0.8818359375 0.1171875 0.8974609375 0.1259765625 0.908203125 0.146484375 0.9130859375 0.169921875 0.9091796875 0.171875 0.8818359375 0.1630859375 0.873046875 0.1357421875 0.869140625 0.12109375 0.8818359375
2 0.7685546875 0.72265625 0.75 0.7314453125 0.744140625 0.7626953125 0.7509765625 0.771484375 0.767578125 0.7763671875 0.7939453125 0.77734375 0.818359375 0.7646484375 0.8203125 0.7587890625 0.8017578125 0.728515625 0.7685546875 0.72265625
2 0.5517578125 0.9296875 0.5146484375 0.943359375 0.505859375 0.9501953125 0.50390625 0.9951171875 0.498046875 0.9990234375 0.5634765625 1 0.572265625 0.9716796875 0.58984375 0.9580078125 0.587890625 0.9345703125 0.5517578125 0.9296875
2 0.4443359375 0.541015625 0.435546875 0.5498046875 0.4375 0.5634765625 0.453125 0.5751953125 0.4814453125 0.568359375 0.494140625 0.5556640625 0.494140625 0.5458984375 0.4736328125 0.533203125 0.4443359375 0.541015625