2 0.36328125 0.3447265625 0.3740234375 0.35546875 0.3857421875 0.357421875 0.40234375 0.3466796875 0.404296875 0.3251953125 0.3955078125 0.314453125 0.3720703125 0.30859375 0.3623046875 0.318359375 0.36328125 0.3447265625
2 0.5283203125 0.08984375 0.5302734375 0.11328125 0.5615234375 0.11328125 0.57421875 0.0927734375 0.576171875 0.0556640625 0.5654296875 0.048828125 0.5537109375 0.052734375 0.5283203125 0.08984375
2 0.76171875 0.6884765625 0.76953125 0.6572265625 0.76171875 0.6357421875 0.7451171875 0.623046875 0.7294921875 0.6171875 0.7060546875 0.619140625 0.693359375 0.6298828125 0.6884765625 0.64453125 0.689453125 0.6748046875 0.7060546875 0.703125 0.7314453125 0.708984375 0.76171875 0.6884765625
2 0.2412109375 0.044921875 0.2119140625 0.0625 0.2177734375 0.091796875 0.2373046875 0.08984375 0.25 0.0712890625 0.25 0.0556640625 0.2412109375 0.044921875
2 0.5068359375 0 0.4912109375 0.029296875 0.490234375 0.0498046875 0.5029296875 0.056640625 0.517578125 0.0400390625 0.533203125 0.0009765625 0.5068359375 0
2 0.6533203125 0.02734375 0.6416015625 0.048828125 0.6474609375 0.060546875 0.6591796875 0.060546875 0.669921875 0.0478515625 0.66796875 0.0322265625 0.6533203125 0.02734375
2 0.8291015625 0.130859375 0.8525390625 0.12890625 0.861328125 0.1181640625 0.861328125 0.1044921875 0.8544921875 0.095703125 0.8408203125 0.09375 0.828125 0.1025390625 0.8251953125 0.1171875 0.8291015625 0.130859375
2 0.0419921875 0.693359375 0.04296875 0.7041015625 0.0517578125 0.705078125 0.078125 0.6787109375 0.0732421875 0.615234375 0.0576171875 0.619140625 0.044921875 0.6357421875 0.0419921875 0.693359375
2 0.0927734375 0.6953125 0.1123046875 0.697265625 0.125 0.6845703125 0.119140625 0.6513671875 0.1083984375 0.63671875 0.0869140625 0.638671875 0.07421875 0.6513671875 0.0732421875 0.662109375 0.07421875 0.6826171875 0.0927734375 0.6953125
2 0.0986328125 0.3359375 0.1015625 0.3740234375 0.1064453125 0.37890625 0.1279296875 0.376953125 0.1328125 0.3701171875 0.1171875 0.3408203125 0.1025390625 0.330078125 0.0986328125 0.3359375
2 0.0830078125 0.421875 0.0654296875 0.44921875 0.0693359375 0.462890625 0.0908203125 0.46484375 0.10546875 0.4501953125 0.103515625 0.4345703125 0.0830078125 0.421875
2 0.1806640625 0.513671875 0.1708984375 0.517578125 0.17578125 0.5498046875 0.1923828125 0.5703125 0.203125 0.5537109375 0.201171875 0.5322265625 0.1806640625 0.513671875
2 0.208984375 0.7939453125 0.2333984375 0.8125 0.2490234375 0.814453125 0.248046875 0.7998046875 0.224609375 0.7607421875 0.1962890625 0.732421875 0.1884765625 0.73046875 0.1865234375 0.736328125 0.208984375 0.7939453125
2 0.7119140625 0.732421875 0.712890625 0.7548828125 0.7294921875 0.767578125 0.7451171875 0.771484375 0.759765625 0.7607421875 0.76171875 0.7373046875 0.7431640625 0.72265625 0.7119140625 0.732421875
2 0.658203125 0.1376953125 0.666015625 0.1259765625 0.6630859375 0.107421875 0.6533203125 0.107421875 0.64453125 0.1201171875 0.626953125 0.1572265625 0.630859375 0.1728515625 0.6220703125 0.189453125 0.62109375 0.2060546875 0.6396484375 0.2109375 0.658203125 0.1689453125 0.658203125 0.1376953125
2 0.2890625 0.4287109375 0.296875 0.4462890625 0.3056640625 0.44921875 0.31640625 0.4306640625 0.31640625 0.4033203125 0.306640625 0.3642578125 0.2939453125 0.359375 0.2841796875 0.380859375 0.2890625 0.4287109375
2 0.3076171875 0.560546875 0.2939453125 0.56640625 0.294921875 0.5986328125 0.3076171875 0.611328125 0.314453125 0.5869140625 0.3125 0.5693359375 0.3076171875 0.560546875