2 0.0712890625 0.91015625 0.0634765625 0.888671875 0.0302734375 0.88671875 0.017578125 0.8994140625 0.01171875 0.9326171875 0.0341796875 0.94921875 0.0478515625 0.94921875 0.068359375 0.9287109375 0.0712890625 0.91015625
2 0.1767578125 0.8046875 0.1689453125 0.791015625 0.1435546875 0.794921875 0.1328125 0.8017578125 0.1328125 0.8173828125 0.1494140625 0.83203125 0.1650390625 0.833984375 0.177734375 0.8193359375 0.1767578125 0.8046875
2 0.0556640625 0.81640625 0.05078125 0.7958984375 0.0322265625 0.791015625 0.03125 0.8193359375 0.0517578125 0.822265625 0.0556640625 0.81640625
2 0.1787109375 0.375 0.154296875 0.3193359375 0.140625 0.2646484375 0.1318359375 0.25390625 0.126953125 0.2587890625 0.126953125 0.3330078125 0.1572265625 0.376953125 0.1767578125 0.380859375 0.1787109375 0.375
2 0.5341796875 0.580078125 0.5126953125 0.5546875 0.4892578125 0.5546875 0.47265625 0.5673828125 0.478515625 0.5986328125 0.5048828125 0.611328125 0.533203125 0.6064453125 0.5341796875 0.580078125
2 0.5478515625 0.80078125 0.5322265625 0.78125 0.5126953125 0.775390625 0.494140625 0.7939453125 0.494140625 0.8212890625 0.5048828125 0.8359375 0.5283203125 0.84375 0.546875 0.8251953125 0.5478515625 0.80078125
2 0.6337890625 0.72265625 0.6162109375 0.701171875 0.5947265625 0.6953125 0.56640625 0.7138671875 0.564453125 0.7353515625 0.5849609375 0.75 0.6162109375 0.751953125 0.630859375 0.7392578125 0.6337890625 0.72265625
2 0.5341796875 0.580078125 0.5126953125 0.5546875 0.4892578125 0.5546875 0.47265625 0.5673828125 0.48046875 0.6025390625 0.5048828125 0.611328125 0.533203125 0.6064453125 0.5341796875 0.580078125
2 0.5712890625 0.498046875 0.5673828125 0.490234375 0.5390625 0.4951171875 0.5595703125 0.52734375 0.572265625 0.5224609375 0.5712890625 0.498046875
2 0.6455078125 0.9296875 0.6083984375 0.91015625 0.587890625 0.9208984375 0.58203125 0.9443359375 0.5966796875 0.966796875 0.6279296875 0.970703125 0.6337890625 0.958984375 0.646484375 0.9541015625 0.6455078125 0.9296875
2 0.9619140625 0.82421875 0.9521484375 0.798828125 0.9248046875 0.798828125 0.91015625 0.8134765625 0.908203125 0.8349609375 0.9189453125 0.8515625 0.9501953125 0.861328125 0.9619140625 0.82421875
2 0.8447265625 0.525390625 0.8251953125 0.505859375 0.8037109375 0.505859375 0.783203125 0.5302734375 0.78515625 0.5537109375 0.8017578125 0.56640625 0.8271484375 0.56640625 0.845703125 0.5458984375 0.8447265625 0.525390625
2 0.7919921875 0.359375 0.7802734375 0.333984375 0.7509765625 0.330078125 0.732421875 0.3564453125 0.732421875 0.3720703125 0.7412109375 0.38671875 0.7646484375 0.390625 0.7890625 0.3798828125 0.7919921875 0.359375
2 0.8662109375 0.23046875 0.859375 0.2138671875 0.8330078125 0.197265625 0.810546875 0.2138671875 0.806640625 0.2392578125 0.8212890625 0.26171875 0.8349609375 0.263671875 0.85546875 0.2509765625 0.8671875 0.2373046875 0.8662109375 0.23046875
2 0.6083984375 0.10546875 0.599609375 0.0869140625 0.5888671875 0.080078125 0.5693359375 0.080078125 0.552734375 0.0927734375 0.5625 0.1259765625 0.5810546875 0.140625 0.5986328125 0.138671875 0.609375 0.1279296875 0.6083984375 0.10546875
2 0.4501953125 0.44921875 0.4384765625 0.435546875 0.421875 0.4365234375 0.421875 0.4541015625 0.4306640625 0.470703125 0.44921875 0.4677734375 0.4501953125 0.44921875