2 0.71484375 0.9677734375 0.7255859375 0.9765625 0.7470703125 0.974609375 0.759765625 0.9619140625 0.7607421875 0.94921875 0.7509765625 0.927734375 0.7314453125 0.921875 0.712890625 0.9443359375 0.71484375 0.9677734375
2 0.87890625 0.7568359375 0.880859375 0.7939453125 0.9248046875 0.80859375 0.94921875 0.7900390625 0.9560546875 0.76953125 0.955078125 0.7626953125 0.9326171875 0.744140625 0.8916015625 0.736328125 0.87890625 0.7568359375
2 0.9287109375 0.650390625 0.9072265625 0.642578125 0.88671875 0.6494140625 0.89453125 0.6708984375 0.9111328125 0.681640625 0.923828125 0.6787109375 0.9287109375 0.650390625
2 0.826171875 0.9033203125 0.8505859375 0.921875 0.8603515625 0.919921875 0.875 0.9072265625 0.8837890625 0.880859375 0.8759765625 0.86328125 0.8486328125 0.849609375 0.83203125 0.8662109375 0.826171875 0.9033203125
2 0.91796875 0.9111328125 0.9169921875 0.9375 0.9375 0.9345703125 0.9384765625 0.91015625 0.9248046875 0.904296875 0.91796875 0.9111328125
2 0.3623046875 0.5 0.37890625 0.4970703125 0.3798828125 0.48046875 0.3486328125 0.4609375 0.333984375 0.4638671875 0.3359375 0.4755859375 0.3564453125 0.48828125 0.3623046875 0.5
2 0.33984375 0.6435546875 0.328125 0.6884765625 0.3388671875 0.693359375 0.3740234375 0.685546875 0.3779296875 0.6796875 0.3671875 0.6787109375 0.3671875 0.6435546875 0.3525390625 0.630859375 0.33984375 0.6435546875
2 0.5927734375 0.76171875 0.587890625 0.7666015625 0.5927734375 0.779296875 0.62890625 0.7919921875 0.6298828125 0.822265625 0.642578125 0.8115234375 0.6416015625 0.7734375 0.6357421875 0.765625 0.6201171875 0.76171875 0.5927734375 0.76171875
2 0.0283203125 0.123046875 0.021484375 0.1025390625 0.0009765625 0.09375 0.0009765625 0.19140625 0.017578125 0.1865234375 0.029296875 0.1513671875 0.0283203125 0.123046875
2 0.4052734375 0.2734375 0.40234375 0.2373046875 0.3662109375 0.23046875 0.357421875 0.2548828125 0.359375 0.2666015625 0.3974609375 0.279296875 0.4052734375 0.2734375
2 0.2587890625 0.046875 0.236328125 0.0458984375 0.2392578125 0.076171875 0.255859375 0.0712890625 0.2587890625 0.046875