2 0.71484375 0.2646484375 0.7314453125 0.26953125 0.7509765625 0.29296875 0.7822265625 0.294921875 0.80859375 0.2724609375 0.8125 0.2607421875 0.8125 0.2333984375 0.796875 0.2099609375 0.7666015625 0.224609375 0.7236328125 0.228515625 0.71484375 0.2392578125 0.71484375 0.2646484375
2 0.8974609375 0.0546875 0.880859375 0.0791015625 0.8828125 0.1123046875 0.8916015625 0.123046875 0.912109375 0.1142578125 0.9296875 0.0810546875 0.927734375 0.0654296875 0.91015625 0.0556640625 0.8974609375 0.0546875
2 0.4365234375 0.0390625 0.4130859375 0.037109375 0.40625 0.0439453125 0.408203125 0.0634765625 0.435546875 0.0830078125 0.4482421875 0.103515625 0.478515625 0.0869140625 0.4609375 0.0263671875 0.4462890625 0.025390625 0.4365234375 0.0390625
2 0.1806640625 0.29296875 0.1640625 0.3076171875 0.162109375 0.3369140625 0.1845703125 0.35546875 0.2041015625 0.3515625 0.2265625 0.3232421875 0.224609375 0.3037109375 0.203125 0.2939453125 0.1806640625 0.29296875
2 0.267578125 0.2978515625 0.2490234375 0.30078125 0.240234375 0.3134765625 0.234375 0.3642578125 0.2392578125 0.376953125 0.265625 0.3720703125 0.27734375 0.3212890625 0.267578125 0.2978515625
2 0.3388671875 0.328125 0.322265625 0.3408203125 0.32421875 0.3642578125 0.3330078125 0.37109375 0.3447265625 0.37109375 0.3671875 0.3544921875 0.3671875 0.3388671875 0.3515625 0.3291015625 0.3388671875 0.328125
2 0.0966796875 0.275390625 0.087890625 0.2822265625 0.0859375 0.2978515625 0.0927734375 0.306640625 0.1123046875 0.30859375 0.126953125 0.2998046875 0.125 0.2861328125 0.111328125 0.2763671875 0.0966796875 0.275390625
2 0.154296875 0.1923828125 0.1396484375 0.19140625 0.1328125 0.2001953125 0.1337890625 0.224609375 0.1474609375 0.224609375 0.16015625 0.2119140625 0.162109375 0.2001953125 0.154296875 0.1923828125
2 0.1474609375 0.068359375 0.1357421875 0.08203125 0.115234375 0.0908203125 0.1201171875 0.115234375 0.1396484375 0.119140625 0.169921875 0.1044921875 0.17578125 0.0771484375 0.162109375 0.0673828125 0.1474609375 0.068359375
2 0.111328125 0.4365234375 0.099609375 0.4404296875 0.095703125 0.4521484375 0.1044921875 0.466796875 0.1162109375 0.46484375 0.126953125 0.4482421875 0.1240234375 0.439453125 0.111328125 0.4365234375
2 0.3203125 0.5146484375 0.298828125 0.5244140625 0.298828125 0.5458984375 0.3095703125 0.5546875 0.3251953125 0.5546875 0.333984375 0.5478515625 0.333984375 0.5244140625 0.3203125 0.5146484375
2 0.4931640625 0.48046875 0.4609375 0.5068359375 0.462890625 0.5185546875 0.4814453125 0.533203125 0.5068359375 0.529296875 0.5234375 0.5126953125 0.5234375 0.5048828125 0.5 0.4814453125 0.4931640625 0.48046875
2 0.62109375 0.5166015625 0.6455078125 0.537109375 0.6650390625 0.537109375 0.677734375 0.5185546875 0.673828125 0.5087890625 0.6494140625 0.49609375 0.6376953125 0.482421875 0.619140625 0.4775390625 0.609375 0.4853515625 0.62109375 0.5166015625
2 0.5927734375 0.791015625 0.58984375 0.7998046875 0.5986328125 0.826171875 0.6240234375 0.83203125 0.638671875 0.8212890625 0.6376953125 0.794921875 0.6025390625 0.796875 0.599609375 0.7919921875 0.5927734375 0.791015625
2 0.7109375 0.7119140625 0.69140625 0.7138671875 0.6875 0.7373046875 0.7099609375 0.759765625 0.7275390625 0.759765625 0.734375 0.7431640625 0.732421875 0.7255859375 0.7109375 0.7119140625
2 0.8720703125 0.55859375 0.8408203125 0.572265625 0.833984375 0.5947265625 0.8583984375 0.59765625 0.8798828125 0.578125 0.9111328125 0.5703125 0.9140625 0.5595703125 0.908203125 0.5556640625 0.8720703125 0.55859375
2 0.1123046875 0.72265625 0.103515625 0.7353515625 0.107421875 0.7607421875 0.1220703125 0.78515625 0.1396484375 0.787109375 0.1484375 0.7802734375 0.15234375 0.7587890625 0.123046875 0.7236328125 0.1123046875 0.72265625
2 0.02734375 0.7021484375 0.03125 0.6826171875 0.021484375 0.6669921875 0 0.6708984375 0.0009765625 0.703125 0.02734375 0.7021484375
2 0.041015625 0.6376953125 0.0341796875 0.626953125 0.013671875 0.6201171875 0 0.6201171875 0.0009765625 0.64453125 0.041015625 0.6376953125
2 0.232421875 0.5498046875 0.216796875 0.5322265625 0.185546875 0.5458984375 0.185546875 0.5595703125 0.2001953125 0.57421875 0.2197265625 0.56640625 0.232421875 0.5498046875
2 0.9345703125 0.70703125 0.9013671875 0.72265625 0.880859375 0.7392578125 0.8828125 0.7509765625 0.9189453125 0.751953125 0.9599609375 0.732421875 0.970703125 0.7216796875 0.9609375 0.7080078125 0.9345703125 0.70703125
2 0.890625 0.6494140625 0.8623046875 0.650390625 0.841796875 0.6689453125 0.841796875 0.6806640625 0.8525390625 0.689453125 0.8818359375 0.68359375 0.900390625 0.6669921875 0.890625 0.6494140625
2 0.33203125 0.1708984375 0.328125 0.1865234375 0.3359375 0.2021484375 0.3447265625 0.20703125 0.3740234375 0.203125 0.37890625 0.1982421875 0.376953125 0.1865234375 0.353515625 0.1689453125 0.33203125 0.1708984375
2 0.310546875 0.1416015625 0.2919921875 0.140625 0.28515625 0.1474609375 0.28515625 0.1611328125 0.3212890625 0.189453125 0.326171875 0.1826171875 0.32421875 0.1552734375 0.310546875 0.1416015625
2 0.359375 0.1064453125 0.3212890625 0.1171875 0.31640625 0.1435546875 0.3310546875 0.154296875 0.3427734375 0.154296875 0.3515625 0.1279296875 0.36328125 0.1201171875 0.359375 0.1064453125