2 0.072265625 0.2490234375 0.05078125 0.2392578125 0.0380859375 0.240234375 0.025390625 0.2529296875 0.0234375 0.2744140625 0.0322265625 0.28515625 0.0556640625 0.287109375 0.078125 0.2685546875 0.072265625 0.2490234375
2 0.2373046875 0.044921875 0.23046875 0.0439453125 0.2099609375 0.05078125 0.19140625 0.0751953125 0.2060546875 0.119140625 0.2431640625 0.12109375 0.263671875 0.1083984375 0.255859375 0.0673828125 0.2373046875 0.044921875
2 0.3291015625 0.10546875 0.3505859375 0.11328125 0.357421875 0.0927734375 0.349609375 0.0712890625 0.3212890625 0.076171875 0.318359375 0.0888671875 0.3291015625 0.10546875
2 0.13671875 0.1240234375 0.119140625 0.1162109375 0.0927734375 0.125 0.080078125 0.1396484375 0.078125 0.1494140625 0.0966796875 0.173828125 0.1337890625 0.16796875 0.150390625 0.1513671875 0.13671875 0.1240234375
2 0.0654296875 0.0625 0.0625 0.0830078125 0.0888671875 0.08203125 0.095703125 0.0751953125 0.08984375 0.0615234375 0.0654296875 0.0625
2 0.5361328125 0.666015625 0.5390625 0.6513671875 0.51953125 0.6201171875 0.5029296875 0.62109375 0.5 0.6376953125 0.51171875 0.6435546875 0.5244140625 0.6640625 0.5361328125 0.666015625
2 0.3212890625 0.6328125 0.3203125 0.6220703125 0.314453125 0.6259765625 0.306640625 0.6611328125 0.3115234375 0.671875 0.3564453125 0.66015625 0.369140625 0.6474609375 0.3564453125 0.6328125 0.3212890625 0.6328125
2 0.2265625 0.3583984375 0.1884765625 0.357421875 0.177734375 0.3701171875 0.2080078125 0.37109375 0.220703125 0.4072265625 0.2333984375 0.412109375 0.23828125 0.4072265625 0.23828125 0.3798828125 0.234375 0.3642578125 0.2265625 0.3583984375
2 0.80859375 0.9990234375 0.90625 0.9990234375 0.8974609375 0.978515625 0.876953125 0.9716796875 0.8486328125 0.970703125 0.8134765625 0.982421875 0.80859375 0.9990234375
2 0.7451171875 0.642578125 0.76953125 0.6337890625 0.7626953125 0.59765625 0.7265625 0.5947265625 0.720703125 0.6025390625 0.7333984375 0.640625 0.7451171875 0.642578125
2 0.9541015625 0.763671875 0.953125 0.7412109375 0.9287109375 0.744140625 0.923828125 0.7607421875 0.9541015625 0.763671875