2 0.8447265625 0.93359375 0.8115234375 0.9453125 0.8115234375 0.953125 0.8125 0.9677734375 0.8193359375 0.97265625 0.8251953125 0.966796875 0.8701171875 0.96875 0.87890625 0.9365234375 0.8447265625 0.93359375
2 0.7666015625 1 0.767578125 0.9580078125 0.7626953125 0.953125 0.7275390625 0.955078125 0.71875 0.9697265625 0.7197265625 0.98828125 0.7236328125 1 0.7666015625 1
2 0.7978515625 1 0.818359375 0.9853515625 0.8125 0.9501953125 0.7978515625 0.939453125 0.7802734375 0.9375 0.7724609375 0.955078125 0.7763671875 1 0.7978515625 1
2 0.765625 0.2138671875 0.767578125 0.1982421875 0.7490234375 0.15625 0.7265625 0.1552734375 0.7080078125 0.208984375 0.7197265625 0.224609375 0.765625 0.2138671875
2 0.7509765625 0.08984375 0.7568359375 0.095703125 0.7841796875 0.09765625 0.796875 0.0869140625 0.80078125 0.0732421875 0.7705078125 0.056640625 0.751953125 0.0751953125 0.7509765625 0.08984375
2 0.927734375 0.0458984375 0.935546875 0.0283203125 0.9169921875 0.025390625 0.8935546875 0.01171875 0.896484375 0.0244140625 0.888671875 0.0380859375 0.8896484375 0.05859375 0.9111328125 0.06640625 0.9189453125 0.087890625 0.9296875 0.0732421875 0.927734375 0.0458984375
2 0.9443359375 0.421875 0.9521484375 0.4296875 0.9931640625 0.427734375 0.99609375 0.4130859375 0.9892578125 0.404296875 0.9736328125 0.404296875 0.9482421875 0.412109375 0.9443359375 0.421875
2 0.7890625 0.5341796875 0.7763671875 0.525390625 0.7451171875 0.5390625 0.736328125 0.5517578125 0.7373046875 0.564453125 0.740234375 0.5732421875 0.7685546875 0.595703125 0.771484375 0.5615234375 0.794921875 0.5478515625 0.7890625 0.5341796875
2 0.5654296875 0.21484375 0.548828125 0.2197265625 0.5498046875 0.236328125 0.552734375 0.2529296875 0.5615234375 0.2578125 0.5771484375 0.255859375 0.5859375 0.2431640625 0.580078125 0.2275390625 0.5654296875 0.21484375
2 0.42578125 0.3798828125 0.423828125 0.3583984375 0.3994140625 0.3359375 0.3740234375 0.34375 0.3701171875 0.353515625 0.4150390625 0.3828125 0.42578125 0.3798828125
2 0.2392578125 0.529296875 0.2744140625 0.517578125 0.2919921875 0.505859375 0.296875 0.4951171875 0.2880859375 0.484375 0.2744140625 0.482421875 0.2490234375 0.4921875 0.2431640625 0.5 0.2216796875 0.501953125 0.21484375 0.5068359375 0.2138671875 0.517578125 0.2275390625 0.529296875 0.2392578125 0.529296875
2 0.1357421875 0.673828125 0.138671875 0.6435546875 0.1318359375 0.63671875 0.1162109375 0.638671875 0.1083984375 0.66015625 0.1220703125 0.671875 0.1357421875 0.673828125
2 0.185546875 0.7001953125 0.185546875 0.6884765625 0.1708984375 0.669921875 0.1513671875 0.66796875 0.1357421875 0.67578125 0.1708984375 0.703125 0.185546875 0.7001953125
2 0.037109375 0.5908203125 0.0263671875 0.57421875 0.0048828125 0.564453125 0 0.5673828125 0.0009765625 0.59765625 0.0283203125 0.6015625 0.037109375 0.5908203125
2 0.029296875 0.3115234375 0.025390625 0.2919921875 0.0126953125 0.283203125 0 0.2841796875 0.0009765625 0.326171875 0.0166015625 0.32421875 0.029296875 0.3115234375
2 0.1240234375 0.18359375 0.1708984375 0.236328125 0.1806640625 0.2421875 0.19921875 0.2373046875 0.169921875 0.1904296875 0.1357421875 0.16015625 0.125 0.1650390625 0.1240234375 0.18359375
2 0.2509765625 0.61328125 0.23828125 0.6298828125 0.2392578125 0.640625 0.2666015625 0.65234375 0.2802734375 0.650390625 0.29296875 0.6201171875 0.2890625 0.6025390625 0.2763671875 0.599609375 0.2509765625 0.61328125
2 0.2353515625 0.685546875 0.2607421875 0.73046875 0.2783203125 0.734375 0.287109375 0.7255859375 0.27734375 0.7041015625 0.2431640625 0.67578125 0.234375 0.6787109375 0.2353515625 0.685546875
2 0.6513671875 0.716796875 0.6826171875 0.740234375 0.6943359375 0.740234375 0.69921875 0.7333984375 0.693359375 0.7060546875 0.6787109375 0.69140625 0.6513671875 0.705078125 0.6513671875 0.716796875
2 0.6103515625 0.298828125 0.6015625 0.3076171875 0.6005859375 0.328125 0.6103515625 0.34765625 0.6259765625 0.359375 0.640625 0.3583984375 0.6328125 0.3330078125 0.6357421875 0.291015625 0.6103515625 0.298828125
2 0.6201171875 0.390625 0.623046875 0.4189453125 0.6357421875 0.431640625 0.6435546875 0.431640625 0.65234375 0.4111328125 0.650390625 0.3876953125 0.6201171875 0.375 0.6201171875 0.390625
2 0.6552734375 0.4296875 0.63671875 0.4443359375 0.6376953125 0.458984375 0.64453125 0.4892578125 0.6572265625 0.494140625 0.666015625 0.4658203125 0.66015625 0.4462890625 0.650390625 0.4384765625 0.6552734375 0.4296875