2 0.0849609375 0.58984375 0.087890625 0.6357421875 0.1064453125 0.658203125 0.1376953125 0.6640625 0.158203125 0.6474609375 0.1640625 0.6064453125 0.158203125 0.5908203125 0.1396484375 0.57421875 0.1044921875 0.57421875 0.0849609375 0.58984375
2 0.021484375 0.4892578125 0.0537109375 0.501953125 0.0849609375 0.5 0.1015625 0.4853515625 0.111328125 0.4599609375 0.109375 0.4326171875 0.0673828125 0.400390625 0.0478515625 0.400390625 0.0185546875 0.412109375 0.0029296875 0.44921875 0.00390625 0.4697265625 0.021484375 0.4892578125
2 0.9609375 0.7099609375 0.9609375 0.7001953125 0.9404296875 0.693359375 0.9287109375 0.70703125 0.9306640625 0.720703125 0.9423828125 0.720703125 0.9609375 0.7099609375
2 0.96484375 0.3759765625 0.966796875 0.3603515625 0.9599609375 0.3515625 0.9384765625 0.35546875 0.9375 0.3681640625 0.9443359375 0.37890625 0.96484375 0.3759765625
2 0.7998046875 0.263671875 0.8876953125 0.302734375 0.9072265625 0.330078125 0.9208984375 0.33203125 0.92578125 0.3271484375 0.92578125 0.3134765625 0.8994140625 0.2734375 0.8505859375 0.263671875 0.7763671875 0.21875 0.7646484375 0.22265625 0.765625 0.2314453125 0.7998046875 0.263671875
2 0.8193359375 0.16796875 0.8037109375 0.166015625 0.7685546875 0.16796875 0.7744140625 0.1796875 0.8037109375 0.185546875 0.8193359375 0.18359375 0.82421875 0.1748046875 0.8193359375 0.16796875
2 0.7314453125 0.1875 0.7177734375 0.181640625 0.6982421875 0.18359375 0.7060546875 0.197265625 0.7275390625 0.2109375 0.74609375 0.2119140625 0.74609375 0.2021484375 0.7314453125 0.1875
2 0.9765625 0.4208984375 0.970703125 0.4052734375 0.9560546875 0.392578125 0.9482421875 0.39453125 0.94921875 0.4130859375 0.9716796875 0.431640625 0.9765625 0.4208984375
2 0.9541015625 0.349609375 0.9365234375 0.357421875 0.9443359375 0.37890625 0.9638671875 0.3828125 0.970703125 0.3916015625 0.9990234375 0.455078125 1 0.3701171875 0.9833984375 0.35546875 0.9541015625 0.349609375
2 0.4931640625 0.94140625 0.4921875 0.9560546875 0.5205078125 1 0.6328125 0.9970703125 0.61328125 0.9697265625 0.611328125 0.9580078125 0.5693359375 0.923828125 0.5244140625 0.9140625 0.5068359375 0.921875 0.4931640625 0.94140625
2 0.3115234375 1 0.3125 0.9814453125 0.3056640625 0.9765625 0.2900390625 0.978515625 0.2841796875 0.998046875 0.3115234375 1
2 0.1845703125 0.75 0.19140625 0.7783203125 0.2021484375 0.78515625 0.2119140625 0.783203125 0.21875 0.7685546875 0.216796875 0.7373046875 0.2099609375 0.73046875 0.2021484375 0.732421875 0.1875 0.7412109375 0.1845703125 0.75
2 0.2587890625 0.46484375 0.2216796875 0.46875 0.2080078125 0.48828125 0.2099609375 0.494140625 0.2373046875 0.4921875 0.2568359375 0.484375 0.263671875 0.4697265625 0.2587890625 0.46484375
2 0.4130859375 0.46875 0.404296875 0.4677734375 0.3876953125 0.51171875 0.388671875 0.5224609375 0.3994140625 0.533203125 0.421875 0.5244140625 0.42578125 0.4931640625 0.4130859375 0.46875
2 0.4462890625 0.267578125 0.4228515625 0.275390625 0.4091796875 0.298828125 0.4130859375 0.310546875 0.4267578125 0.310546875 0.453125 0.2822265625 0.453125 0.2705078125 0.4462890625 0.267578125
2 0.4921875 0.3134765625 0.4677734375 0.3125 0.4541015625 0.3359375 0.453125 0.3466796875 0.4638671875 0.357421875 0.4716796875 0.357421875 0.482421875 0.3447265625 0.4921875 0.3134765625
2 0.4736328125 0.357421875 0.4873046875 0.33203125 0.5146484375 0.337890625 0.51953125 0.3251953125 0.5107421875 0.31640625 0.4970703125 0.318359375 0.4912109375 0.310546875 0.4736328125 0.310546875 0.4609375 0.3173828125 0.4541015625 0.3359375 0.455078125 0.3505859375 0.4736328125 0.357421875
2 0.53515625 0.6103515625 0.537109375 0.5947265625 0.5322265625 0.58984375 0.5087890625 0.591796875 0.5078125 0.6083984375 0.5166015625 0.619140625 0.53515625 0.6103515625
2 0.271484375 0.1416015625 0.2666015625 0.1328125 0.2548828125 0.12890625 0.2412109375 0.1328125 0.240234375 0.1435546875 0.2490234375 0.1484375 0.271484375 0.1416015625
2 0.2724609375 0.109375 0.2626953125 0.11328125 0.2646484375 0.126953125 0.27734375 0.1259765625 0.2724609375 0.109375
2 0.078125 0.0283203125 0.0478515625 0.029296875 0.048828125 0.0498046875 0.0712890625 0.072265625 0.078125 0.0283203125
2 0.8828125 0.0244140625 0.8828125 0.0185546875 0.8681640625 0.015625 0.8349609375 0.03515625 0.8427734375 0.041015625 0.8623046875 0.0390625 0.8828125 0.0244140625
2 0.7685546875 0.744140625 0.7509765625 0.75 0.7626953125 0.763671875 0.78125 0.7568359375 0.7685546875 0.744140625