2 0.9365234375 0.888671875 0.9287109375 0.91015625 0.931640625 0.9287109375 0.9521484375 0.94921875 0.9658203125 0.94921875 0.98828125 0.9326171875 0.982421875 0.8994140625 0.9697265625 0.88671875 0.9365234375 0.888671875
2 0.8310546875 0.791015625 0.8232421875 0.8046875 0.822265625 0.8193359375 0.8349609375 0.833984375 0.8505859375 0.83203125 0.8671875 0.8173828125 0.8671875 0.8017578125 0.8564453125 0.794921875 0.8310546875 0.791015625
2 0.96875 0.8193359375 0.9677734375 0.791015625 0.94921875 0.7958984375 0.9443359375 0.81640625 0.9482421875 0.822265625 0.96875 0.8193359375
2 0.845703125 0.3193359375 0.8212890625 0.375 0.8232421875 0.380859375 0.8427734375 0.376953125 0.873046875 0.3330078125 0.873046875 0.2587890625 0.8681640625 0.25390625 0.859375 0.2646484375 0.845703125 0.3193359375
2 0.4658203125 0.580078125 0.466796875 0.6064453125 0.4951171875 0.611328125 0.521484375 0.5986328125 0.52734375 0.5673828125 0.5107421875 0.5546875 0.4873046875 0.5546875 0.4658203125 0.580078125
2 0.4677734375 0.78125 0.4521484375 0.80078125 0.453125 0.8251953125 0.4716796875 0.84375 0.4951171875 0.8359375 0.505859375 0.8212890625 0.505859375 0.7939453125 0.4873046875 0.775390625 0.4677734375 0.78125
2 0.3837890625 0.701171875 0.3662109375 0.72265625 0.369140625 0.7392578125 0.3837890625 0.751953125 0.4150390625 0.75 0.435546875 0.7353515625 0.43359375 0.7138671875 0.4052734375 0.6953125 0.3837890625 0.701171875
2 0.4658203125 0.580078125 0.466796875 0.6064453125 0.4951171875 0.611328125 0.51953125 0.6025390625 0.52734375 0.5673828125 0.5107421875 0.5546875 0.4873046875 0.5546875 0.4658203125 0.580078125
2 0.4404296875 0.52734375 0.4609375 0.4951171875 0.4326171875 0.490234375 0.4287109375 0.498046875 0.427734375 0.5224609375 0.4404296875 0.52734375
2 0.3916015625 0.91015625 0.3544921875 0.9296875 0.353515625 0.9541015625 0.3662109375 0.958984375 0.3720703125 0.970703125 0.4033203125 0.966796875 0.41796875 0.9443359375 0.412109375 0.9208984375 0.3916015625 0.91015625
2 0.0380859375 0.82421875 0.0498046875 0.861328125 0.0810546875 0.8515625 0.091796875 0.8349609375 0.08984375 0.8134765625 0.0751953125 0.798828125 0.0478515625 0.798828125 0.0380859375 0.82421875
2 0.1748046875 0.505859375 0.1552734375 0.525390625 0.154296875 0.5458984375 0.1728515625 0.56640625 0.1982421875 0.56640625 0.21484375 0.5537109375 0.216796875 0.5302734375 0.1962890625 0.505859375 0.1748046875 0.505859375
2 0.2197265625 0.333984375 0.2080078125 0.359375 0.2109375 0.3798828125 0.2353515625 0.390625 0.2587890625 0.38671875 0.267578125 0.3720703125 0.267578125 0.3564453125 0.2490234375 0.330078125 0.2197265625 0.333984375
2 0.1669921875 0.197265625 0.140625 0.2138671875 0.1337890625 0.23046875 0.1328125 0.2373046875 0.14453125 0.2509765625 0.1650390625 0.263671875 0.1787109375 0.26171875 0.193359375 0.2392578125 0.189453125 0.2138671875 0.1669921875 0.197265625
2 0.4111328125 0.080078125 0.400390625 0.0869140625 0.3916015625 0.10546875 0.390625 0.1279296875 0.4013671875 0.138671875 0.4189453125 0.140625 0.4375 0.1259765625 0.447265625 0.0927734375 0.4306640625 0.080078125 0.4111328125 0.080078125
2 0.55078125 0.4677734375 0.5693359375 0.470703125 0.578125 0.4541015625 0.578125 0.4365234375 0.5615234375 0.435546875 0.5498046875 0.44921875 0.55078125 0.4677734375