2 0.8583984375 0.951171875 0.8759765625 0.978515625 0.8955078125 0.978515625 0.921875 0.9580078125 0.923828125 0.9248046875 0.9091796875 0.912109375 0.8740234375 0.90625 0.861328125 0.9208984375 0.8583984375 0.951171875
2 0.7587890625 0.896484375 0.7763671875 0.912109375 0.8017578125 0.912109375 0.8125 0.8955078125 0.8125 0.8740234375 0.8037109375 0.861328125 0.7802734375 0.85546875 0.765625 0.8681640625 0.7587890625 0.896484375
2 0.6416015625 0.98046875 0.64453125 0.9931640625 0.6533203125 1 0.6767578125 0.99609375 0.6875 0.9794921875 0.685546875 0.9521484375 0.6708984375 0.943359375 0.6513671875 0.947265625 0.642578125 0.9560546875 0.6416015625 0.98046875
2 0.6923828125 0.849609375 0.7041015625 0.876953125 0.7236328125 0.87890625 0.744140625 0.8603515625 0.74609375 0.8388671875 0.7255859375 0.818359375 0.7119140625 0.818359375 0.693359375 0.8369140625 0.6923828125 0.849609375
2 0.7373046875 0.689453125 0.7509765625 0.708984375 0.7822265625 0.705078125 0.802734375 0.6748046875 0.798828125 0.6337890625 0.7841796875 0.625 0.7607421875 0.630859375 0.73828125 0.6572265625 0.7373046875 0.689453125
2 0.6357421875 0.6171875 0.6494140625 0.634765625 0.6728515625 0.63671875 0.689453125 0.6044921875 0.6708984375 0.5859375 0.6494140625 0.58203125 0.634765625 0.6025390625 0.6357421875 0.6171875
2 0.3857421875 0.880859375 0.4091796875 0.900390625 0.4248046875 0.8984375 0.4453125 0.8818359375 0.447265625 0.8427734375 0.4326171875 0.822265625 0.4033203125 0.830078125 0.388671875 0.8447265625 0.3857421875 0.880859375
2 0.4541015625 0.751953125 0.4619140625 0.76171875 0.4853515625 0.751953125 0.4921875 0.7431640625 0.4921875 0.7197265625 0.4853515625 0.71484375 0.4716796875 0.71875 0.453125 0.7392578125 0.4541015625 0.751953125
2 0.2744140625 0.712890625 0.2802734375 0.72265625 0.2958984375 0.7265625 0.3193359375 0.724609375 0.328125 0.7158203125 0.3359375 0.6962890625 0.337890625 0.6650390625 0.3271484375 0.642578125 0.291015625 0.6455078125 0.27734375 0.6708984375 0.2744140625 0.712890625
2 0.0869140625 0.853515625 0.091796875 0.8740234375 0.1025390625 0.8828125 0.1181640625 0.87890625 0.130859375 0.8642578125 0.126953125 0.8369140625 0.1181640625 0.828125 0.0908203125 0.830078125 0.0869140625 0.853515625
2 0.2236328125 0.232421875 0.228515625 0.2490234375 0.2373046875 0.255859375 0.2685546875 0.25 0.27734375 0.2314453125 0.271484375 0.1982421875 0.2412109375 0.1796875 0.2353515625 0.181640625 0.22265625 0.2060546875 0.2236328125 0.232421875
2 0.0009765625 0.501953125 0.0048828125 0.49609375 0.0498046875 0.494140625 0.056640625 0.4853515625 0.0703125 0.4482421875 0.0654296875 0.412109375 0.0419921875 0.41015625 0.0283203125 0.427734375 0 0.4365234375 0.0009765625 0.501953125
2 0.4248046875 0.546875 0.4365234375 0.5625 0.4501953125 0.564453125 0.458984375 0.5556640625 0.466796875 0.5263671875 0.4541015625 0.505859375 0.4443359375 0.505859375 0.431640625 0.5185546875 0.4248046875 0.546875