2 1 0.8427734375 0.9814453125 0.8359375 0.96875 0.8486328125 0.96875 0.8662109375 0.9814453125 0.880859375 0.994140625 0.8798828125 1 0.8759765625 1 0.8427734375
2 0.931640625 0.8037109375 0.939453125 0.7939453125 0.9375 0.7763671875 0.9169921875 0.759765625 0.8994140625 0.759765625 0.89453125 0.7685546875 0.90234375 0.7880859375 0.9150390625 0.802734375 0.931640625 0.8037109375
2 0.87890625 0.9072265625 0.8974609375 0.8984375 0.900390625 0.8857421875 0.8818359375 0.869140625 0.8505859375 0.8671875 0.8359375 0.8876953125 0.837890625 0.8974609375 0.8564453125 0.908203125 0.87890625 0.9072265625
2 0.794921875 0.9365234375 0.8046875 0.9267578125 0.802734375 0.9033203125 0.791015625 0.8857421875 0.7802734375 0.880859375 0.759765625 0.9013671875 0.771484375 0.9228515625 0.7841796875 0.935546875 0.794921875 0.9365234375
2 0.466796875 0.8291015625 0.48046875 0.8212890625 0.4814453125 0.80859375 0.4521484375 0.798828125 0.4326171875 0.798828125 0.42578125 0.8056640625 0.42578125 0.8115234375 0.4482421875 0.828125 0.466796875 0.8291015625
2 0.51953125 0.8642578125 0.5029296875 0.849609375 0.4833984375 0.849609375 0.478515625 0.8701171875 0.482421875 0.8955078125 0.4931640625 0.908203125 0.505859375 0.9091796875 0.51953125 0.8642578125
2 0.4140625 0.9365234375 0.416015625 0.9072265625 0.4052734375 0.89453125 0.3828125 0.9111328125 0.373046875 0.9287109375 0.375 0.9404296875 0.390625 0.9462890625 0.4140625 0.9365234375
2 0.2666015625 0.828125 0.2412109375 0.828125 0.21875 0.8505859375 0.216796875 0.8818359375 0.232421875 0.8857421875 0.25 0.8701171875 0.2666015625 0.828125
2 0.208984375 0.8759765625 0.208984375 0.8544921875 0.2021484375 0.84765625 0.1884765625 0.849609375 0.17578125 0.8720703125 0.17578125 0.8994140625 0.193359375 0.9013671875 0.208984375 0.8759765625
2 0.1328125 0.8916015625 0.146484375 0.8603515625 0.146484375 0.8369140625 0.1357421875 0.82421875 0.123046875 0.8330078125 0.11328125 0.8505859375 0.11328125 0.8837890625 0.1181640625 0.890625 0.1328125 0.8916015625
2 0.0517578125 0.9375 0.05859375 0.9169921875 0.0458984375 0.916015625 0.0166015625 0.927734375 0.00390625 0.9404296875 0.0107421875 0.94921875 0.025390625 0.9482421875 0.0517578125 0.9375
2 0.0234375 0.9501953125 0.0478515625 0.94140625 0.0751953125 0.94140625 0.08203125 0.9267578125 0.0498046875 0.9140625 0.0126953125 0.9296875 0 0.9423828125 0.0068359375 0.94921875 0.0234375 0.9501953125
2 0.1953125 0.7802734375 0.1953125 0.7607421875 0.1865234375 0.75 0.1669921875 0.748046875 0.15625 0.7646484375 0.1708984375 0.7890625 0.18359375 0.7900390625 0.1953125 0.7802734375
2 0.298828125 0.8076171875 0.3046875 0.7939453125 0.2998046875 0.787109375 0.2822265625 0.7890625 0.267578125 0.8056640625 0.265625 0.8193359375 0.271484375 0.8271484375 0.298828125 0.8076171875
2 0.29296875 0.7802734375 0.29296875 0.7587890625 0.2783203125 0.75 0.265625 0.7646484375 0.265625 0.7744140625 0.2763671875 0.787109375 0.287109375 0.7861328125 0.29296875 0.7802734375
2 0.158203125 0.6142578125 0.15234375 0.5986328125 0.1416015625 0.595703125 0.134765625 0.6044921875 0.130859375 0.6357421875 0.1552734375 0.6640625 0.162109375 0.6630859375 0.158203125 0.6142578125
2 0.0283203125 0.63671875 0.0087890625 0.638671875 0.009765625 0.6591796875 0.0263671875 0.671875 0.0390625 0.6728515625 0.044921875 0.6435546875 0.0283203125 0.63671875
2 0.14453125 0.4697265625 0.1298828125 0.458984375 0.109375 0.4794921875 0.111328125 0.4970703125 0.126953125 0.5087890625 0.14453125 0.4814453125 0.14453125 0.4697265625
2 0.080078125 0.5166015625 0.078125 0.4951171875 0.0712890625 0.490234375 0.0478515625 0.494140625 0.041015625 0.5068359375 0.04296875 0.5224609375 0.072265625 0.5244140625 0.080078125 0.5166015625
2 0.20703125 0.5283203125 0.21484375 0.5224609375 0.21484375 0.4873046875 0.2109375 0.4697265625 0.2001953125 0.46484375 0.1748046875 0.474609375 0.169921875 0.4951171875 0.2021484375 0.529296875 0.20703125 0.5283203125
2 0.236328125 0.4833984375 0.2421875 0.4990234375 0.259765625 0.5068359375 0.2734375 0.4951171875 0.27734375 0.4638671875 0.26171875 0.4267578125 0.2509765625 0.421875 0.24609375 0.4287109375 0.248046875 0.4638671875 0.23828125 0.4716796875 0.236328125 0.4833984375
2 0.4140625 0.4853515625 0.431640625 0.4755859375 0.431640625 0.4599609375 0.3935546875 0.4375 0.3798828125 0.435546875 0.375 0.4423828125 0.37890625 0.4560546875 0.4033203125 0.484375 0.4140625 0.4853515625
2 0.375 0.4951171875 0.3828125 0.4853515625 0.361328125 0.4599609375 0.34765625 0.4248046875 0.3271484375 0.423828125 0.32421875 0.4326171875 0.333984375 0.4716796875 0.3603515625 0.494140625 0.375 0.4951171875
2 0.70703125 0.3642578125 0.6806640625 0.359375 0.677734375 0.3759765625 0.6904296875 0.390625 0.69921875 0.3896484375 0.7109375 0.3740234375 0.70703125 0.3642578125
2 0.8984375 0.6513671875 0.8837890625 0.646484375 0.87890625 0.6552734375 0.890625 0.6884765625 0.90625 0.6982421875 0.91015625 0.6748046875 0.8984375 0.6513671875
2 0.8505859375 0.64453125 0.845703125 0.6533203125 0.84765625 0.6748046875 0.8515625 0.6845703125 0.861328125 0.6884765625 0.861328125 0.6572265625 0.8505859375 0.64453125
2 0.783203125 0.7236328125 0.783203125 0.6982421875 0.7646484375 0.671875 0.7431640625 0.66015625 0.736328125 0.6689453125 0.740234375 0.7275390625 0.755859375 0.7373046875 0.783203125 0.7236328125
2 0.8994140625 0.6953125 0.908203125 0.6962890625 0.91015625 0.6787109375 0.896484375 0.6494140625 0.90234375 0.6357421875 0.8681640625 0.583984375 0.8671875 0.6201171875 0.88671875 0.6376953125 0.890625 0.6845703125 0.8994140625 0.6953125
2 0.736328125 0.5830078125 0.748046875 0.5712890625 0.748046875 0.5556640625 0.7333984375 0.544921875 0.7080078125 0.546875 0.703125 0.5615234375 0.7109375 0.5751953125 0.7255859375 0.583984375 0.736328125 0.5830078125
2 0.880859375 0.2587890625 0.896484375 0.2451171875 0.896484375 0.2294921875 0.8818359375 0.21875 0.8583984375 0.224609375 0.8515625 0.2373046875 0.853515625 0.2529296875 0.8662109375 0.259765625 0.880859375 0.2587890625
2 0.9453125 0.1923828125 0.974609375 0.1728515625 0.970703125 0.1513671875 0.9638671875 0.14453125 0.9384765625 0.14453125 0.919921875 0.1650390625 0.919921875 0.1845703125 0.9326171875 0.193359375 0.9453125 0.1923828125
2 0.615234375 0.1240234375 0.619140625 0.0888671875 0.5986328125 0.0859375 0.58984375 0.0947265625 0.587890625 0.1181640625 0.5947265625 0.130859375 0.609375 0.1318359375 0.615234375 0.1240234375
2 0.54296875 0.0966796875 0.55859375 0.0556640625 0.560546875 0.0263671875 0.5537109375 0.0234375 0.541015625 0.0283203125 0.53515625 0.0693359375 0.5234375 0.0810546875 0.5302734375 0.09765625 0.54296875 0.0966796875
2 0.4931640625 0 0.47265625 0.0224609375 0.46875 0.0341796875 0.4765625 0.0380859375 0.5078125 0.0166015625 0.5107421875 0 0.4931640625 0
2 0.244140625 0.0419921875 0.251953125 0.0341796875 0.251953125 0.0244140625 0.2412109375 0.013671875 0.2236328125 0 0.197265625 0.0029296875 0.201171875 0.0166015625 0.2294921875 0.04296875 0.244140625 0.0419921875
2 0.318359375 0.0458984375 0.2998046875 0 0.267578125 0.0009765625 0.2919921875 0.03125 0.318359375 0.0458984375
2 0.06640625 0.4326171875 0.09765625 0.4091796875 0.1015625 0.3955078125 0.0966796875 0.390625 0.0771484375 0.388671875 0.06640625 0.3974609375 0.05859375 0.4169921875 0.05859375 0.4306640625 0.06640625 0.4326171875
2 0.169921875 0.3427734375 0.1650390625 0.33984375 0.1484375 0.3583984375 0.1484375 0.3701171875 0.158203125 0.3740234375 0.169921875 0.3603515625 0.169921875 0.3427734375
2 0.3232421875 0.31640625 0.310546875 0.3271484375 0.310546875 0.3583984375 0.3173828125 0.365234375 0.33203125 0.3642578125 0.337890625 0.3291015625 0.3232421875 0.31640625
2 0.609375 0.1923828125 0.6064453125 0.17578125 0.5927734375 0.16796875 0.5595703125 0.16796875 0.548828125 0.1748046875 0.5576171875 0.19921875 0.587890625 0.2021484375 0.609375 0.1923828125
2 0.390625 0.1494140625 0.4072265625 0.14453125 0.419921875 0.1298828125 0.421875 0.1123046875 0.4169921875 0.10546875 0.4033203125 0.109375 0.380859375 0.1298828125 0.376953125 0.1435546875 0.390625 0.1494140625
2 0.2783203125 0.16015625 0.27734375 0.1845703125 0.29296875 0.1865234375 0.302734375 0.1806640625 0.302734375 0.1611328125 0.2783203125 0.16015625
2 0.806640625 0.3056640625 0.810546875 0.3349609375 0.822265625 0.3388671875 0.828125 0.3037109375 0.8134765625 0.298828125 0.806640625 0.3056640625
2 0.9990234375 0.322265625 0.9892578125 0.3203125 0.974609375 0.3310546875 0.97265625 0.3486328125 0.984375 0.3486328125 1 0.3427734375 0.9990234375 0.322265625