2 0.666015625 0.2314453125 0.6357421875 0.236328125 0.62109375 0.2685546875 0.623046875 0.2900390625 0.6376953125 0.306640625 0.6708984375 0.30859375 0.6923828125 0.30078125 0.703125 0.2861328125 0.697265625 0.2490234375 0.666015625 0.2314453125
2 0.7412109375 0.287109375 0.76171875 0.2861328125 0.7734375 0.2646484375 0.767578125 0.2470703125 0.7509765625 0.263671875 0.734375 0.2705078125 0.7412109375 0.287109375
2 0.783203125 0.0107421875 0.7509765625 0.01171875 0.732421875 0.0439453125 0.734375 0.0732421875 0.7490234375 0.08984375 0.7900390625 0.095703125 0.818359375 0.0751953125 0.80859375 0.0244140625 0.7998046875 0.01171875 0.783203125 0.0107421875
2 0.357421875 0.6083984375 0.33984375 0.5947265625 0.3232421875 0.595703125 0.314453125 0.6044921875 0.310546875 0.6298828125 0.3154296875 0.63671875 0.3408203125 0.638671875 0.35546875 0.6279296875 0.357421875 0.6083984375
2 0.0947265625 0.455078125 0.1142578125 0.455078125 0.115234375 0.4404296875 0.08984375 0.4248046875 0.0703125 0.4287109375 0.07421875 0.4423828125 0.0947265625 0.455078125
2 0.0361328125 0.330078125 0.029296875 0.3466796875 0.0576171875 0.357421875 0.0625 0.3408203125 0.048828125 0.3310546875 0.0361328125 0.330078125
2 0.111328125 0.1689453125 0.1259765625 0.173828125 0.130859375 0.1572265625 0.12109375 0.1396484375 0.1103515625 0.138671875 0.10546875 0.1474609375 0.111328125 0.1689453125
2 0.9423828125 0.53515625 0.935546875 0.5458984375 0.9521484375 0.5546875 0.9990234375 0.55859375 1 0.5322265625 0.9423828125 0.53515625
2 0.0927734375 0.783203125 0.095703125 0.7666015625 0.0703125 0.7509765625 0.0537109375 0.75390625 0.048828125 0.7646484375 0.0625 0.7705078125 0.0673828125 0.78515625 0.0927734375 0.783203125
2 0.0205078125 0.798828125 0.044921875 0.7841796875 0.044921875 0.7724609375 0.03125 0.7568359375 0 0.7646484375 0.0009765625 0.80078125 0.0205078125 0.798828125
2 0.1435546875 0.65625 0.1865234375 0.65625 0.19140625 0.6259765625 0.177734375 0.6220703125 0.1376953125 0.625 0.130859375 0.6396484375 0.1435546875 0.65625
2 0.1591796875 0.59375 0.154296875 0.6005859375 0.1650390625 0.609375 0.1923828125 0.609375 0.189453125 0.5947265625 0.1591796875 0.59375
2 0.0791015625 0.55859375 0.1005859375 0.5546875 0.107421875 0.5380859375 0.08203125 0.5283203125 0.06640625 0.5283203125 0.0703125 0.5498046875 0.0791015625 0.55859375
2 0.2841796875 0.6484375 0.287109375 0.6337890625 0.28125 0.6259765625 0.2587890625 0.625 0.24609375 0.6376953125 0.24609375 0.6474609375 0.2626953125 0.65234375 0.2841796875 0.6484375
2 0.060546875 0.5029296875 0.0537109375 0.490234375 0.025390625 0.4736328125 0.0068359375 0.474609375 0.001953125 0.4892578125 0.0263671875 0.5078125 0.0556640625 0.5078125 0.060546875 0.5029296875
2 0.6650390625 0.958984375 0.7021484375 0.958984375 0.705078125 0.9482421875 0.6796875 0.9306640625 0.6552734375 0.93359375 0.65234375 0.9521484375 0.6650390625 0.958984375
2 0.7529296875 0.8125 0.7958984375 0.79296875 0.818359375 0.7607421875 0.81640625 0.7509765625 0.7646484375 0.7734375 0.728515625 0.8115234375 0.7529296875 0.8125
2 0.501953125 0.7763671875 0.4833984375 0.775390625 0.466796875 0.7861328125 0.466796875 0.7978515625 0.4755859375 0.810546875 0.4794921875 0.802734375 0.5048828125 0.80078125 0.515625 0.7900390625 0.5166015625 0.77734375 0.501953125 0.7763671875
2 0.619140625 0.7998046875 0.6044921875 0.80078125 0.595703125 0.8193359375 0.56640625 0.8408203125 0.55078125 0.8623046875 0.5537109375 0.869140625 0.5810546875 0.861328125 0.623046875 0.8330078125 0.626953125 0.8076171875 0.619140625 0.7998046875
2 0.3037109375 0.794921875 0.2890625 0.7802734375 0.2626953125 0.783203125 0.21875 0.8115234375 0.2353515625 0.818359375 0.2919921875 0.81640625 0.326171875 0.8056640625 0.3232421875 0.798828125 0.3037109375 0.794921875
2 0.33984375 0.8447265625 0.333984375 0.8408203125 0.2919921875 0.84375 0.2607421875 0.861328125 0.251953125 0.8798828125 0.2763671875 0.888671875 0.3212890625 0.880859375 0.337890625 0.8642578125 0.33984375 0.8447265625
2 0.4052734375 0.88671875 0.3642578125 0.888671875 0.357421875 0.8818359375 0.3369140625 0.888671875 0.333984375 0.8994140625 0.4052734375 0.90234375 0.4140625 0.8955078125 0.4052734375 0.88671875