2 0.052734375 0.9658203125 0.0693359375 0.986328125 0.0986328125 0.982421875 0.11328125 0.9697265625 0.1142578125 0.94140625 0.1083984375 0.931640625 0.0771484375 0.927734375 0.052734375 0.9501953125 0.052734375 0.9658203125
2 0.0693359375 0.35546875 0.0322265625 0.353515625 0.01171875 0.3642578125 0.01171875 0.4150390625 0.0302734375 0.435546875 0.052734375 0.4404296875 0.0458984375 0.443359375 0.0927734375 0.439453125 0.1025390625 0.40625 0.091796875 0.3701171875 0.0693359375 0.35546875
2 0.1806640625 0.091796875 0.201171875 0.0791015625 0.2060546875 0.046875 0.1669921875 0.037109375 0.1416015625 0.044921875 0.138671875 0.0576171875 0.1552734375 0.0859375 0.1806640625 0.091796875
2 0.1748046875 0.453125 0.15625 0.4716796875 0.166015625 0.4970703125 0.1806640625 0.505859375 0.2080078125 0.505859375 0.220703125 0.4970703125 0.2255859375 0.484375 0.22265625 0.4658203125 0.2001953125 0.451171875 0.1748046875 0.453125
2 0.23828125 0.4111328125 0.2509765625 0.4296875 0.2802734375 0.435546875 0.302734375 0.4189453125 0.3056640625 0.39453125 0.298828125 0.3779296875 0.2783203125 0.359375 0.23828125 0.3857421875 0.23828125 0.4111328125
2 0.2001953125 0.357421875 0.1884765625 0.3515625 0.1689453125 0.326171875 0.1533203125 0.322265625 0.138671875 0.3291015625 0.138671875 0.3408203125 0.1484375 0.3505859375 0.146484375 0.3701171875 0.1552734375 0.376953125 0.1689453125 0.37890625 0.1904296875 0.36328125 0.1982421875 0.3671875 0.2001953125 0.357421875
2 0.439453125 0.2080078125 0.4619140625 0.216796875 0.4775390625 0.212890625 0.49609375 0.1943359375 0.4951171875 0.173828125 0.4716796875 0.15234375 0.4482421875 0.15625 0.43359375 0.1767578125 0.439453125 0.2080078125
2 0.3818359375 0.0234375 0.375 0.0380859375 0.376953125 0.0673828125 0.3818359375 0.072265625 0.4228515625 0.068359375 0.4296875 0.0576171875 0.4287109375 0.0390625 0.427734375 0.0263671875 0.4150390625 0.017578125 0.3818359375 0.0234375
2 0.611328125 0.2314453125 0.61328125 0.2568359375 0.6240234375 0.265625 0.6435546875 0.267578125 0.6669921875 0.255859375 0.671875 0.2490234375 0.6708984375 0.224609375 0.6552734375 0.2109375 0.6240234375 0.208984375 0.611328125 0.2314453125
2 0.73828125 0.1767578125 0.7626953125 0.193359375 0.7783203125 0.193359375 0.802734375 0.1728515625 0.8017578125 0.158203125 0.7861328125 0.138671875 0.7666015625 0.1328125 0.7421875 0.1533203125 0.73828125 0.1767578125
2 0.6923828125 0.076171875 0.6708984375 0.076171875 0.654296875 0.0947265625 0.6650390625 0.1015625 0.6826171875 0.09765625 0.693359375 0.0888671875 0.6923828125 0.076171875
2 0.861328125 0.4189453125 0.8798828125 0.44140625 0.9033203125 0.451171875 0.91796875 0.4306640625 0.9169921875 0.40625 0.9033203125 0.392578125 0.8759765625 0.384765625 0.861328125 0.4013671875 0.861328125 0.4189453125
2 0.53125 0.7255859375 0.5419921875 0.75390625 0.5693359375 0.759765625 0.5830078125 0.75390625 0.5986328125 0.734375 0.595703125 0.7041015625 0.5712890625 0.6875 0.5390625 0.6982421875 0.53125 0.7255859375
2 0.9501953125 0.716796875 0.9345703125 0.712890625 0.9013671875 0.7265625 0.8916015625 0.724609375 0.8828125 0.7392578125 0.884765625 0.7705078125 0.9013671875 0.76953125 0.9189453125 0.783203125 0.953125 0.7626953125 0.9609375 0.7509765625 0.9599609375 0.732421875 0.9501953125 0.716796875
2 0.162109375 0.8408203125 0.1748046875 0.86328125 0.1962890625 0.8671875 0.212890625 0.8564453125 0.2158203125 0.8125 0.1640625 0.8095703125 0.171875 0.8154296875 0.162109375 0.8271484375 0.162109375 0.8408203125
2 0.4033203125 0.521484375 0.4404296875 0.521484375 0.4462890625 0.4921875 0.4267578125 0.466796875 0.4013671875 0.46484375 0.392578125 0.4697265625 0.390625 0.4970703125 0.4033203125 0.521484375
2 0.47265625 0.4384765625 0.4873046875 0.453125 0.5068359375 0.458984375 0.5107421875 0.431640625 0.4775390625 0.427734375 0.47265625 0.4384765625
2 0.5380859375 0.57421875 0.5634765625 0.576171875 0.5654296875 0.56640625 0.5625 0.5556640625 0.5517578125 0.548828125 0.53125 0.5498046875 0.529296875 0.5654296875 0.5380859375 0.57421875
2 0.7470703125 0.86328125 0.6435546875 0.833984375 0.630859375 0.8427734375 0.6416015625 0.861328125 0.6708984375 0.87109375 0.7451171875 0.875 0.7470703125 0.86328125
2 0.2119140625 0.953125 0.171875 0.9404296875 0.1787109375 0.96875 0.2119140625 0.970703125 0.2119140625 0.953125