2 0.43359375 0.8896484375 0.4130859375 0.8984375 0.400390625 0.9150390625 0.40234375 0.9560546875 0.4189453125 0.96484375 0.4599609375 0.95703125 0.474609375 0.9365234375 0.46875 0.8994140625 0.4619140625 0.892578125 0.43359375 0.8896484375
2 0 0.8876953125 0.0341796875 0.890625 0.0478515625 0.884765625 0.0546875 0.8681640625 0.05078125 0.8505859375 0.0361328125 0.83984375 0.015625 0.8408203125 0 0.8466796875 0 0.8876953125
2 0.4140625 0.7490234375 0.40234375 0.7626953125 0.400390625 0.7939453125 0.4130859375 0.8046875 0.4384765625 0.806640625 0.458984375 0.7861328125 0.462890625 0.7724609375 0.4345703125 0.748046875 0.4140625 0.7490234375
2 0.67578125 0.4658203125 0.650390625 0.4853515625 0.65234375 0.5068359375 0.6572265625 0.517578125 0.6904296875 0.52734375 0.708984375 0.5166015625 0.71484375 0.4951171875 0.7021484375 0.47265625 0.67578125 0.4658203125
2 0.681640625 0.0634765625 0.65625 0.0771484375 0.654296875 0.0947265625 0.669921875 0.1220703125 0.6865234375 0.134765625 0.6982421875 0.1328125 0.71875 0.1162109375 0.73046875 0.0869140625 0.7119140625 0.0625 0.681640625 0.0634765625
2 0.240234375 0.2958984375 0.224609375 0.3212890625 0.22265625 0.3427734375 0.2333984375 0.357421875 0.2607421875 0.359375 0.271484375 0.3486328125 0.271484375 0.3076171875 0.2568359375 0.296875 0.240234375 0.2958984375
2 0.380859375 0.0556640625 0.3583984375 0.0625 0.341796875 0.0771484375 0.3359375 0.1181640625 0.3876953125 0.138671875 0.4140625 0.1259765625 0.419921875 0.1044921875 0.40234375 0.0634765625 0.3955078125 0.056640625 0.380859375 0.0556640625
2 0.201171875 0.2470703125 0.166015625 0.2646484375 0.15625 0.2841796875 0.1630859375 0.296875 0.19140625 0.2763671875 0.201171875 0.2626953125 0.201171875 0.2470703125
2 0.509765625 0.2333984375 0.51171875 0.2392578125 0.5029296875 0.2421875 0.498046875 0.2529296875 0.50390625 0.2548828125 0.50390625 0.2626953125 0.4951171875 0.28515625 0.5166015625 0.287109375 0.5322265625 0.30078125 0.5634765625 0.306640625 0.57421875 0.2998046875 0.5703125 0.2939453125 0.5751953125 0.287109375 0.5791015625 0.291015625 0.59375 0.2783203125 0.595703125 0.2607421875 0.5830078125 0.2421875 0.5517578125 0.232421875 0.5322265625 0.234375 0.5322265625 0.2421875 0.5166015625 0.2421875 0.515625 0.2333984375 0.509765625 0.2333984375
2 0.03515625 0.7080078125 0.025390625 0.7138671875 0.025390625 0.7275390625 0.0322265625 0.73046875 0.048828125 0.7216796875 0.048828125 0.7119140625 0.03515625 0.7080078125
2 0.23046875 0.7431640625 0.216796875 0.7509765625 0.216796875 0.7646484375 0.2275390625 0.78515625 0.2607421875 0.771484375 0.267578125 0.7587890625 0.2587890625 0.7421875 0.23046875 0.7431640625
2 0.1796875 0.7001953125 0.171875 0.7041015625 0.169921875 0.7314453125 0.1826171875 0.744140625 0.2080078125 0.74609375 0.21875 0.7353515625 0.220703125 0.7041015625 0.1796875 0.7001953125
2 0.1171875 0.8642578125 0.107421875 0.8857421875 0.1279296875 0.892578125 0.140625 0.8818359375 0.142578125 0.8720703125 0.1171875 0.8642578125