2 0.0673828125 0.16796875 0.0615234375 0.146484375 0.0390625 0.1611328125 0.0478515625 0.181640625 0.0556640625 0.181640625 0.0673828125 0.16796875
2 0.140625 0.2041015625 0.1142578125 0.216796875 0.107421875 0.2294921875 0.1162109375 0.234375 0.1435546875 0.232421875 0.1513671875 0.208984375 0.1484375 0.1767578125 0.1396484375 0.17578125 0.140625 0.2041015625
2 0.2783203125 0.419921875 0.2958984375 0.41796875 0.3017578125 0.4296875 0.3115234375 0.4296875 0.3251953125 0.423828125 0.3349609375 0.41015625 0.3359375 0.4033203125 0.3154296875 0.384765625 0.3017578125 0.3828125 0.287109375 0.3935546875 0.2734375 0.4150390625 0.2783203125 0.419921875
2 0.2177734375 0.337890625 0.2333984375 0.328125 0.2314453125 0.3125 0.205078125 0.3134765625 0.2177734375 0.337890625
2 0.0673828125 0.4375 0.0234375 0.4560546875 0.0283203125 0.466796875 0.0380859375 0.470703125 0.0673828125 0.46875 0.0791015625 0.4609375 0.0673828125 0.4375
2 0.4619140625 0.068359375 0.451171875 0.0791015625 0.44921875 0.0927734375 0.4833984375 0.09765625 0.5224609375 0.0859375 0.5263671875 0.078125 0.525390625 0.0478515625 0.4990234375 0.046875 0.4619140625 0.068359375
2 0.525390625 0.0087890625 0.521484375 0.0322265625 0.5400390625 0.05078125 0.5732421875 0.046875 0.58984375 0.0341796875 0.5947265625 0.015625 0.5927734375 0.00390625 0.5517578125 0 0.525390625 0.0087890625
2 0.5263671875 0 0.51953125 0.0185546875 0.521484375 0.0380859375 0.4873046875 0.044921875 0.451171875 0.0771484375 0.447265625 0.0888671875 0.4580078125 0.09765625 0.4833984375 0.09765625 0.5126953125 0.087890625 0.5595703125 0.083984375 0.568359375 0.0771484375 0.57421875 0.0556640625 0.591796875 0.0400390625 0.5947265625 0.0234375 0.5927734375 0 0.5263671875 0
2 0.552734375 0.5478515625 0.576171875 0.5576171875 0.560546875 0.5634765625 0.5654296875 0.57421875 0.5849609375 0.576171875 0.6181640625 0.541015625 0.619140625 0.5283203125 0.6083984375 0.51953125 0.5693359375 0.509765625 0.5546875 0.5126953125 0.552734375 0.5478515625
2 0.552734375 0.4833984375 0.5390625 0.4912109375 0.537109375 0.5009765625 0.5400390625 0.505859375 0.6083984375 0.509765625 0.6494140625 0.462890625 0.6474609375 0.45703125 0.6201171875 0.462890625 0.5966796875 0.455078125 0.5615234375 0.458984375 0.5546875 0.4658203125 0.552734375 0.4833984375
2 0.5869140625 0.669921875 0.5654296875 0.673828125 0.5546875 0.6865234375 0.556640625 0.7060546875 0.5654296875 0.71484375 0.5947265625 0.697265625 0.5869140625 0.669921875
2 0.6181640625 0.650390625 0.6123046875 0.640625 0.5947265625 0.640625 0.5859375 0.6650390625 0.6005859375 0.671875 0.6181640625 0.650390625
2 0.9345703125 0.705078125 0.93359375 0.7197265625 0.90625 0.7373046875 0.90625 0.7548828125 0.9228515625 0.759765625 0.9638671875 0.732421875 0.96484375 0.7236328125 0.953125 0.7138671875 0.9521484375 0.705078125 0.9345703125 0.705078125
2 0.90625 0.4677734375 0.9130859375 0.50390625 0.9228515625 0.505859375 0.9306640625 0.517578125 0.9541015625 0.517578125 0.9560546875 0.5078125 0.95703125 0.4638671875 0.9521484375 0.45703125 0.9228515625 0.455078125 0.90625 0.4677734375
2 0.9384765625 0.11328125 0.9130859375 0.111328125 0.900390625 0.1181640625 0.8984375 0.1318359375 0.9072265625 0.150390625 0.9521484375 0.15234375 0.953125 0.1396484375 0.9384765625 0.11328125
2 0.9033203125 0.26953125 0.8623046875 0.263671875 0.8515625 0.2724609375 0.845703125 0.2919921875 0.8798828125 0.306640625 0.9130859375 0.2890625 0.9140625 0.2802734375 0.9033203125 0.26953125
2 0.919921875 0.1865234375 0.919921875 0.2021484375 0.9248046875 0.205078125 0.9560546875 0.2109375 0.9775390625 0.228515625 0.9990234375 0.22265625 0.9990234375 0.19140625 0.9365234375 0.1796875 0.919921875 0.1865234375
2 0.9228515625 0.201171875 0.916015625 0.2060546875 0.9140625 0.2236328125 0.9208984375 0.232421875 0.9482421875 0.23828125 0.9541015625 0.2265625 0.9482421875 0.2109375 0.9228515625 0.201171875
2 0.9794921875 0.185546875 0.9990234375 0.19140625 0.9990234375 0.14453125 0.97265625 0.1748046875 0.9794921875 0.185546875
2 0.5078125 0.2724609375 0.498046875 0.2978515625 0.5009765625 0.3046875 0.5107421875 0.30859375 0.51953125 0.3037109375 0.5244140625 0.27734375 0.5185546875 0.267578125 0.5078125 0.2724609375
2 0.5185546875 0.2421875 0.517578125 0.2294921875 0.5029296875 0.216796875 0.486328125 0.2216796875 0.4970703125 0.244140625 0.5185546875 0.2421875
2 0.2548828125 0.384765625 0.240234375 0.3935546875 0.236328125 0.4150390625 0.2470703125 0.421875 0.2705078125 0.412109375 0.2763671875 0.40234375 0.2744140625 0.388671875 0.2548828125 0.384765625
2 0.318359375 0.5517578125 0.3291015625 0.56640625 0.33984375 0.5595703125 0.34375 0.5244140625 0.359375 0.5068359375 0.3642578125 0.4765625 0.3564453125 0.455078125 0.326171875 0.4501953125 0.32421875 0.4794921875 0.3125 0.4951171875 0.3125 0.5048828125 0.318359375 0.5166015625 0.318359375 0.5517578125
2 0.3310546875 0.599609375 0.328125 0.6220703125 0.318359375 0.6396484375 0.3369140625 0.65625 0.349609375 0.6513671875 0.3544921875 0.634765625 0.35546875 0.6240234375 0.3369140625 0.599609375 0.3310546875 0.599609375
2 0.33984375 0.7041015625 0.341796875 0.7373046875 0.3564453125 0.740234375 0.3642578125 0.728515625 0.3818359375 0.73828125 0.3896484375 0.7265625 0.390625 0.7119140625 0.373046875 0.6962890625 0.375 0.6767578125 0.3681640625 0.671875 0.3486328125 0.67578125 0.33984375 0.7041015625
2 0.2724609375 0.81640625 0.2666015625 0.802734375 0.2509765625 0.80078125 0.236328125 0.8349609375 0.2626953125 0.841796875 0.2724609375 0.81640625
2 0.2451171875 0.861328125 0.2255859375 0.859375 0.216796875 0.8740234375 0.216796875 0.8896484375 0.2353515625 0.890625 0.2470703125 0.87890625 0.2451171875 0.861328125
2 0.375 0.8662109375 0.3583984375 0.861328125 0.34375 0.8994140625 0.3505859375 0.90625 0.3662109375 0.90625 0.3779296875 0.89453125 0.375 0.8662109375
2 0.3505859375 0.9453125 0.3310546875 0.9453125 0.32421875 0.9619140625 0.326171875 0.9853515625 0.3388671875 0.98828125 0.3525390625 0.9609375 0.3505859375 0.9453125
2 0.9013671875 0.896484375 0.9111328125 0.8984375 0.919921875 0.8916015625 0.912109375 0.8779296875 0.9140625 0.8701171875 0.9306640625 0.865234375 0.923828125 0.8447265625 0.9130859375 0.83984375 0.880859375 0.8623046875 0.87890625 0.8740234375 0.9013671875 0.896484375