2 0.8544921875 0.482421875 0.85546875 0.5087890625 0.8759765625 0.55078125 0.9072265625 0.5546875 0.921875 0.5458984375 0.91796875 0.4775390625 0.8994140625 0.453125 0.8857421875 0.447265625 0.8681640625 0.44921875 0.857421875 0.4638671875 0.8544921875 0.482421875
2 0.8984375 0.9775390625 0.8466796875 0.943359375 0.8388671875 0.94140625 0.828125 0.9501953125 0.8251953125 0.978515625 0.8349609375 1 0.90234375 0.9990234375 0.8984375 0.9775390625
2 0.73828125 0.2900390625 0.736328125 0.2607421875 0.7138671875 0.2421875 0.6884765625 0.24609375 0.6865234375 0.267578125 0.7080078125 0.30078125 0.7216796875 0.30078125 0.73828125 0.2900390625
2 0.7275390625 0.173828125 0.736328125 0.1826171875 0.73046875 0.2041015625 0.7412109375 0.212890625 0.7744140625 0.216796875 0.794921875 0.2060546875 0.794921875 0.1650390625 0.7763671875 0.146484375 0.7412109375 0.1484375 0.728515625 0.1611328125 0.7275390625 0.173828125
2 0.705078125 0.0556640625 0.7001953125 0.07421875 0.71484375 0.0986328125 0.7275390625 0.10546875 0.7392578125 0.099609375 0.7841796875 0.103515625 0.806640625 0.0830078125 0.8046875 0.0419921875 0.7919921875 0.029296875 0.7236328125 0.015625 0.701171875 0.0302734375 0.705078125 0.0556640625
2 0.5537109375 0.15625 0.5400390625 0.158203125 0.5341796875 0.171875 0.5478515625 0.18359375 0.5703125 0.1845703125 0.56640625 0.1669921875 0.5537109375 0.15625
2 0.5615234375 0.087890625 0.5693359375 0.095703125 0.5927734375 0.09375 0.595703125 0.0771484375 0.5615234375 0.068359375 0.5615234375 0.087890625
2 0.435546875 0.1240234375 0.4443359375 0.12890625 0.4873046875 0.123046875 0.505859375 0.0966796875 0.5 0.0576171875 0.4716796875 0.048828125 0.4501953125 0.056640625 0.43359375 0.0869140625 0.4326171875 0.111328125 0.435546875 0.1240234375
2 0.3681640625 0.11328125 0.3828125 0.0927734375 0.3828125 0.0791015625 0.3623046875 0.056640625 0.3173828125 0.056640625 0.3046875 0.0654296875 0.2939453125 0.087890625 0.3408203125 0.12109375 0.3681640625 0.11328125
2 0.099609375 0.0283203125 0.1005859375 0.05859375 0.103515625 0.0888671875 0.1181640625 0.09765625 0.1376953125 0.09765625 0.1767578125 0.080078125 0.197265625 0.0634765625 0.203125 0.0498046875 0.1953125 0.0302734375 0.1767578125 0.013671875 0.1396484375 0.01171875 0.099609375 0.0283203125
2 0.009765625 0.3759765625 0.0419921875 0.41015625 0.0703125 0.3974609375 0.0859375 0.3642578125 0.083984375 0.3486328125 0.0634765625 0.333984375 0.0224609375 0.3359375 0.00390625 0.3486328125 0.0048828125 0.357421875 0.009765625 0.3759765625
2 0.3173828125 0.19140625 0.3359375 0.1748046875 0.333984375 0.1572265625 0.3154296875 0.14453125 0.2900390625 0.142578125 0.275390625 0.1611328125 0.2763671875 0.181640625 0.2978515625 0.1953125 0.3173828125 0.19140625
2 0.1708984375 0.357421875 0.185546875 0.3427734375 0.189453125 0.3232421875 0.1767578125 0.306640625 0.1630859375 0.302734375 0.14453125 0.3134765625 0.1455078125 0.333984375 0.1630859375 0.357421875 0.1708984375 0.357421875
2 0.2294921875 0.392578125 0.248046875 0.3583984375 0.248046875 0.3447265625 0.2353515625 0.330078125 0.2119140625 0.326171875 0.193359375 0.3369140625 0.1884765625 0.359375 0.2021484375 0.38671875 0.2294921875 0.392578125
2 0.1220703125 0.490234375 0.1826171875 0.5 0.193359375 0.4755859375 0.193359375 0.4560546875 0.1826171875 0.439453125 0.1416015625 0.4296875 0.1201171875 0.431640625 0.11328125 0.4462890625 0.1142578125 0.478515625 0.1220703125 0.490234375
2 0.0048828125 0.81640625 0.02734375 0.8408203125 0.0263671875 0.84765625 0.0771484375 0.84375 0.1015625 0.8291015625 0.0859375 0.7822265625 0.0712890625 0.76953125 0.0537109375 0.7734375 0.0361328125 0.76171875 0.0078125 0.7763671875 0.0048828125 0.81640625
2 0.12109375 0.7041015625 0.1328125 0.6728515625 0.1005859375 0.66015625 0.083984375 0.6689453125 0.0810546875 0.681640625 0.091796875 0.7041015625 0.1064453125 0.7109375 0.12109375 0.7041015625
2 0.357421875 0.4951171875 0.3544921875 0.484375 0.3134765625 0.462890625 0.298828125 0.4677734375 0.2998046875 0.478515625 0.3271484375 0.513671875 0.3466796875 0.509765625 0.357421875 0.4951171875
2 0.5078125 0.3564453125 0.5078125 0.3330078125 0.4775390625 0.3046875 0.4521484375 0.30078125 0.4482421875 0.33203125 0.4580078125 0.361328125 0.5009765625 0.36328125 0.5078125 0.3564453125
2 0.4326171875 0.548828125 0.435546875 0.5810546875 0.4501953125 0.58984375 0.4853515625 0.5859375 0.5126953125 0.591796875 0.517578125 0.5869140625 0.51953125 0.5556640625 0.4931640625 0.53125 0.4638671875 0.5234375 0.4326171875 0.5390625 0.4326171875 0.548828125
2 0.7646484375 0.765625 0.771484375 0.7626953125 0.7734375 0.7275390625 0.7587890625 0.70703125 0.7255859375 0.701171875 0.716796875 0.7138671875 0.7158203125 0.744140625 0.7431640625 0.763671875 0.7646484375 0.765625
2 0.7216796875 0.923828125 0.708984375 0.9267578125 0.7099609375 0.94140625 0.7177734375 0.9609375 0.734375 0.9541015625 0.736328125 0.9345703125 0.7216796875 0.923828125
2 0.7041015625 0.884765625 0.7177734375 0.884765625 0.7412109375 0.876953125 0.755859375 0.8642578125 0.759765625 0.8408203125 0.7431640625 0.826171875 0.7021484375 0.822265625 0.6875 0.8349609375 0.6865234375 0.857421875 0.7041015625 0.884765625
2 0.74609375 0.4619140625 0.744140625 0.4248046875 0.7275390625 0.41015625 0.6884765625 0.396484375 0.6787109375 0.423828125 0.6875 0.4658203125 0.7119140625 0.486328125 0.74609375 0.4619140625
2 0.6171875 0.5478515625 0.6279296875 0.5546875 0.6611328125 0.556640625 0.67578125 0.5478515625 0.66796875 0.5322265625 0.673828125 0.5068359375 0.6611328125 0.494140625 0.6298828125 0.50390625 0.6103515625 0.5234375 0.6171875 0.5478515625
2 0.6669921875 0.66015625 0.697265625 0.6416015625 0.69921875 0.6142578125 0.6611328125 0.603515625 0.6357421875 0.60546875 0.62109375 0.6181640625 0.6201171875 0.642578125 0.6318359375 0.662109375 0.6669921875 0.66015625
2 0.7236328125 0.56640625 0.7109375 0.5732421875 0.7119140625 0.587890625 0.7314453125 0.607421875 0.748046875 0.5986328125 0.7421875 0.5791015625 0.7236328125 0.56640625
2 0.9853515625 0.455078125 0.97265625 0.4599609375 0.9736328125 0.48828125 0.9775390625 0.5 0.99609375 0.4951171875 0.99609375 0.4677734375 0.9853515625 0.455078125
2 0.8984375 0.0517578125 0.8896484375 0.0390625 0.8759765625 0.037109375 0.865234375 0.0439453125 0.8642578125 0.0546875 0.8740234375 0.0625 0.8916015625 0.0625 0.8984375 0.0517578125