2 0.6142578125 0.935546875 0.5908203125 0.9296875 0.5390625 0.9345703125 0.5419921875 1 0.625 0.9990234375 0.62109375 0.9521484375 0.6142578125 0.935546875
2 0.701171875 0.8681640625 0.712890625 0.8544921875 0.71484375 0.7978515625 0.7060546875 0.78515625 0.6865234375 0.783203125 0.681640625 0.7978515625 0.68359375 0.8583984375 0.6904296875 0.869140625 0.701171875 0.8681640625
2 0.1201171875 0.70703125 0.142578125 0.7060546875 0.154296875 0.6884765625 0.15625 0.6650390625 0.150390625 0.6435546875 0.1376953125 0.6328125 0.1025390625 0.634765625 0.09375 0.6494140625 0.1015625 0.6845703125 0.1201171875 0.70703125
2 0.1064453125 0.515625 0.12890625 0.5185546875 0.15234375 0.5126953125 0.166015625 0.4931640625 0.166015625 0.4716796875 0.1591796875 0.4609375 0.1083984375 0.453125 0.09375 0.4736328125 0.095703125 0.5068359375 0.1064453125 0.515625
2 0.193359375 0.5888671875 0.185546875 0.5615234375 0.1767578125 0.552734375 0.1513671875 0.546875 0.125 0.5634765625 0.1416015625 0.60546875 0.19140625 0.6142578125 0.193359375 0.5888671875
2 0.2744140625 0.400390625 0.306640625 0.4013671875 0.3271484375 0.396484375 0.337890625 0.3818359375 0.3359375 0.3408203125 0.3154296875 0.318359375 0.2666015625 0.31640625 0.2578125 0.3251953125 0.25390625 0.3876953125 0.2744140625 0.400390625
2 0.2734375 0.5107421875 0.2802734375 0.51953125 0.3203125 0.5224609375 0.3291015625 0.521484375 0.33984375 0.5087890625 0.34375 0.4541015625 0.3173828125 0.443359375 0.2744140625 0.4453125 0.267578125 0.4599609375 0.267578125 0.4951171875 0.2734375 0.5107421875
2 0.18359375 0.3134765625 0.2041015625 0.3125 0.216796875 0.2880859375 0.21484375 0.2568359375 0.1982421875 0.2421875 0.1728515625 0.25 0.162109375 0.2705078125 0.169921875 0.3037109375 0.18359375 0.3134765625
2 0.8671875 0.2626953125 0.87109375 0.2802734375 0.8837890625 0.287109375 0.908203125 0.2861328125 0.921875 0.2548828125 0.919921875 0.2353515625 0.8798828125 0.2109375 0.8505859375 0.2109375 0.84375 0.2197265625 0.84375 0.2392578125 0.849609375 0.2509765625 0.8671875 0.2626953125
2 0.70703125 0.0732421875 0.712890625 0.0615234375 0.7109375 0.0087890625 0.7001953125 0.001953125 0.6806640625 0.00390625 0.6640625 0.0263671875 0.66796875 0.0517578125 0.6845703125 0.072265625 0.70703125 0.0732421875
2 0.63671875 0.6005859375 0.6328125 0.5712890625 0.6123046875 0.5546875 0.5888671875 0.55078125 0.587890625 0.6064453125 0.6005859375 0.615234375 0.62890625 0.6142578125 0.63671875 0.6005859375
2 0.65234375 0.4521484375 0.68359375 0.4248046875 0.677734375 0.3916015625 0.6630859375 0.375 0.6318359375 0.375 0.6171875 0.3916015625 0.61328125 0.4208984375 0.6259765625 0.4453125 0.65234375 0.4521484375
2 0.38671875 0.7998046875 0.4189453125 0.8203125 0.443359375 0.8212890625 0.455078125 0.8154296875 0.455078125 0.7373046875 0.4130859375 0.708984375 0.3916015625 0.712890625 0.380859375 0.7275390625 0.3828125 0.7412109375 0.375 0.7548828125 0.38671875 0.7998046875