2 0.009765625 0.9423828125 0.0283203125 0.951171875 0.0517578125 0.9453125 0.064453125 0.9228515625 0.0673828125 0.8984375 0.0478515625 0.876953125 0.0126953125 0.8828125 0.00390625 0.9150390625 0.009765625 0.9423828125
2 0.1025390625 0.810546875 0.0849609375 0.794921875 0.056640625 0.8037109375 0.05859375 0.8154296875 0.0751953125 0.826171875 0.0966796875 0.82421875 0.1025390625 0.810546875
2 0.15625 0.7783203125 0.1591796875 0.783203125 0.1884765625 0.783203125 0.197265625 0.7763671875 0.1982421875 0.763671875 0.1845703125 0.75390625 0.1669921875 0.751953125 0.158203125 0.7607421875 0.15625 0.7783203125
2 0.1865234375 0.94140625 0.1943359375 0.94140625 0.2099609375 0.919921875 0.1943359375 0.90625 0.1787109375 0.90625 0.16796875 0.9150390625 0.169921875 0.9267578125 0.1865234375 0.94140625
2 0.00390625 0.6337890625 0.0185546875 0.638671875 0.0419921875 0.6328125 0.048828125 0.6259765625 0.0498046875 0.59765625 0.0380859375 0.583984375 0.0146484375 0.587890625 0.001953125 0.6025390625 0.00390625 0.6337890625
2 0.1142578125 0.490234375 0.1220703125 0.486328125 0.1298828125 0.458984375 0.1259765625 0.453125 0.1083984375 0.455078125 0.09765625 0.4677734375 0.099609375 0.4794921875 0.1142578125 0.490234375
2 0.06640625 0.1181640625 0.0732421875 0.126953125 0.0986328125 0.126953125 0.111328125 0.1201171875 0.1123046875 0.109375 0.1064453125 0.099609375 0.0888671875 0.099609375 0.0751953125 0.10546875 0.06640625 0.1181640625
2 0.251953125 0.4326171875 0.2666015625 0.44140625 0.2880859375 0.439453125 0.3046875 0.4150390625 0.3037109375 0.3984375 0.2880859375 0.38671875 0.2548828125 0.38671875 0.25 0.3994140625 0.251953125 0.4326171875
2 0.326171875 0.2705078125 0.3447265625 0.27734375 0.3642578125 0.26953125 0.37890625 0.2548828125 0.3818359375 0.234375 0.3720703125 0.212890625 0.3388671875 0.216796875 0.326171875 0.2314453125 0.326171875 0.2705078125
2 0.4521484375 0 0.44921875 0.0166015625 0.43359375 0.0380859375 0.4482421875 0.0625 0.4912109375 0.0625 0.5029296875 0.056640625 0.517578125 0.0361328125 0.5185546875 0.013671875 0.5068359375 0 0.4521484375 0
2 0.453125 0.1376953125 0.443359375 0.1904296875 0.451171875 0.2177734375 0.4912109375 0.21875 0.5009765625 0.17578125 0.49609375 0.1396484375 0.4873046875 0.130859375 0.4599609375 0.12890625 0.453125 0.1376953125
2 0.4140625 0.3837890625 0.4208984375 0.388671875 0.4619140625 0.388671875 0.486328125 0.3583984375 0.4853515625 0.341796875 0.4580078125 0.322265625 0.4228515625 0.333984375 0.408203125 0.3623046875 0.4140625 0.3837890625
2 0.576171875 0.4072265625 0.5908203125 0.423828125 0.6142578125 0.421875 0.6328125 0.4072265625 0.6357421875 0.380859375 0.6259765625 0.365234375 0.6064453125 0.361328125 0.5859375 0.3740234375 0.576171875 0.4072265625
2 0.404296875 0.7373046875 0.412109375 0.7685546875 0.4345703125 0.779296875 0.4609375 0.7685546875 0.4658203125 0.744140625 0.46484375 0.7294921875 0.4423828125 0.712890625 0.4150390625 0.71875 0.404296875 0.7373046875
2 0.78515625 0.4462890625 0.7880859375 0.427734375 0.77734375 0.4111328125 0.78515625 0.3994140625 0.7763671875 0.388671875 0.7587890625 0.37890625 0.7236328125 0.3828125 0.71484375 0.3876953125 0.716796875 0.4033203125 0.708984375 0.4150390625 0.7109375 0.4599609375 0.7177734375 0.46875 0.7666015625 0.46875 0.78515625 0.4462890625
2 0.5224609375 0.94140625 0.53125 0.9365234375 0.5322265625 0.92578125 0.5029296875 0.8984375 0.490234375 0.9052734375 0.48828125 0.9208984375 0.5009765625 0.94140625 0.5224609375 0.94140625
2 0.552734375 0.7177734375 0.5556640625 0.751953125 0.595703125 0.7470703125 0.6015625 0.7373046875 0.6044921875 0.701171875 0.5986328125 0.693359375 0.5810546875 0.69140625 0.5625 0.7021484375 0.552734375 0.7177734375
2 0.5625 0.2666015625 0.5986328125 0.26953125 0.6005859375 0.2421875 0.5927734375 0.22265625 0.5791015625 0.21484375 0.5654296875 0.216796875 0.560546875 0.2275390625 0.5625 0.2666015625
2 0.8115234375 0.4921875 0.7861328125 0.4921875 0.78125 0.5087890625 0.8095703125 0.51171875 0.8115234375 0.4921875
2 0.626953125 0.6845703125 0.6416015625 0.693359375 0.6455078125 0.677734375 0.634765625 0.6474609375 0.6279296875 0.640625 0.6162109375 0.640625 0.615234375 0.6611328125 0.626953125 0.6845703125