2 0.6982421875 0.146484375 0.6376953125 0.140625 0.62890625 0.1474609375 0.62890625 0.1943359375 0.6337890625 0.203125 0.64453125 0.2041015625 0.701171875 0.2021484375 0.703125 0.1552734375 0.6982421875 0.146484375
2 0.796875 0.2744140625 0.7880859375 0.265625 0.7685546875 0.26953125 0.76171875 0.2783203125 0.76171875 0.2919921875 0.80078125 0.3076171875 0.8095703125 0.30859375 0.8125 0.2998046875 0.796875 0.2744140625
2 0.6103515625 0.318359375 0.5869140625 0.318359375 0.5546875 0.3310546875 0.5625 0.3701171875 0.5751953125 0.3828125 0.5859375 0.3837890625 0.6240234375 0.3828125 0.640625 0.3740234375 0.640625 0.3505859375 0.6318359375 0.328125 0.6103515625 0.318359375
2 0.8828125 0.4951171875 0.8662109375 0.48046875 0.8388671875 0.484375 0.82421875 0.5029296875 0.833984375 0.5283203125 0.8515625 0.5361328125 0.8779296875 0.53515625 0.884765625 0.5263671875 0.8828125 0.4951171875
2 0.92578125 0.6142578125 0.927734375 0.5966796875 0.9169921875 0.587890625 0.8916015625 0.583984375 0.880859375 0.5986328125 0.900390625 0.6298828125 0.9091796875 0.630859375 0.92578125 0.6142578125
2 0.576171875 0.6767578125 0.5712890625 0.65625 0.5517578125 0.65234375 0.533203125 0.6611328125 0.5400390625 0.673828125 0.556640625 0.6806640625 0.576171875 0.6767578125
2 0.447265625 0.8662109375 0.447265625 0.8544921875 0.4345703125 0.8359375 0.4130859375 0.833984375 0.404296875 0.8486328125 0.427734375 0.8720703125 0.4404296875 0.873046875 0.447265625 0.8662109375
2 0.283203125 0.4267578125 0.28125 0.3837890625 0.2607421875 0.369140625 0.2412109375 0.3671875 0.248046875 0.4208984375 0.26171875 0.4462890625 0.2685546875 0.447265625 0.283203125 0.4267578125
2 0.1162109375 0.203125 0.0908203125 0.205078125 0.0859375 0.2119140625 0.087890625 0.2216796875 0.1005859375 0.232421875 0.13671875 0.2333984375 0.142578125 0.2216796875 0.1162109375 0.203125
2 0.1240234375 0.001953125 0.115234375 0.0068359375 0.1171875 0.0419921875 0.109375 0.0478515625 0.107421875 0.0615234375 0.1171875 0.0810546875 0.1279296875 0.080078125 0.1474609375 0.060546875 0.166015625 0.0537109375 0.1611328125 0.00390625 0.1240234375 0.001953125
2 0.2255859375 0.69140625 0.23046875 0.6826171875 0.23828125 0.6572265625 0.2333984375 0.642578125 0.20703125 0.6708984375 0.2109375 0.6923828125 0.2255859375 0.69140625
2 0.142578125 0.7587890625 0.1435546875 0.73046875 0.1103515625 0.7265625 0.1015625 0.7373046875 0.107421875 0.7568359375 0.1171875 0.7666015625 0.142578125 0.7587890625
2 0.4365234375 0.04296875 0.44921875 0.0224609375 0.44921875 0.0048828125 0.3857421875 0.001953125 0.36328125 0.0322265625 0.390625 0.0556640625 0.4111328125 0.0546875 0.4365234375 0.04296875
2 0.09375 0.7099609375 0.0791015625 0.693359375 0.0478515625 0.693359375 0.041015625 0.7001953125 0.04296875 0.7216796875 0.056640625 0.7275390625 0.0888671875 0.728515625 0.09375 0.7255859375 0.09375 0.7099609375