2 0.35546875 0.1240234375 0.3701171875 0.142578125 0.400390625 0.1455078125 0.41796875 0.1298828125 0.421875 0.1025390625 0.3994140625 0.076171875 0.3798828125 0.07421875 0.359375 0.0888671875 0.35546875 0.1240234375
2 0.607421875 0.5400390625 0.6201171875 0.552734375 0.6328125 0.5537109375 0.64453125 0.5478515625 0.6484375 0.5322265625 0.6396484375 0.51953125 0.6259765625 0.517578125 0.609375 0.5283203125 0.607421875 0.5400390625
2 0.705078125 0.5126953125 0.6962890625 0.501953125 0.67578125 0.5126953125 0.67578125 0.5400390625 0.681640625 0.5439453125 0.705078125 0.5244140625 0.705078125 0.5126953125
2 0.87890625 0.6142578125 0.8837890625 0.626953125 0.900390625 0.6279296875 0.921875 0.6123046875 0.921875 0.5986328125 0.9130859375 0.587890625 0.8876953125 0.5859375 0.880859375 0.5947265625 0.87890625 0.6142578125
2 0.3642578125 0.212890625 0.3427734375 0.216796875 0.3359375 0.2275390625 0.337890625 0.2451171875 0.3515625 0.2470703125 0.369140625 0.2236328125 0.3642578125 0.212890625
2 0.10546875 0.1181640625 0.103515625 0.1279296875 0.1142578125 0.14453125 0.1396484375 0.154296875 0.154296875 0.1533203125 0.162109375 0.1435546875 0.16015625 0.1240234375 0.1513671875 0.11328125 0.1220703125 0.107421875 0.10546875 0.1181640625
2 0.009765625 0.0537109375 0.01953125 0.0751953125 0.046875 0.0791015625 0.0625 0.0732421875 0.0625 0.0595703125 0.05078125 0.0419921875 0.0302734375 0.03125 0.0146484375 0.03515625 0.009765625 0.0537109375
2 0.404296875 0.4853515625 0.42578125 0.4658203125 0.42578125 0.4482421875 0.4072265625 0.427734375 0.3955078125 0.4296875 0.380859375 0.4541015625 0.3828125 0.4775390625 0.404296875 0.4853515625
2 0.369140625 0.6240234375 0.384765625 0.6064453125 0.380859375 0.5771484375 0.3720703125 0.5703125 0.3388671875 0.572265625 0.33984375 0.6083984375 0.3525390625 0.62109375 0.369140625 0.6240234375
2 0.298828125 0.5107421875 0.2822265625 0.5 0.2685546875 0.501953125 0.263671875 0.5185546875 0.279296875 0.5224609375 0.2958984375 0.51953125 0.298828125 0.5107421875
2 0.2578125 0.8310546875 0.2763671875 0.84375 0.291015625 0.8427734375 0.306640625 0.8349609375 0.302734375 0.8134765625 0.2919921875 0.8046875 0.2724609375 0.810546875 0.2578125 0.8251953125 0.2578125 0.8310546875
2 0.521484375 0.9873046875 0.5283203125 0.99609375 0.54296875 0.9990234375 0.580078125 0.9833984375 0.583984375 0.9482421875 0.5673828125 0.923828125 0.5361328125 0.92578125 0.51953125 0.9482421875 0.521484375 0.9873046875
2 0.900390625 0.9072265625 0.900390625 0.8974609375 0.91015625 0.8974609375 0.91015625 0.8759765625 0.8857421875 0.84375 0.8642578125 0.83984375 0.83203125 0.8681640625 0.83203125 0.8974609375 0.8408203125 0.912109375 0.8818359375 0.9140625 0.88671875 0.9228515625 0.88671875 0.9150390625 0.900390625 0.9072265625
2 0.8203125 0.7080078125 0.8515625 0.6806640625 0.8515625 0.6748046875 0.8349609375 0.65234375 0.8056640625 0.642578125 0.791015625 0.6591796875 0.814453125 0.7060546875 0.8203125 0.7080078125
2 0.9990234375 0.6171875 0.9736328125 0.619140625 0.96484375 0.6337890625 0.96875 0.6591796875 0.98828125 0.6669921875 1 0.6630859375 0.9990234375 0.6171875
2 1 0.1806640625 0.9873046875 0.169921875 0.9521484375 0.171875 0.94140625 0.1865234375 0.939453125 0.1982421875 0.94921875 0.2158203125 0.970703125 0.2236328125 1 0.2177734375 1 0.1806640625
2 0.70703125 0.2490234375 0.712890625 0.2353515625 0.7021484375 0.220703125 0.6806640625 0.21484375 0.671875 0.2216796875 0.6787109375 0.23828125 0.6982421875 0.25 0.70703125 0.2490234375
2 0.79296875 0.0009765625 0.7080078125 0 0.7109375 0.0341796875 0.7509765625 0.06640625 0.76953125 0.0673828125 0.779296875 0.0576171875 0.79296875 0.0009765625