2 0.0009765625 0 0 0.0498046875 0.0205078125 0.048828125 0.0380859375 0.013671875 0.0380859375 0 0.0009765625 0
2 0.1904296875 0.357421875 0.1669921875 0.359375 0.150390625 0.3740234375 0.150390625 0.4052734375 0.1650390625 0.419921875 0.1865234375 0.41015625 0.2099609375 0.412109375 0.2158203125 0.40625 0.21484375 0.3916015625 0.19921875 0.3798828125 0.1904296875 0.357421875
2 0.3876953125 0.205078125 0.357421875 0.2158203125 0.35546875 0.2314453125 0.3671875 0.2666015625 0.3896484375 0.283203125 0.4228515625 0.279296875 0.4443359375 0.25390625 0.439453125 0.2275390625 0.4267578125 0.21484375 0.3876953125 0.205078125
2 0.6064453125 0.404296875 0.5771484375 0.412109375 0.560546875 0.4326171875 0.560546875 0.4482421875 0.5703125 0.4619140625 0.5927734375 0.474609375 0.6435546875 0.47265625 0.6513671875 0.447265625 0.6484375 0.4306640625 0.6279296875 0.41015625 0.6064453125 0.404296875
2 0.599609375 0.5029296875 0.6220703125 0.5390625 0.6513671875 0.533203125 0.6748046875 0.505859375 0.6455078125 0.484375 0.6142578125 0.484375 0.599609375 0.5029296875
2 0.5478515625 0.60546875 0.5341796875 0.609375 0.525390625 0.6220703125 0.529296875 0.6474609375 0.5478515625 0.66015625 0.564453125 0.6572265625 0.5751953125 0.62890625 0.576171875 0.6201171875 0.5693359375 0.61328125 0.5478515625 0.60546875
2 0.4384765625 0.341796875 0.42578125 0.3603515625 0.4296875 0.3798828125 0.4501953125 0.392578125 0.4736328125 0.390625 0.4775390625 0.376953125 0.4765625 0.3564453125 0.4599609375 0.33984375 0.4384765625 0.341796875
2 0.3681640625 0.607421875 0.357421875 0.6123046875 0.349609375 0.6435546875 0.3544921875 0.658203125 0.3837890625 0.6640625 0.40234375 0.6552734375 0.4072265625 0.640625 0.408203125 0.6318359375 0.3974609375 0.615234375 0.3681640625 0.607421875
2 0.2392578125 0.498046875 0.2236328125 0.51953125 0.21484375 0.5224609375 0.212890625 0.5380859375 0.224609375 0.5498046875 0.224609375 0.5693359375 0.2392578125 0.58203125 0.2626953125 0.578125 0.2724609375 0.5546875 0.2734375 0.5087890625 0.2646484375 0.5 0.2392578125 0.498046875
2 0.2578125 0.7666015625 0.255859375 0.8037109375 0.2646484375 0.81640625 0.2822265625 0.8203125 0.3095703125 0.806640625 0.3046875 0.7783203125 0.2939453125 0.765625 0.2578125 0.7666015625
2 0.2568359375 0.833984375 0.248046875 0.8427734375 0.248046875 0.8603515625 0.259765625 0.8916015625 0.2744140625 0.89453125 0.3017578125 0.87890625 0.3076171875 0.853515625 0.3046875 0.8388671875 0.2939453125 0.830078125 0.2568359375 0.833984375
2 0.3232421875 0.923828125 0.314453125 0.9306640625 0.3125 0.9638671875 0.3349609375 0.986328125 0.3486328125 0.986328125 0.3681640625 0.974609375 0.369140625 0.9619140625 0.3447265625 0.92578125 0.3232421875 0.923828125
2 0.546875 0.8955078125 0.5244140625 0.8828125 0.5048828125 0.88671875 0.490234375 0.9033203125 0.490234375 0.9169921875 0.51171875 0.9443359375 0.515625 0.9990234375 0.5830078125 1 0.5869140625 0.98046875 0.583984375 0.9560546875 0.552734375 0.9248046875 0.546875 0.8955078125
2 0.6181640625 0.74609375 0.5986328125 0.748046875 0.591796875 0.7919921875 0.611328125 0.8369140625 0.6455078125 0.833984375 0.6552734375 0.810546875 0.654296875 0.7783203125 0.646484375 0.7587890625 0.6181640625 0.74609375
2 0.9052734375 1 0.896484375 0.9716796875 0.8818359375 0.95703125 0.8583984375 0.94921875 0.849609375 0.9541015625 0.83984375 0.9814453125 0.8447265625 1 0.9052734375 1
2 0.2529296875 0.607421875 0.25390625 0.6591796875 0.2646484375 0.66796875 0.2978515625 0.662109375 0.28515625 0.6162109375 0.2744140625 0.607421875 0.2529296875 0.607421875
2 0.09765625 0.8291015625 0.095703125 0.8427734375 0.1162109375 0.8515625 0.1337890625 0.845703125 0.1396484375 0.8359375 0.1376953125 0.814453125 0.1162109375 0.814453125 0.09765625 0.8291015625
2 0.1513671875 0.8984375 0.142578125 0.9072265625 0.13671875 0.9521484375 0.1474609375 0.955078125 0.1748046875 0.947265625 0.1943359375 0.9296875 0.1953125 0.9130859375 0.1884765625 0.90625 0.1513671875 0.8984375
2 0.1953125 0.1376953125 0.1796875 0.1279296875 0.1708984375 0.111328125 0.1591796875 0.111328125 0.1533203125 0.126953125 0.1171875 0.1240234375 0.103515625 0.1533203125 0.103515625 0.1767578125 0.1162109375 0.201171875 0.1728515625 0.203125 0.1943359375 0.189453125 0.1953125 0.1513671875 0.1875 0.1416015625 0.1953125 0.1376953125