2 0.35546875 0.2041015625 0.3662109375 0.203125 0.37109375 0.1943359375 0.37109375 0.1474609375 0.3623046875 0.140625 0.3017578125 0.146484375 0.296875 0.1552734375 0.298828125 0.2021484375 0.35546875 0.2041015625
2 0.19921875 0.3076171875 0.23828125 0.2919921875 0.23828125 0.2783203125 0.2314453125 0.26953125 0.2119140625 0.265625 0.203125 0.2744140625 0.1875 0.2998046875 0.1904296875 0.30859375 0.19921875 0.3076171875
2 0.359375 0.3740234375 0.3759765625 0.3828125 0.4140625 0.3837890625 0.4248046875 0.3828125 0.4375 0.3701171875 0.4453125 0.3310546875 0.4130859375 0.318359375 0.3896484375 0.318359375 0.3681640625 0.328125 0.359375 0.3505859375 0.359375 0.3740234375
2 0.1484375 0.5361328125 0.166015625 0.5283203125 0.17578125 0.5029296875 0.1611328125 0.484375 0.1337890625 0.48046875 0.1171875 0.4951171875 0.115234375 0.5263671875 0.1220703125 0.53515625 0.1484375 0.5361328125
2 0.119140625 0.5986328125 0.1083984375 0.583984375 0.0830078125 0.587890625 0.072265625 0.5966796875 0.07421875 0.6142578125 0.0908203125 0.630859375 0.099609375 0.6298828125 0.119140625 0.5986328125
2 0.466796875 0.6611328125 0.4482421875 0.65234375 0.4287109375 0.65625 0.423828125 0.6767578125 0.443359375 0.6806640625 0.4599609375 0.673828125 0.466796875 0.6611328125
2 0.595703125 0.8486328125 0.5869140625 0.833984375 0.5654296875 0.8359375 0.552734375 0.8544921875 0.552734375 0.8662109375 0.5595703125 0.873046875 0.572265625 0.8720703125 0.595703125 0.8486328125
2 0.751953125 0.4208984375 0.7587890625 0.3671875 0.7392578125 0.369140625 0.71875 0.3837890625 0.716796875 0.4267578125 0.7314453125 0.447265625 0.73828125 0.4462890625 0.751953125 0.4208984375
2 0.8994140625 0.232421875 0.912109375 0.2216796875 0.9140625 0.2119140625 0.9091796875 0.205078125 0.8837890625 0.203125 0.857421875 0.2216796875 0.86328125 0.2333984375 0.8994140625 0.232421875
2 0.8525390625 0.060546875 0.8720703125 0.080078125 0.8828125 0.0810546875 0.892578125 0.0615234375 0.890625 0.0478515625 0.8828125 0.0419921875 0.884765625 0.0068359375 0.8759765625 0.001953125 0.8388671875 0.00390625 0.833984375 0.0537109375 0.8525390625 0.060546875
2 0.7666015625 0.642578125 0.76171875 0.6572265625 0.76953125 0.6826171875 0.7744140625 0.69140625 0.7890625 0.6923828125 0.79296875 0.6708984375 0.7666015625 0.642578125
2 0.8984375 0.7373046875 0.8896484375 0.7265625 0.8564453125 0.73046875 0.857421875 0.7587890625 0.8828125 0.7666015625 0.892578125 0.7568359375 0.8984375 0.7373046875
2 0.63671875 0.0322265625 0.6142578125 0.001953125 0.55078125 0.0048828125 0.55078125 0.0224609375 0.5634765625 0.04296875 0.5888671875 0.0546875 0.609375 0.0556640625 0.63671875 0.0322265625
2 0.943359375 0.7275390625 0.95703125 0.7216796875 0.958984375 0.7001953125 0.9521484375 0.693359375 0.9208984375 0.693359375 0.90625 0.7099609375 0.90625 0.7255859375 0.9111328125 0.728515625 0.943359375 0.7275390625