2 0.8193359375 1 0.828125 0.9892578125 0.828125 0.9521484375 0.8134765625 0.939453125 0.7978515625 0.9375 0.7802734375 0.947265625 0.7724609375 0.96484375 0.7822265625 1 0.8193359375 1
2 0.8955078125 0.421875 0.921875 0.4013671875 0.92578125 0.3798828125 0.9111328125 0.359375 0.8837890625 0.353515625 0.859375 0.3662109375 0.8544921875 0.38671875 0.8603515625 0.41015625 0.8818359375 0.421875 0.8955078125 0.421875
2 0.7763671875 0.369140625 0.787109375 0.3662109375 0.78515625 0.3466796875 0.7763671875 0.337890625 0.7587890625 0.3359375 0.7529296875 0.341796875 0.75390625 0.3525390625 0.7646484375 0.36328125 0.7763671875 0.369140625
2 0.876953125 0.1279296875 0.888671875 0.1220703125 0.88671875 0.1142578125 0.8740234375 0.103515625 0.8603515625 0.109375 0.8466796875 0.140625 0.8525390625 0.15625 0.8740234375 0.15625 0.876953125 0.1279296875
2 0.8515625 0.6630859375 0.8466796875 0.642578125 0.8330078125 0.640625 0.8232421875 0.646484375 0.8251953125 0.666015625 0.8427734375 0.669921875 0.8515625 0.6630859375
2 0.78515625 0.6845703125 0.783203125 0.6767578125 0.7724609375 0.671875 0.7509765625 0.697265625 0.7548828125 0.70703125 0.7744140625 0.705078125 0.78515625 0.6845703125
2 0.4736328125 0.646484375 0.482421875 0.6357421875 0.478515625 0.6181640625 0.4677734375 0.607421875 0.4599609375 0.607421875 0.4462890625 0.623046875 0.4453125 0.6337890625 0.4560546875 0.646484375 0.4736328125 0.646484375
2 0.498046875 0.6943359375 0.4873046875 0.67578125 0.4599609375 0.6796875 0.4755859375 0.703125 0.4873046875 0.703125 0.498046875 0.6943359375
2 0.4013671875 0.919921875 0.412109375 0.9072265625 0.412109375 0.8876953125 0.3935546875 0.876953125 0.3720703125 0.876953125 0.3662109375 0.890625 0.3671875 0.9052734375 0.3896484375 0.921875 0.4013671875 0.919921875
2 0.357421875 0.8056640625 0.3466796875 0.79296875 0.3115234375 0.814453125 0.3251953125 0.826171875 0.3466796875 0.826171875 0.357421875 0.8056640625
2 0.357421875 0.6865234375 0.3427734375 0.6796875 0.3349609375 0.6875 0.333984375 0.7080078125 0.3427734375 0.712890625 0.357421875 0.6865234375
2 0.1337890625 0.892578125 0.150390625 0.8720703125 0.1484375 0.8525390625 0.1298828125 0.83203125 0.1025390625 0.83203125 0.091796875 0.8427734375 0.0908203125 0.861328125 0.08984375 0.8798828125 0.1025390625 0.892578125 0.1337890625 0.892578125
2 0.0478515625 0.583984375 0.07421875 0.5693359375 0.078125 0.5458984375 0.0673828125 0.529296875 0.0478515625 0.5234375 0.0107421875 0.52734375 0.009765625 0.5556640625 0.0166015625 0.572265625 0.0478515625 0.583984375
2 0.0751953125 0.5 0.103515625 0.4833984375 0.103515625 0.4638671875 0.0791015625 0.423828125 0.0458984375 0.419921875 0.0244140625 0.4375 0.0234375 0.4677734375 0.0400390625 0.4921875 0.0751953125 0.5
2 0.1845703125 0.30859375 0.197265625 0.2978515625 0.193359375 0.2783203125 0.1767578125 0.259765625 0.1689453125 0.259765625 0.1591796875 0.275390625 0.158203125 0.2939453125 0.1650390625 0.306640625 0.1845703125 0.30859375
2 0.4130859375 0.38671875 0.427734375 0.3759765625 0.427734375 0.3544921875 0.4052734375 0.337890625 0.3876953125 0.34375 0.3759765625 0.361328125 0.376953125 0.3740234375 0.3876953125 0.384765625 0.4130859375 0.38671875
2 0.2177734375 0.53515625 0.22265625 0.5263671875 0.22265625 0.5185546875 0.2099609375 0.51171875 0.1904296875 0.51953125 0.1767578125 0.517578125 0.1796875 0.5322265625 0.1904296875 0.5390625 0.2177734375 0.53515625
2 0.2939453125 0.60546875 0.296875 0.5947265625 0.2880859375 0.580078125 0.2705078125 0.580078125 0.2626953125 0.57421875 0.24609375 0.5869140625 0.2431640625 0.6015625 0.2421875 0.6123046875 0.2529296875 0.61328125 0.2939453125 0.60546875
2 0.5 0.2861328125 0.5 0.2666015625 0.4833984375 0.259765625 0.4775390625 0.267578125 0.478515625 0.2939453125 0.4912109375 0.296875 0.5 0.2861328125
2 0.326171875 0.4208984375 0.3193359375 0.4140625 0.3076171875 0.4140625 0.3037109375 0.419921875 0.306640625 0.4521484375 0.3212890625 0.44921875 0.326171875 0.4208984375
2 0.5556640625 0.427734375 0.568359375 0.4111328125 0.5634765625 0.396484375 0.5400390625 0.3828125 0.5205078125 0.3828125 0.5126953125 0.396484375 0.5234375 0.4208984375 0.5419921875 0.431640625 0.5556640625 0.427734375
2 0.9384765625 0.0625 0.9580078125 0.05078125 0.96875 0.0341796875 0.96875 0.0205078125 0.9580078125 0.009765625 0.9345703125 0.013671875 0.9208984375 0.025390625 0.919921875 0.0498046875 0.9267578125 0.0625 0.9384765625 0.0625
2 0.8056640625 0.615234375 0.8125 0.6064453125 0.8095703125 0.58984375 0.7822265625 0.59375 0.78125 0.6025390625 0.7919921875 0.6171875 0.8056640625 0.615234375
2 0.66796875 0.7744140625 0.666015625 0.7392578125 0.6494140625 0.728515625 0.6162109375 0.73046875 0.6044921875 0.744140625 0.6162109375 0.783203125 0.6572265625 0.783203125 0.66796875 0.7744140625
2 0.3759765625 0.97265625 0.3447265625 0.966796875 0.3349609375 0.9765625 0.3388671875 1 0.380859375 0.9990234375 0.3759765625 0.97265625