2 0.51953125 0.8955078125 0.572265625 0.8779296875 0.57421875 0.8251953125 0.5693359375 0.818359375 0.5283203125 0.8125 0.5146484375 0.818359375 0.5 0.8369140625 0.5 0.8857421875 0.5087890625 0.89453125 0.51953125 0.8955078125
2 0.111328125 0.9833984375 0.12109375 0.9951171875 0.1396484375 0.99609375 0.158203125 0.9833984375 0.16796875 0.9619140625 0.1572265625 0.9453125 0.1396484375 0.939453125 0.119140625 0.9501953125 0.111328125 0.9833984375
2 0.0498046875 0.6875 0.072265625 0.6728515625 0.078125 0.6416015625 0.0673828125 0.62109375 0.0458984375 0.609375 0.0244140625 0.6171875 0.01171875 0.6298828125 0.009765625 0.6416015625 0.015625 0.6787109375 0.03515625 0.6865234375 0.0498046875 0.6875
2 0.41796875 0.6396484375 0.408203125 0.6103515625 0.3740234375 0.587890625 0.3486328125 0.580078125 0.3271484375 0.583984375 0.3056640625 0.59765625 0.28515625 0.6142578125 0.26953125 0.6572265625 0.2734375 0.6904296875 0.28515625 0.7001953125 0.3271484375 0.69921875 0.3486328125 0.6875 0.3779296875 0.697265625 0.384765625 0.6748046875 0.4072265625 0.66796875 0.4140625 0.6591796875 0.41796875 0.6396484375
2 0.6015625 0.4775390625 0.6572265625 0.470703125 0.6640625 0.4501953125 0.6484375 0.4267578125 0.6484375 0.4130859375 0.6181640625 0.38671875 0.603515625 0.3916015625 0.576171875 0.4404296875 0.576171875 0.4619140625 0.6015625 0.4775390625
2 0.46875 0.5087890625 0.48828125 0.5068359375 0.498046875 0.4638671875 0.4775390625 0.439453125 0.4404296875 0.4453125 0.4365234375 0.44140625 0.427734375 0.4580078125 0.431640625 0.4912109375 0.4443359375 0.505859375 0.46875 0.5087890625
2 0.775390625 0.6904296875 0.7177734375 0.67578125 0.7109375 0.6884765625 0.712890625 0.7353515625 0.7568359375 0.736328125 0.7734375 0.7080078125 0.775390625 0.6904296875
2 0.5341796875 0.71484375 0.51953125 0.7333984375 0.537109375 0.7412109375 0.5693359375 0.73828125 0.576171875 0.7236328125 0.57421875 0.7080078125 0.5595703125 0.703125 0.5341796875 0.71484375
2 0.869140625 0.5458984375 0.873046875 0.5693359375 0.912109375 0.5615234375 0.923828125 0.5244140625 0.9208984375 0.505859375 0.9052734375 0.5 0.9013671875 0.5078125 0.8828125 0.5166015625 0.869140625 0.5458984375
2 0.9130859375 0.64453125 0.9296875 0.6474609375 0.953125 0.6376953125 0.955078125 0.6162109375 0.9423828125 0.603515625 0.9130859375 0.6015625 0.90625 0.6103515625 0.908203125 0.6376953125 0.9130859375 0.64453125
2 0.25 0.2353515625 0.263671875 0.2451171875 0.2939453125 0.240234375 0.314453125 0.2080078125 0.30859375 0.1884765625 0.2958984375 0.177734375 0.2802734375 0.1796875 0.248046875 0.2197265625 0.25 0.2353515625
2 0.236328125 0.1259765625 0.2548828125 0.126953125 0.287109375 0.1142578125 0.287109375 0.0771484375 0.2724609375 0.060546875 0.2548828125 0.0546875 0.228515625 0.0634765625 0.216796875 0.1083984375 0.2255859375 0.123046875 0.236328125 0.1259765625
2 0.53515625 0.3505859375 0.5712890625 0.34765625 0.580078125 0.3349609375 0.58984375 0.2939453125 0.583984375 0.2763671875 0.5693359375 0.265625 0.5458984375 0.263671875 0.5234375 0.2783203125 0.515625 0.3115234375 0.53515625 0.3505859375
2 0.6259765625 0.119140625 0.66015625 0.1201171875 0.6796875 0.1123046875 0.671875 0.0693359375 0.6650390625 0.05859375 0.6357421875 0.05859375 0.615234375 0.0810546875 0.61328125 0.1083984375 0.6259765625 0.119140625
2 0.82421875 0.0615234375 0.8359375 0.0751953125 0.8564453125 0.076171875 0.873046875 0.0634765625 0.875 0.0263671875 0.8642578125 0.017578125 0.8388671875 0.01953125 0.828125 0.0341796875 0.82421875 0.0615234375
2 0.8701171875 0.265625 0.861328125 0.2802734375 0.86328125 0.2900390625 0.892578125 0.3037109375 0.904296875 0.3017578125 0.904296875 0.2724609375 0.8701171875 0.265625
2 0.966796875 0.7548828125 0.970703125 0.7939453125 1 0.7900390625 0.9990234375 0.73046875 0.966796875 0.7548828125
2 0.19140625 0.8876953125 0.21484375 0.9091796875 0.2236328125 0.908203125 0.2421875 0.8916015625 0.251953125 0.8740234375 0.2490234375 0.859375 0.2392578125 0.85546875 0.193359375 0.8642578125 0.19140625 0.8876953125
2 0.033203125 0.7939453125 0.044921875 0.8037109375 0.0576171875 0.8046875 0.0703125 0.7958984375 0.076171875 0.7822265625 0.0693359375 0.765625 0.0478515625 0.76953125 0.03125 0.7841796875 0.033203125 0.7939453125