2 0.9619140625 0.484375 0.9375 0.4970703125 0.9375 0.5341796875 0.9501953125 0.546875 0.9755859375 0.548828125 0.9990234375 0.52734375 1 0.4990234375 0.9794921875 0.482421875 0.9619140625 0.484375
2 0.5771484375 0.216796875 0.5458984375 0.22265625 0.533203125 0.2451171875 0.5439453125 0.283203125 0.5771484375 0.27734375 0.5966796875 0.25390625 0.59765625 0.2412109375 0.5771484375 0.216796875
2 0.580078125 0.3857421875 0.576171875 0.4052734375 0.5908203125 0.423828125 0.6142578125 0.423828125 0.6328125 0.4052734375 0.6376953125 0.388671875 0.6318359375 0.37109375 0.6005859375 0.36328125 0.580078125 0.3857421875
2 0.9716796875 0.94140625 0.9775390625 0.92578125 0.984375 0.9267578125 0.9833984375 0.93359375 0.98828125 0.9306640625 0.9912109375 0.90234375 0.9921875 0.8857421875 0.9697265625 0.87890625 0.9736328125 0.87109375 0.9306640625 0.8671875 0.9248046875 0.87890625 0.8984375 0.8955078125 0.896484375 0.9287109375 0.9052734375 0.9375 0.9091796875 0.92578125 0.9150390625 0.94140625 0.9716796875 0.94140625
2 0.80078125 0.5302734375 0.8046875 0.5576171875 0.8095703125 0.5625 0.8369140625 0.55859375 0.84765625 0.5419921875 0.8486328125 0.52734375 0.8388671875 0.513671875 0.8134765625 0.513671875 0.80078125 0.5302734375
2 0.7666015625 0.404296875 0.7353515625 0.400390625 0.728515625 0.4052734375 0.7294921875 0.4453125 0.7548828125 0.44921875 0.7685546875 0.43359375 0.7666015625 0.404296875
2 0.55859375 0.7177734375 0.55859375 0.7373046875 0.5712890625 0.75 0.5966796875 0.751953125 0.6103515625 0.74609375 0.6123046875 0.73828125 0.61328125 0.7080078125 0.6005859375 0.697265625 0.5673828125 0.705078125 0.55859375 0.7177734375
2 0.4013671875 1 0.4169921875 0.982421875 0.41796875 0.9638671875 0.4091796875 0.947265625 0.3837890625 0.947265625 0.365234375 0.9580078125 0.361328125 0.9912109375 0.3681640625 1 0.4013671875 1
2 0.201171875 0.9052734375 0.1806640625 0.900390625 0.173828125 0.9091796875 0.177734375 0.9365234375 0.1962890625 0.947265625 0.2041015625 0.9296875 0.201171875 0.9052734375
2 0.2412109375 0.802734375 0.2294921875 0.80078125 0.216796875 0.8115234375 0.2177734375 0.845703125 0.2431640625 0.845703125 0.2529296875 0.8359375 0.251953125 0.8193359375 0.2412109375 0.802734375
2 0.22265625 0.5595703125 0.228515625 0.5849609375 0.2548828125 0.595703125 0.2705078125 0.595703125 0.279296875 0.5869140625 0.2841796875 0.564453125 0.28125 0.5478515625 0.2685546875 0.537109375 0.2392578125 0.537109375 0.22265625 0.5595703125
2 0.0751953125 0.470703125 0.0625 0.4736328125 0.05859375 0.4970703125 0.0634765625 0.5078125 0.0908203125 0.513671875 0.1005859375 0.5078125 0.099609375 0.4951171875 0.0751953125 0.470703125
2 0.09375 0.8056640625 0.0810546875 0.79296875 0.05859375 0.8076171875 0.0751953125 0.83203125 0.0888671875 0.83203125 0.0927734375 0.82421875 0.09375 0.8056640625
2 0.1337890625 0.880859375 0.1279296875 0.85546875 0.099609375 0.8583984375 0.1044921875 0.884765625 0.1279296875 0.888671875 0.1337890625 0.880859375