2 0.640625 0.0888671875 0.6201171875 0.07421875 0.6005859375 0.076171875 0.578125 0.1025390625 0.58203125 0.1298828125 0.599609375 0.1455078125 0.6298828125 0.142578125 0.64453125 0.1240234375 0.640625 0.0888671875
2 0.390625 0.5283203125 0.3740234375 0.517578125 0.3603515625 0.51953125 0.3515625 0.5322265625 0.35546875 0.5478515625 0.3671875 0.5537109375 0.3798828125 0.552734375 0.392578125 0.5400390625 0.390625 0.5283203125
2 0.3037109375 0.501953125 0.294921875 0.5126953125 0.294921875 0.5244140625 0.318359375 0.5439453125 0.32421875 0.5400390625 0.32421875 0.5126953125 0.3037109375 0.501953125
2 0.119140625 0.5947265625 0.1123046875 0.5859375 0.0869140625 0.587890625 0.078125 0.5986328125 0.078125 0.6123046875 0.099609375 0.6279296875 0.1162109375 0.626953125 0.12109375 0.6142578125 0.119140625 0.5947265625
2 0.6572265625 0.216796875 0.6357421875 0.212890625 0.630859375 0.2236328125 0.6484375 0.2470703125 0.662109375 0.2451171875 0.6640625 0.2275390625 0.6572265625 0.216796875
2 0.896484375 0.1279296875 0.89453125 0.1181640625 0.8779296875 0.107421875 0.8486328125 0.11328125 0.83984375 0.1240234375 0.837890625 0.1435546875 0.845703125 0.1533203125 0.8603515625 0.154296875 0.8857421875 0.14453125 0.896484375 0.1279296875
2 0.9853515625 0.03515625 0.9697265625 0.03125 0.94921875 0.0419921875 0.9375 0.0595703125 0.9375 0.0732421875 0.953125 0.0791015625 0.98046875 0.0751953125 0.990234375 0.0537109375 0.9853515625 0.03515625
2 0.6044921875 0.4296875 0.5927734375 0.427734375 0.57421875 0.4482421875 0.57421875 0.4658203125 0.595703125 0.4853515625 0.6171875 0.4775390625 0.619140625 0.4541015625 0.6044921875 0.4296875
2 0.6611328125 0.572265625 0.6279296875 0.5703125 0.619140625 0.5771484375 0.615234375 0.6064453125 0.630859375 0.6240234375 0.6474609375 0.62109375 0.66015625 0.6083984375 0.6611328125 0.572265625
2 0.7177734375 0.5 0.701171875 0.5107421875 0.7041015625 0.51953125 0.720703125 0.5224609375 0.736328125 0.5185546875 0.7314453125 0.501953125 0.7177734375 0.5
2 0.7421875 0.8251953125 0.7275390625 0.810546875 0.7080078125 0.8046875 0.697265625 0.8134765625 0.693359375 0.8349609375 0.708984375 0.8427734375 0.7236328125 0.84375 0.7421875 0.8310546875 0.7421875 0.8251953125
2 0.48046875 0.9482421875 0.4638671875 0.92578125 0.4326171875 0.923828125 0.416015625 0.9482421875 0.419921875 0.9833984375 0.45703125 0.9990234375 0.4716796875 0.99609375 0.478515625 0.9873046875 0.48046875 0.9482421875
2 0.16796875 0.8974609375 0.16796875 0.8681640625 0.1357421875 0.83984375 0.1142578125 0.84375 0.08984375 0.8759765625 0.08984375 0.8974609375 0.099609375 0.8974609375 0.099609375 0.9072265625 0.11328125 0.9150390625 0.11328125 0.9228515625 0.1181640625 0.9140625 0.1591796875 0.912109375 0.16796875 0.8974609375
2 0.1943359375 0.642578125 0.1650390625 0.65234375 0.1484375 0.6748046875 0.1484375 0.6806640625 0.1796875 0.7080078125 0.185546875 0.7060546875 0.208984375 0.6591796875 0.1943359375 0.642578125
2 0.0263671875 0.619140625 0.0009765625 0.6171875 0 0.6630859375 0.01171875 0.6669921875 0.03125 0.6591796875 0.03515625 0.6337890625 0.0263671875 0.619140625
2 0 0.2177734375 0.029296875 0.2236328125 0.05078125 0.2158203125 0.060546875 0.1982421875 0.05859375 0.1865234375 0.0478515625 0.171875 0.0126953125 0.169921875 0 0.1806640625 0 0.2177734375
2 0.328125 0.2216796875 0.3193359375 0.21484375 0.2978515625 0.220703125 0.287109375 0.2353515625 0.29296875 0.2490234375 0.3017578125 0.25 0.3212890625 0.23828125 0.328125 0.2216796875
2 0.2919921875 0 0.20703125 0.0009765625 0.220703125 0.0576171875 0.23046875 0.0673828125 0.2490234375 0.06640625 0.2890625 0.0341796875 0.2919921875 0