2 0.55078125 0.4501953125 0.4892578125 0.451171875 0.490234375 0.4970703125 0.5126953125 0.51171875 0.544921875 0.5126953125 0.5546875 0.4638671875 0.55078125 0.4501953125
2 0.6865234375 0.572265625 0.705078125 0.5751953125 0.6904296875 0.578125 0.6904296875 0.583984375 0.705078125 0.5849609375 0.71875 0.5458984375 0.71484375 0.5205078125 0.6943359375 0.505859375 0.6591796875 0.498046875 0.654296875 0.5068359375 0.669921875 0.5302734375 0.669921875 0.5576171875 0.6865234375 0.572265625
2 0.3232421875 0.67578125 0.294921875 0.6806640625 0.283203125 0.6943359375 0.283203125 0.7060546875 0.259765625 0.7314453125 0.263671875 0.7822265625 0.28125 0.7841796875 0.3037109375 0.775390625 0.3251953125 0.751953125 0.3427734375 0.75 0.35546875 0.7392578125 0.37109375 0.7001953125 0.3681640625 0.685546875 0.3408203125 0.689453125 0.3232421875 0.67578125
2 0.134765625 0.0537109375 0.12890625 0.0595703125 0.1328125 0.0673828125 0.126953125 0.0712890625 0.171875 0.0830078125 0.2099609375 0.076171875 0.216796875 0.0673828125 0.216796875 0.0439453125 0.1845703125 0.029296875 0.1630859375 0.029296875 0.1474609375 0.041015625 0.1337890625 0.041015625 0.134765625 0.0537109375
2 0.65234375 0.0146484375 0.6572265625 0.005859375 0.5888671875 0.00390625 0.576171875 0.0322265625 0.576171875 0.0849609375 0.623046875 0.0947265625 0.640625 0.0908203125 0.63671875 0.0771484375 0.6435546875 0.0703125 0.6533203125 0.076171875 0.6630859375 0.0703125 0.685546875 0.0439453125 0.685546875 0.0361328125 0.65234375 0.0146484375
2 0.845703125 0.3193359375 0.861328125 0.3271484375 0.8896484375 0.31640625 0.90234375 0.3017578125 0.91015625 0.2841796875 0.9072265625 0.265625 0.8896484375 0.259765625 0.8818359375 0.267578125 0.85546875 0.2705078125 0.845703125 0.3193359375
2 1 0.3330078125 0.9814453125 0.33203125 0.9580078125 0.33984375 0.94921875 0.3525390625 0.947265625 0.3740234375 0.9658203125 0.380859375 0.990234375 0.3798828125 1 0.3759765625 1 0.3330078125
2 1 0.2080078125 0.9755859375 0.1953125 0.9404296875 0.1953125 0.916015625 0.2119140625 0.9140625 0.2275390625 0.9365234375 0.265625 0.96875 0.2646484375 0.9736328125 0.259765625 0.9931640625 0.263671875 1 0.2568359375 1 0.2080078125
2 0.15234375 0.4990234375 0.1484375 0.5380859375 0.1552734375 0.546875 0.17578125 0.5517578125 0.19140625 0.5458984375 0.193359375 0.5205078125 0.19921875 0.5126953125 0.201171875 0.4912109375 0.1904296875 0.46875 0.1865234375 0.474609375 0.1669921875 0.46875 0.15234375 0.4990234375
2 0.060546875 0.3427734375 0.076171875 0.3056640625 0.0615234375 0.291015625 0.0029296875 0.287109375 0 0.3408203125 0.0224609375 0.3515625 0.046875 0.3505859375 0.060546875 0.3427734375
2 0.2275390625 0.208984375 0.2578125 0.2119140625 0.302734375 0.1865234375 0.2861328125 0.16796875 0.2666015625 0.16015625 0.2373046875 0.158203125 0.2177734375 0.1640625 0.205078125 0.1904296875 0.20703125 0.1982421875 0.2275390625 0.208984375
2 0.541015625 0.1630859375 0.5625 0.1494140625 0.5576171875 0.138671875 0.5224609375 0.1328125 0.4951171875 0.111328125 0.478515625 0.1220703125 0.4892578125 0.14453125 0.5205078125 0.162109375 0.541015625 0.1630859375
2 0.810546875 0.1142578125 0.80859375 0.0849609375 0.8017578125 0.076171875 0.7841796875 0.076171875 0.759765625 0.0947265625 0.7578125 0.1181640625 0.765625 0.1240234375 0.810546875 0.1142578125
2 0.6572265625 0.302734375 0.666015625 0.3017578125 0.7158203125 0.271484375 0.716796875 0.2626953125 0.7119140625 0.2578125 0.6904296875 0.2578125 0.6630859375 0.271484375 0.6494140625 0.265625 0.6484375 0.2939453125 0.6572265625 0.302734375
2 0.673828125 0.3818359375 0.681640625 0.4091796875 0.7060546875 0.427734375 0.712890625 0.4267578125 0.716796875 0.4111328125 0.736328125 0.3955078125 0.73828125 0.3525390625 0.736328125 0.3447265625 0.7197265625 0.333984375 0.6943359375 0.33203125 0.689453125 0.3623046875 0.673828125 0.3818359375
2 0.328125 0.4521484375 0.326171875 0.4091796875 0.333984375 0.3779296875 0.3056640625 0.359375 0.2685546875 0.361328125 0.263671875 0.4306640625 0.2900390625 0.453125 0.3056640625 0.443359375 0.328125 0.4521484375