2 0.294921875 0.1376953125 0.3076171875 0.15234375 0.3466796875 0.154296875 0.361328125 0.1455078125 0.361328125 0.1025390625 0.3486328125 0.09375 0.337890625 0.0947265625 0.3173828125 0.1015625 0.29296875 0.1220703125 0.294921875 0.1376953125
2 0.494140625 0.1005859375 0.484375 0.1162109375 0.486328125 0.1455078125 0.5048828125 0.166015625 0.5361328125 0.1640625 0.546875 0.1083984375 0.494140625 0.1005859375
2 0.4345703125 0.1875 0.451171875 0.1728515625 0.455078125 0.1513671875 0.44921875 0.1376953125 0.431640625 0.1240234375 0.39453125 0.1435546875 0.388671875 0.1787109375 0.3955078125 0.189453125 0.4345703125 0.1875
2 0.7412109375 0.212890625 0.75390625 0.1962890625 0.748046875 0.1767578125 0.7373046875 0.166015625 0.71875 0.1650390625 0.693359375 0.1787109375 0.69140625 0.1982421875 0.7158203125 0.216796875 0.7412109375 0.212890625
2 0 0.5732421875 0.0009765625 0.62109375 0.0458984375 0.619140625 0.064453125 0.6103515625 0.068359375 0.5810546875 0.0634765625 0.576171875 0 0.5732421875
2 0.4228515625 0.634765625 0.43359375 0.6220703125 0.4375 0.6025390625 0.4248046875 0.587890625 0.40234375 0.5888671875 0.38671875 0.5986328125 0.38671875 0.6259765625 0.4013671875 0.63671875 0.4228515625 0.634765625
2 0.623046875 0.6611328125 0.62109375 0.6318359375 0.599609375 0.6220703125 0.5791015625 0.630859375 0.55859375 0.6513671875 0.5732421875 0.6796875 0.6103515625 0.67578125 0.623046875 0.6611328125
2 0.9599609375 0.71484375 0.98046875 0.7060546875 0.982421875 0.6767578125 0.9736328125 0.666015625 0.9609375 0.6650390625 0.927734375 0.6826171875 0.921875 0.7001953125 0.9306640625 0.7109375 0.9599609375 0.71484375
2 0.1533203125 0.712890625 0.2041015625 0.712890625 0.21484375 0.6962890625 0.2060546875 0.68359375 0.14453125 0.6845703125 0.1337890625 0.6875 0.12890625 0.6962890625 0.1357421875 0.70703125 0.1533203125 0.712890625
2 0.974609375 0.1337890625 0.9560546875 0.109375 0.94921875 0.1103515625 0.92578125 0.1201171875 0.9296875 0.1455078125 0.9404296875 0.15625 0.9580078125 0.15234375 0.974609375 0.1337890625
2 0.23046875 0.3603515625 0.236328125 0.3369140625 0.228515625 0.3349609375 0.19140625 0.3544921875 0.18359375 0.3681640625 0.1865234375 0.3828125 0.2119140625 0.376953125 0.23046875 0.3603515625