2 0.5908203125 0.40625 0.572265625 0.4208984375 0.576171875 0.4560546875 0.5986328125 0.4765625 0.6435546875 0.47265625 0.650390625 0.4619140625 0.6513671875 0.435546875 0.6201171875 0.40625 0.5908203125 0.40625
2 0.6630859375 0.498046875 0.66015625 0.4853515625 0.6455078125 0.46875 0.6083984375 0.474609375 0.595703125 0.4853515625 0.595703125 0.5048828125 0.611328125 0.5322265625 0.6220703125 0.5390625 0.6494140625 0.533203125 0.658203125 0.5224609375 0.6630859375 0.498046875
2 0.51171875 0.9326171875 0.515625 0.9990234375 0.5771484375 1 0.583984375 0.9853515625 0.5830078125 0.966796875 0.57421875 0.9462890625 0.55078125 0.9228515625 0.546875 0.8955078125 0.5322265625 0.884765625 0.5087890625 0.88671875 0.49609375 0.9013671875 0.49609375 0.9130859375 0.50390625 0.9150390625 0.50390625 0.9248046875 0.51171875 0.9326171875
2 0.6396484375 0.76953125 0.6279296875 0.767578125 0.6103515625 0.76953125 0.6015625 0.7861328125 0.609375 0.8193359375 0.6240234375 0.828125 0.6435546875 0.828125 0.65234375 0.8212890625 0.6552734375 0.79296875 0.6396484375 0.76953125
2 0.9072265625 1 0.9072265625 0.990234375 0.8916015625 0.96484375 0.8623046875 0.951171875 0.849609375 0.9541015625 0.837890625 0.9833984375 0.8408203125 1 0.9072265625 1
2 0.5361328125 0.607421875 0.525390625 0.6220703125 0.529296875 0.6474609375 0.5498046875 0.662109375 0.5712890625 0.66015625 0.578125 0.6494140625 0.5791015625 0.6171875 0.5478515625 0.603515625 0.5361328125 0.607421875
2 0.4443359375 0.341796875 0.42578125 0.3603515625 0.427734375 0.3818359375 0.4462890625 0.39453125 0.4755859375 0.39453125 0.482421875 0.3857421875 0.4814453125 0.36328125 0.4677734375 0.345703125 0.4443359375 0.341796875
2 0.4375 0.2197265625 0.4072265625 0.201171875 0.3662109375 0.208984375 0.35546875 0.2216796875 0.365234375 0.2646484375 0.3876953125 0.283203125 0.4267578125 0.275390625 0.439453125 0.2646484375 0.4443359375 0.2421875 0.4375 0.2197265625
2 0.3623046875 0.607421875 0.35546875 0.6142578125 0.349609375 0.6552734375 0.3583984375 0.662109375 0.3876953125 0.6640625 0.40234375 0.6533203125 0.4052734375 0.630859375 0.3955078125 0.61328125 0.3623046875 0.607421875
2 0.248046875 0.8427734375 0.251953125 0.8701171875 0.2666015625 0.892578125 0.302734375 0.8759765625 0.3037109375 0.83984375 0.2939453125 0.828125 0.2744140625 0.828125 0.248046875 0.8427734375
2 0.302734375 0.7724609375 0.2919921875 0.763671875 0.2685546875 0.76171875 0.2578125 0.7666015625 0.25390625 0.7978515625 0.2646484375 0.81640625 0.2958984375 0.81640625 0.30859375 0.8076171875 0.3095703125 0.796875 0.302734375 0.7724609375
2 0.3447265625 0.927734375 0.3291015625 0.923828125 0.3203125 0.9306640625 0.31640625 0.9580078125 0.3349609375 0.984375 0.3447265625 0.986328125 0.3623046875 0.978515625 0.369140625 0.9716796875 0.3681640625 0.9609375 0.3447265625 0.927734375
2 0.2880859375 0.654296875 0.3056640625 0.650390625 0.3076171875 0.640625 0.2900390625 0.5859375 0.25 0.5908203125 0.251953125 0.6064453125 0.2880859375 0.654296875
2 0.2470703125 0.5 0.228515625 0.5146484375 0.224609375 0.5302734375 0.2412109375 0.548828125 0.2705078125 0.556640625 0.279296875 0.5478515625 0.2802734375 0.521484375 0.2685546875 0.501953125 0.2470703125 0.5
2 0.1748046875 0.41015625 0.2099609375 0.41015625 0.2158203125 0.392578125 0.1904296875 0.359375 0.1748046875 0.361328125 0.1640625 0.3740234375 0.1748046875 0.41015625
2 0.1650390625 0.109375 0.1611328125 0.12890625 0.1435546875 0.126953125 0.138671875 0.1337890625 0.138671875 0.1611328125 0.1494140625 0.171875 0.1845703125 0.169921875 0.1875 0.1455078125 0.1943359375 0.13671875 0.1650390625 0.109375
2 0 0.8291015625 0.0146484375 0.83203125 0.0361328125 0.826171875 0.048828125 0.8115234375 0.0498046875 0.787109375 0.0361328125 0.76953125 0.0009765625 0.76171875 0 0.8291015625
2 0.1396484375 0.79296875 0.1298828125 0.79296875 0.1005859375 0.80859375 0.078125 0.8330078125 0.07421875 0.8603515625 0.0986328125 0.865234375 0.1376953125 0.84765625 0.14453125 0.8388671875 0.1455078125 0.8046875 0.1396484375 0.79296875
2 0.13671875 0.9521484375 0.1474609375 0.955078125 0.1806640625 0.9453125 0.197265625 0.9287109375 0.1962890625 0.9140625 0.1630859375 0.8984375 0.1474609375 0.900390625 0.13671875 0.9521484375
2 0.0361328125 0 0 0.0009765625 0.0009765625 0.056640625 0.025390625 0.0439453125 0.037109375 0.0146484375 0.0361328125 0
2 0.9267578125 0.560546875 0.890625 0.5615234375 0.880859375 0.5966796875 0.9033203125 0.623046875 0.9345703125 0.62890625 0.9453125 0.6162109375 0.9443359375 0.607421875 0.931640625 0.5888671875 0.9267578125 0.560546875
2 0.9150390625 0.845703125 0.9599609375 0.841796875 0.9658203125 0.81640625 0.9609375 0.8154296875 0.951171875 0.7841796875 0.9423828125 0.779296875 0.9287109375 0.78515625 0.9091796875 0.77734375 0.8935546875 0.779296875 0.880859375 0.8056640625 0.888671875 0.8505859375 0.8994140625 0.857421875 0.9150390625 0.845703125
2 0.0712890625 0.8984375 0.0517578125 0.8984375 0.0361328125 0.888671875 0.0126953125 0.89453125 0.001953125 0.9208984375 0.0107421875 0.94140625 0.0498046875 0.9609375 0.0849609375 0.95703125 0.0888671875 0.9296875 0.0712890625 0.8984375