2 0.4306640625 0.681640625 0.46875 0.6630859375 0.47265625 0.6298828125 0.4658203125 0.6171875 0.4404296875 0.60546875 0.4189453125 0.62109375 0.41796875 0.6708984375 0.4228515625 0.6796875 0.4306640625 0.681640625
2 0.6982421875 0.896484375 0.6962890625 0.90625 0.7001953125 0.912109375 0.705078125 0.9072265625 0.6982421875 0.896484375
2 0.744140625 0.9072265625 0.736328125 0.8779296875 0.7294921875 0.873046875 0.7138671875 0.876953125 0.708984375 0.8896484375 0.7021484375 0.890625 0.7138671875 0.916015625 0.7314453125 0.91796875 0.744140625 0.9072265625
2 0.4677734375 0.166015625 0.478515625 0.1513671875 0.478515625 0.1259765625 0.4619140625 0.115234375 0.4365234375 0.125 0.4306640625 0.134765625 0.43359375 0.1494140625 0.4501953125 0.16796875 0.4677734375 0.166015625
2 0.7099609375 0.59765625 0.6962890625 0.59765625 0.6796875 0.6162109375 0.68359375 0.6220703125 0.67578125 0.6259765625 0.6728515625 0.640625 0.6884765625 0.658203125 0.7080078125 0.66015625 0.7255859375 0.65234375 0.728515625 0.6416015625 0.71875 0.6064453125 0.7099609375 0.59765625
2 0.8583984375 0.046875 0.8896484375 0.044921875 0.896484375 0.0361328125 0.89453125 0.0009765625 0.8603515625 0 0.8525390625 0.03125 0.8515625 0.0419921875 0.8583984375 0.046875
2 0.9521484375 0.408203125 0.966796875 0.3955078125 0.96875 0.3486328125 0.9599609375 0.33984375 0.9384765625 0.330078125 0.9130859375 0.353515625 0.9345703125 0.40625 0.9521484375 0.408203125
2 0.7275390625 0.4765625 0.7568359375 0.474609375 0.76171875 0.4462890625 0.75 0.4208984375 0.7275390625 0.408203125 0.7060546875 0.416015625 0.7109375 0.4560546875 0.71875 0.4716796875 0.7275390625 0.4765625
2 0.4677734375 0.408203125 0.5 0.4091796875 0.501953125 0.3818359375 0.4970703125 0.369140625 0.4833984375 0.36328125 0.4599609375 0.37890625 0.4609375 0.3994140625 0.4677734375 0.408203125
2 0.0458984375 0.2109375 0.076171875 0.2080078125 0.07421875 0.1943359375 0.0595703125 0.185546875 0.0380859375 0.181640625 0.0322265625 0.1875 0.03515625 0.2021484375 0.0458984375 0.2109375
2 0.1201171875 0.470703125 0.126953125 0.4658203125 0.130859375 0.4541015625 0.1220703125 0.4375 0.1044921875 0.4375 0.0966796875 0.443359375 0.1005859375 0.462890625 0.1201171875 0.470703125
2 0.2392578125 0.98046875 0.2294921875 0.99609375 0.28515625 0.9990234375 0.2490234375 0.98046875 0.2392578125 0.98046875
2 0.3359375 0.8095703125 0.3564453125 0.828125 0.361328125 0.8232421875 0.357421875 0.7978515625 0.3486328125 0.791015625 0.3349609375 0.796875 0.3359375 0.8095703125
2 0.615234375 0.3076171875 0.6044921875 0.287109375 0.5947265625 0.287109375 0.5654296875 0.265625 0.5400390625 0.271484375 0.5380859375 0.287109375 0.541015625 0.3076171875 0.5517578125 0.314453125 0.5947265625 0.318359375 0.615234375 0.3076171875
2 0.9248046875 0.904296875 0.9453125 0.8876953125 0.94921875 0.8564453125 0.9443359375 0.83984375 0.9169921875 0.83203125 0.8935546875 0.857421875 0.896484375 0.8857421875 0.9052734375 0.8984375 0.9248046875 0.904296875
2 0.1767578125 0.447265625 0.1875 0.4443359375 0.1953125 0.4072265625 0.1845703125 0.390625 0.1474609375 0.39453125 0.1396484375 0.404296875 0.138671875 0.4111328125 0.1572265625 0.4375 0.1767578125 0.447265625