2 0.5 0.1630859375 0.5146484375 0.181640625 0.5283203125 0.1875 0.5693359375 0.181640625 0.57421875 0.1748046875 0.572265625 0.1220703125 0.51953125 0.1044921875 0.5087890625 0.10546875 0.5 0.1142578125 0.5 0.1630859375
2 0.1572265625 0.0546875 0.16796875 0.0380859375 0.158203125 0.0166015625 0.1396484375 0.00390625 0.12109375 0.0048828125 0.111328125 0.0166015625 0.119140625 0.0498046875 0.1396484375 0.060546875 0.1572265625 0.0546875
2 0.009765625 0.3583984375 0.01171875 0.3701171875 0.0244140625 0.3828125 0.0458984375 0.390625 0.0673828125 0.37890625 0.078125 0.3583984375 0.072265625 0.3271484375 0.0498046875 0.3125 0.03515625 0.3134765625 0.015625 0.3212890625 0.009765625 0.3583984375
2 0.384765625 0.3251953125 0.3779296875 0.302734375 0.3486328125 0.3125 0.3271484375 0.30078125 0.28515625 0.2998046875 0.2734375 0.3095703125 0.26953125 0.3427734375 0.28515625 0.3857421875 0.3056640625 0.40234375 0.3271484375 0.416015625 0.3486328125 0.419921875 0.3740234375 0.412109375 0.408203125 0.3896484375 0.41796875 0.3603515625 0.4140625 0.3408203125 0.4072265625 0.33203125 0.384765625 0.3251953125
2 0.603515625 0.6083984375 0.6181640625 0.61328125 0.6484375 0.5869140625 0.6484375 0.5732421875 0.6640625 0.5498046875 0.6572265625 0.529296875 0.6015625 0.5224609375 0.576171875 0.5380859375 0.576171875 0.5595703125 0.603515625 0.6083984375
2 0.427734375 0.5419921875 0.4365234375 0.55859375 0.4404296875 0.5546875 0.4775390625 0.560546875 0.498046875 0.5361328125 0.48828125 0.4931640625 0.46875 0.4912109375 0.4443359375 0.494140625 0.431640625 0.5087890625 0.427734375 0.5419921875
2 0.712890625 0.2646484375 0.7109375 0.3115234375 0.7177734375 0.32421875 0.775390625 0.3095703125 0.7734375 0.2919921875 0.7568359375 0.263671875 0.712890625 0.2646484375
2 0.576171875 0.2763671875 0.5693359375 0.26171875 0.537109375 0.2587890625 0.51953125 0.2666015625 0.5341796875 0.28515625 0.5595703125 0.296875 0.57421875 0.2919921875 0.576171875 0.2763671875
2 0.9052734375 0.5 0.9208984375 0.494140625 0.923828125 0.4755859375 0.912109375 0.4384765625 0.873046875 0.4306640625 0.869140625 0.4541015625 0.8828125 0.4833984375 0.9013671875 0.4921875 0.9052734375 0.5
2 0.9130859375 0.3984375 0.9423828125 0.396484375 0.955078125 0.3837890625 0.953125 0.3623046875 0.9296875 0.3525390625 0.9130859375 0.35546875 0.908203125 0.3623046875 0.90625 0.3896484375 0.9130859375 0.3984375
2 0.2958984375 0.822265625 0.30859375 0.8115234375 0.314453125 0.7919921875 0.2939453125 0.759765625 0.263671875 0.7548828125 0.25 0.7646484375 0.248046875 0.7802734375 0.2802734375 0.8203125 0.2958984375 0.822265625
2 0.228515625 0.9365234375 0.2548828125 0.9453125 0.2724609375 0.939453125 0.287109375 0.9228515625 0.287109375 0.8857421875 0.2548828125 0.873046875 0.236328125 0.8740234375 0.2255859375 0.876953125 0.216796875 0.8916015625 0.228515625 0.9365234375
2 0.5458984375 0.736328125 0.5693359375 0.734375 0.583984375 0.7236328125 0.58984375 0.7060546875 0.580078125 0.6650390625 0.5712890625 0.65234375 0.53515625 0.6494140625 0.515625 0.6884765625 0.5234375 0.7216796875 0.5458984375 0.736328125
2 0.6357421875 0.94140625 0.6650390625 0.94140625 0.671875 0.9306640625 0.6796875 0.8876953125 0.66015625 0.8798828125 0.6259765625 0.880859375 0.61328125 0.8916015625 0.615234375 0.9189453125 0.6357421875 0.94140625
2 0.8642578125 0.982421875 0.875 0.9736328125 0.873046875 0.9365234375 0.8564453125 0.923828125 0.8359375 0.9248046875 0.82421875 0.9384765625 0.828125 0.9658203125 0.8388671875 0.98046875 0.8642578125 0.982421875
2 0.892578125 0.6962890625 0.86328125 0.7099609375 0.861328125 0.7197265625 0.8701171875 0.734375 0.904296875 0.7275390625 0.904296875 0.6982421875 0.892578125 0.6962890625
2 0.970703125 0.2060546875 0.966796875 0.2451171875 0.9990234375 0.26953125 1 0.2099609375 0.970703125 0.2060546875
2 0.2490234375 0.140625 0.251953125 0.1259765625 0.2421875 0.1083984375 0.2236328125 0.091796875 0.21484375 0.0908203125 0.19140625 0.1123046875 0.193359375 0.1357421875 0.2392578125 0.14453125 0.2490234375 0.140625
2 0.0693359375 0.234375 0.076171875 0.2177734375 0.0703125 0.2041015625 0.0576171875 0.1953125 0.044921875 0.1962890625 0.033203125 0.2060546875 0.03125 0.2158203125 0.0478515625 0.23046875 0.0693359375 0.234375