2 0.482421875 0.1455078125 0.5087890625 0.14453125 0.55078125 0.1240234375 0.5546875 0.0927734375 0.5458984375 0.078125 0.4775390625 0.08203125 0.453125 0.1005859375 0.447265625 0.1142578125 0.44921875 0.1318359375 0.4638671875 0.142578125 0.482421875 0.1455078125
2 0.978515625 0.1748046875 1 0.1650390625 0.9990234375 0.09765625 0.9775390625 0.1015625 0.943359375 0.1533203125 0.94140625 0.1611328125 0.9501953125 0.171875 0.978515625 0.1748046875
2 0.267578125 0.3134765625 0.30078125 0.2919921875 0.30078125 0.2783203125 0.2900390625 0.26171875 0.2607421875 0.263671875 0.2421875 0.2861328125 0.24609375 0.3115234375 0.267578125 0.3134765625
2 0.173828125 0.2724609375 0.1826171875 0.263671875 0.2041015625 0.26953125 0.212890625 0.2587890625 0.216796875 0.2255859375 0.2060546875 0.205078125 0.1650390625 0.205078125 0.146484375 0.2236328125 0.1484375 0.2587890625 0.1611328125 0.271484375 0.173828125 0.2724609375
2 0.07421875 0.2998046875 0.0986328125 0.28515625 0.10546875 0.2724609375 0.099609375 0.2607421875 0.103515625 0.2158203125 0.0830078125 0.193359375 0.0419921875 0.1953125 0.029296875 0.2080078125 0.015625 0.2763671875 0.0302734375 0.298828125 0.0556640625 0.294921875 0.07421875 0.2998046875
2 0.171875 0.4658203125 0.18359375 0.4521484375 0.1845703125 0.4296875 0.1669921875 0.43359375 0.15625 0.4462890625 0.158203125 0.4599609375 0.171875 0.4658203125
2 0.087890625 0.4384765625 0.095703125 0.4306640625 0.09375 0.4072265625 0.0771484375 0.404296875 0.068359375 0.4384765625 0.087890625 0.4384765625
2 0.111328125 0.5673828125 0.1240234375 0.564453125 0.12890625 0.5556640625 0.123046875 0.5126953125 0.0966796875 0.494140625 0.0576171875 0.5 0.048828125 0.5283203125 0.056640625 0.5498046875 0.0869140625 0.56640625 0.111328125 0.5673828125
2 0.087890625 0.7060546875 0.12109375 0.6591796875 0.11328125 0.6318359375 0.0927734375 0.6171875 0.0791015625 0.6171875 0.056640625 0.6376953125 0.056640625 0.6826171875 0.0654296875 0.6953125 0.087890625 0.7060546875
2 0.05859375 0.8994140625 0.0888671875 0.896484375 0.09765625 0.8818359375 0.09765625 0.8623046875 0.080078125 0.8232421875 0.0634765625 0.802734375 0.0498046875 0.796875 0.0302734375 0.8046875 0.013671875 0.8232421875 0.01171875 0.8603515625 0.0283203125 0.900390625 0.05859375 0.8994140625
2 0.357421875 0.9951171875 0.3759765625 0.990234375 0.41015625 0.9580078125 0.3974609375 0.9296875 0.3642578125 0.9140625 0.3486328125 0.916015625 0.333984375 0.9365234375 0.3359375 0.9775390625 0.3486328125 0.99609375 0.357421875 0.9951171875
2 0.181640625 0.7236328125 0.1953125 0.7021484375 0.19140625 0.6826171875 0.1748046875 0.6640625 0.1572265625 0.666015625 0.14453125 0.6845703125 0.142578125 0.7099609375 0.1611328125 0.724609375 0.181640625 0.7236328125
2 0.333984375 0.8544921875 0.357421875 0.8369140625 0.357421875 0.8291015625 0.3427734375 0.814453125 0.3232421875 0.810546875 0.306640625 0.8232421875 0.302734375 0.8369140625 0.3134765625 0.85546875 0.333984375 0.8544921875
2 0.359375 0.8115234375 0.38671875 0.7978515625 0.392578125 0.7705078125 0.3583984375 0.751953125 0.3447265625 0.751953125 0.330078125 0.7646484375 0.326171875 0.7880859375 0.3369140625 0.806640625 0.359375 0.8115234375
2 0.478515625 0.8857421875 0.490234375 0.8779296875 0.5 0.8173828125 0.4755859375 0.806640625 0.4560546875 0.806640625 0.439453125 0.8173828125 0.4296875 0.8583984375 0.431640625 0.8798828125 0.4462890625 0.88671875 0.478515625 0.8857421875
2 0.81640625 0.9951171875 0.8408203125 0.97265625 0.84765625 0.9736328125 0.84375 0.9228515625 0.8291015625 0.8984375 0.7822265625 0.9140625 0.76953125 0.9287109375 0.7734375 0.9462890625 0.76171875 0.9638671875 0.7763671875 0.9921875 0.81640625 0.9951171875
2 0.681640625 0.9189453125 0.7041015625 0.908203125 0.7109375 0.8935546875 0.7041015625 0.87890625 0.6728515625 0.8671875 0.66015625 0.8994140625 0.6689453125 0.916015625 0.681640625 0.9189453125
2 0.478515625 0.7001953125 0.513671875 0.6728515625 0.509765625 0.6533203125 0.4951171875 0.642578125 0.484375 0.6455078125 0.462890625 0.6865234375 0.4677734375 0.701171875 0.478515625 0.7001953125
2 0.33203125 0.5517578125 0.361328125 0.5419921875 0.36328125 0.4990234375 0.3564453125 0.4921875 0.3330078125 0.4921875 0.3046875 0.5224609375 0.30078125 0.5478515625 0.33203125 0.5517578125
2 0.548828125 0.5673828125 0.5810546875 0.564453125 0.58984375 0.5498046875 0.5859375 0.5146484375 0.591796875 0.4873046875 0.5869140625 0.482421875 0.5556640625 0.48046875 0.53125 0.5068359375 0.5234375 0.5361328125 0.5390625 0.5673828125 0.548828125 0.5673828125
2 0.744140625 0.2841796875 0.763671875 0.2568359375 0.765625 0.2353515625 0.7626953125 0.228515625 0.7275390625 0.2265625 0.70703125 0.2412109375 0.701171875 0.2744140625 0.7138671875 0.283203125 0.744140625 0.2841796875
2 0.94140625 0.2900390625 0.9609375 0.2822265625 0.9541015625 0.265625 0.9345703125 0.263671875 0.923828125 0.2783203125 0.9267578125 0.291015625 0.94140625 0.2900390625
2 0.857421875 0.3134765625 0.884765625 0.2958984375 0.884765625 0.2822265625 0.876953125 0.2587890625 0.8642578125 0.244140625 0.8408203125 0.240234375 0.826171875 0.2568359375 0.822265625 0.2978515625 0.8349609375 0.3125 0.857421875 0.3134765625
2 0.423828125 0.3212890625 0.4658203125 0.3125 0.486328125 0.2880859375 0.4619140625 0.25390625 0.4248046875 0.255859375 0.41015625 0.2724609375 0.396484375 0.3115234375 0.423828125 0.3212890625
2 0.5234375 0.3896484375 0.5478515625 0.3828125 0.5546875 0.3720703125 0.556640625 0.3388671875 0.5478515625 0.32421875 0.5322265625 0.33203125 0.5068359375 0.326171875 0.494140625 0.3388671875 0.50390625 0.3701171875 0.5234375 0.3896484375
2 0.642578125 0.3798828125 0.662109375 0.3681640625 0.66015625 0.3330078125 0.6416015625 0.302734375 0.6142578125 0.30078125 0.603515625 0.3388671875 0.60546875 0.3642578125 0.6181640625 0.37890625 0.642578125 0.3798828125
2 0.587890625 0.2880859375 0.607421875 0.2685546875 0.5986328125 0.251953125 0.5791015625 0.2578125 0.56640625 0.2763671875 0.5732421875 0.2890625 0.587890625 0.2880859375
2 0.48828125 0.0263671875 0.5 0.0224609375 0.4951171875 0.00390625 0.4677734375 0.00390625 0.455078125 0.0146484375 0.4599609375 0.02734375 0.48828125 0.0263671875
2 0.0546875 0.1357421875 0.0625 0.1259765625 0.0625 0.1083984375 0.0517578125 0.1015625 0.0390625 0.1103515625 0.037109375 0.1240234375 0.0439453125 0.134765625 0.0546875 0.1357421875