2 0 0.8193359375 0.0107421875 0.828125 0.0478515625 0.828125 0.060546875 0.8134765625 0.0625 0.7978515625 0.052734375 0.7802734375 0.03515625 0.7724609375 0 0.7822265625 0 0.8193359375
2 0.578125 0.8955078125 0.5986328125 0.921875 0.6201171875 0.92578125 0.640625 0.9111328125 0.646484375 0.8837890625 0.6337890625 0.859375 0.61328125 0.8544921875 0.58984375 0.8603515625 0.578125 0.8818359375 0.578125 0.8955078125
2 0.630859375 0.7763671875 0.6337890625 0.787109375 0.6533203125 0.78515625 0.662109375 0.7763671875 0.6640625 0.7587890625 0.658203125 0.7529296875 0.6474609375 0.75390625 0.63671875 0.7646484375 0.630859375 0.7763671875
2 0.8720703125 0.876953125 0.8779296875 0.888671875 0.8857421875 0.88671875 0.896484375 0.8740234375 0.890625 0.8603515625 0.859375 0.8466796875 0.84375 0.8525390625 0.84375 0.8740234375 0.8720703125 0.876953125
2 0.3369140625 0.8515625 0.357421875 0.8466796875 0.359375 0.8330078125 0.353515625 0.8232421875 0.333984375 0.8251953125 0.330078125 0.8427734375 0.3369140625 0.8515625
2 0.3154296875 0.78515625 0.3232421875 0.783203125 0.328125 0.7724609375 0.302734375 0.7509765625 0.29296875 0.7548828125 0.294921875 0.7744140625 0.3154296875 0.78515625
2 0.353515625 0.4736328125 0.3642578125 0.482421875 0.3818359375 0.478515625 0.392578125 0.4677734375 0.392578125 0.4599609375 0.376953125 0.4462890625 0.3662109375 0.4453125 0.353515625 0.4560546875 0.353515625 0.4736328125
2 0.3056640625 0.498046875 0.32421875 0.4873046875 0.3203125 0.4599609375 0.296875 0.4755859375 0.296875 0.4873046875 0.3056640625 0.498046875
2 0.080078125 0.4013671875 0.0927734375 0.412109375 0.1123046875 0.412109375 0.123046875 0.3935546875 0.123046875 0.3720703125 0.109375 0.3662109375 0.0947265625 0.3671875 0.078125 0.3896484375 0.080078125 0.4013671875
2 0.1943359375 0.357421875 0.20703125 0.3466796875 0.185546875 0.3115234375 0.173828125 0.3251953125 0.173828125 0.3466796875 0.1943359375 0.357421875
2 0.3134765625 0.357421875 0.3203125 0.3427734375 0.3125 0.3349609375 0.2919921875 0.333984375 0.287109375 0.3427734375 0.3134765625 0.357421875
2 0.107421875 0.1337890625 0.1279296875 0.150390625 0.1474609375 0.1484375 0.16796875 0.1298828125 0.16796875 0.1025390625 0.1572265625 0.091796875 0.138671875 0.0908203125 0.1201171875 0.08984375 0.107421875 0.1025390625 0.107421875 0.1337890625
2 0.416015625 0.0478515625 0.4306640625 0.07421875 0.4541015625 0.078125 0.470703125 0.0673828125 0.4765625 0.0478515625 0.47265625 0.0107421875 0.4443359375 0.009765625 0.427734375 0.0166015625 0.416015625 0.0478515625
2 0.5 0.0751953125 0.5166015625 0.103515625 0.5361328125 0.103515625 0.576171875 0.0791015625 0.580078125 0.0458984375 0.5625 0.0244140625 0.5322265625 0.0234375 0.5078125 0.0400390625 0.5 0.0751953125
2 0.69140625 0.1845703125 0.7021484375 0.197265625 0.7216796875 0.193359375 0.740234375 0.1767578125 0.740234375 0.1689453125 0.724609375 0.1591796875 0.7060546875 0.158203125 0.693359375 0.1650390625 0.69140625 0.1845703125
2 0.61328125 0.4130859375 0.6240234375 0.427734375 0.6455078125 0.427734375 0.662109375 0.4052734375 0.65625 0.3876953125 0.638671875 0.3759765625 0.6259765625 0.376953125 0.615234375 0.3876953125 0.61328125 0.4130859375
2 0.46484375 0.2177734375 0.4736328125 0.22265625 0.4814453125 0.22265625 0.48828125 0.2099609375 0.48046875 0.1904296875 0.482421875 0.1767578125 0.4677734375 0.1796875 0.4609375 0.1904296875 0.46484375 0.2177734375
2 0.39453125 0.2939453125 0.4052734375 0.296875 0.419921875 0.2880859375 0.419921875 0.2705078125 0.42578125 0.2626953125 0.4130859375 0.24609375 0.3984375 0.2431640625 0.3876953125 0.2421875 0.38671875 0.2529296875 0.39453125 0.2939453125
2 0.7138671875 0.5 0.7333984375 0.5 0.740234375 0.4833984375 0.732421875 0.4775390625 0.7060546875 0.478515625 0.703125 0.4912109375 0.7138671875 0.5
2 0.5791015625 0.326171875 0.5859375 0.3193359375 0.5859375 0.3076171875 0.580078125 0.3037109375 0.5478515625 0.306640625 0.55078125 0.3212890625 0.5791015625 0.326171875
2 0.572265625 0.5556640625 0.5888671875 0.568359375 0.603515625 0.5634765625 0.6171875 0.5400390625 0.6171875 0.5205078125 0.603515625 0.5126953125 0.5791015625 0.5234375 0.568359375 0.5419921875 0.572265625 0.5556640625
2 0.9375 0.9384765625 0.94921875 0.9580078125 0.9658203125 0.96875 0.9794921875 0.96875 0.990234375 0.9580078125 0.986328125 0.9345703125 0.974609375 0.9208984375 0.9501953125 0.919921875 0.9375 0.9267578125 0.9375 0.9384765625
2 0.384765625 0.8056640625 0.3935546875 0.8125 0.41015625 0.8095703125 0.40625 0.7822265625 0.3974609375 0.78125 0.3828125 0.7919921875 0.384765625 0.8056640625
2 0.2255859375 0.66796875 0.2607421875 0.666015625 0.271484375 0.6494140625 0.26953125 0.6162109375 0.255859375 0.6044921875 0.216796875 0.6162109375 0.216796875 0.6572265625 0.2255859375 0.66796875
2 0.02734375 0.3759765625 0.033203125 0.3447265625 0.0234375 0.3349609375 0 0.3388671875 0.0009765625 0.380859375 0.02734375 0.3759765625