2 0.09765625 0.2255859375 0.1123046875 0.23828125 0.150390625 0.2294921875 0.166015625 0.1728515625 0.1640625 0.1533203125 0.1513671875 0.1328125 0.1259765625 0.126953125 0.111328125 0.1298828125 0.1015625 0.1533203125 0.0966796875 0.20703125 0.09765625 0.2255859375
2 0.1162109375 0.46875 0.115234375 0.4931640625 0.1259765625 0.515625 0.1630859375 0.513671875 0.169921875 0.5068359375 0.17578125 0.4892578125 0.1630859375 0.466796875 0.1396484375 0.4609375 0.1201171875 0.462890625 0.1162109375 0.46875
2 0.2119140625 0.736328125 0.234375 0.7275390625 0.2353515625 0.705078125 0.2001953125 0.69140625 0.1884765625 0.6953125 0.2119140625 0.736328125
2 0.4287109375 0.34765625 0.4658203125 0.349609375 0.478515625 0.3427734375 0.4541015625 0.322265625 0.4248046875 0.322265625 0.4287109375 0.34765625
2 0.71484375 0.5595703125 0.7119140625 0.572265625 0.7109375 0.6123046875 0.7275390625 0.62890625 0.7607421875 0.634765625 0.751953125 0.5791015625 0.740234375 0.5537109375 0.7275390625 0.546875 0.71484375 0.5595703125
2 0.9140625 0.7880859375 0.912109375 0.7783203125 0.8974609375 0.765625 0.8603515625 0.767578125 0.8798828125 0.80078125 0.9033203125 0.80078125 0.9140625 0.7880859375
2 0.8701171875 0.919921875 0.8330078125 0.94921875 0.83984375 0.9951171875 0.8701171875 0.99609375 0.875 0.9833984375 0.87109375 0.9599609375 0.88671875 0.9345703125 0.8828125 0.9208984375 0.8701171875 0.919921875
2 0.5947265625 0.943359375 0.5615234375 0.955078125 0.5498046875 0.978515625 0.5517578125 0.998046875 0.6103515625 0.998046875 0.634765625 0.9697265625 0.6162109375 0.9453125 0.5947265625 0.943359375
2 0.365234375 0.8544921875 0.369140625 0.8115234375 0.3642578125 0.78125 0.3525390625 0.779296875 0.3505859375 0.7734375 0.3154296875 0.7734375 0.3115234375 0.763671875 0.3056640625 0.763671875 0.294921875 0.7685546875 0.2919921875 0.796875 0.2958984375 0.84765625 0.3369140625 0.8515625 0.3564453125 0.859375 0.365234375 0.8544921875
2 0.3671875 0.6611328125 0.3837890625 0.681640625 0.4111328125 0.68359375 0.423828125 0.6767578125 0.431640625 0.6611328125 0.431640625 0.6376953125 0.42578125 0.6201171875 0.4130859375 0.607421875 0.3759765625 0.611328125 0.3681640625 0.625 0.3671875 0.6611328125
2 0.365234375 0.6201171875 0.3583984375 0.59765625 0.3427734375 0.599609375 0.3349609375 0.609375 0.3408203125 0.626953125 0.3564453125 0.626953125 0.365234375 0.6201171875
2 0.755859375 0.3212890625 0.7548828125 0.34765625 0.7626953125 0.35546875 0.7705078125 0.353515625 0.796875 0.3271484375 0.796875 0.3173828125 0.7861328125 0.306640625 0.7685546875 0.306640625 0.755859375 0.3212890625
2 0.521484375 0.5712890625 0.4931640625 0.58203125 0.4853515625 0.591796875 0.484375 0.5986328125 0.4951171875 0.609375 0.5107421875 0.609375 0.51953125 0.5986328125 0.521484375 0.5712890625
2 0.5615234375 0.125 0.5556640625 0.1328125 0.5546875 0.1455078125 0.5693359375 0.166015625 0.5810546875 0.16796875 0.591796875 0.1611328125 0.59375 0.1455078125 0.5810546875 0.1328125 0.5615234375 0.125
2 0.1005859375 0.37109375 0.0869140625 0.373046875 0.0732421875 0.390625 0.0771484375 0.408203125 0.1064453125 0.41796875 0.12109375 0.4150390625 0.12109375 0.4013671875 0.1005859375 0.37109375
2 0.8603515625 0.23828125 0.8544921875 0.25 0.853515625 0.2626953125 0.8603515625 0.26953125 0.8896484375 0.2734375 0.8984375 0.2646484375 0.896484375 0.2509765625 0.8818359375 0.234375 0.8603515625 0.23828125
2 0.9111328125 0.25390625 0.9052734375 0.26171875 0.90625 0.2919921875 0.9267578125 0.30859375 0.9423828125 0.3046875 0.9453125 0.2919921875 0.9375 0.2626953125 0.9228515625 0.25390625 0.9111328125 0.25390625
2 0.9697265625 0.146484375 0.9765625 0.1181640625 0.96875 0.1064453125 0.9462890625 0.119140625 0.94921875 0.1416015625 0.9580078125 0.1484375 0.9697265625 0.146484375