2 0.796875 0.6337890625 0.7958984375 0.64453125 0.7978515625 0.701171875 0.8447265625 0.703125 0.853515625 0.6982421875 0.859375 0.6376953125 0.8525390625 0.62890625 0.8056640625 0.62890625 0.796875 0.6337890625
2 0.7080078125 0.76171875 0.6923828125 0.80078125 0.69140625 0.8095703125 0.7001953125 0.8125 0.7255859375 0.796875 0.734375 0.7880859375 0.73046875 0.7685546875 0.7216796875 0.76171875 0.7080078125 0.76171875
2 0.6689453125 0.5546875 0.6298828125 0.5625 0.6171875 0.5751953125 0.6162109375 0.5859375 0.6171875 0.6240234375 0.6259765625 0.640625 0.6494140625 0.640625 0.671875 0.6318359375 0.681640625 0.6103515625 0.681640625 0.5869140625 0.6689453125 0.5546875
2 0.4716796875 0.833984375 0.4638671875 0.8515625 0.46484375 0.8779296875 0.4736328125 0.884765625 0.5048828125 0.8828125 0.51953125 0.8662109375 0.515625 0.8388671875 0.4970703125 0.82421875 0.4716796875 0.833984375
2 0.3701171875 0.900390625 0.369140625 0.9091796875 0.3857421875 0.92578125 0.4033203125 0.927734375 0.412109375 0.9169921875 0.416015625 0.8916015625 0.4013671875 0.880859375 0.3701171875 0.900390625
2 0.3232421875 0.576171875 0.34375 0.5712890625 0.34765625 0.5517578125 0.3388671875 0.533203125 0.326171875 0.5400390625 0.3193359375 0.556640625 0.3232421875 0.576171875
2 0.1279296875 0.427734375 0.126953125 0.4404296875 0.1337890625 0.447265625 0.1455078125 0.447265625 0.1640625 0.4345703125 0.166015625 0.4130859375 0.1513671875 0.404296875 0.1279296875 0.427734375
2 0.5537109375 0.26171875 0.552734375 0.2685546875 0.5732421875 0.283203125 0.6162109375 0.28125 0.630859375 0.2607421875 0.6328125 0.2412109375 0.5791015625 0.248046875 0.5537109375 0.26171875
2 0.7666015625 0.13671875 0.7783203125 0.142578125 0.796875 0.1162109375 0.794921875 0.0908203125 0.7880859375 0.0859375 0.7783203125 0.087890625 0.767578125 0.1005859375 0.7666015625 0.13671875
2 0.9580078125 0.1171875 0.9521484375 0.109375 0.9384765625 0.107421875 0.9189453125 0.1171875 0.919921875 0.1279296875 0.939453125 0.1474609375 0.9462890625 0.166015625 0.99609375 0.1611328125 0.998046875 0.1240234375 0.9931640625 0.115234375 0.9580078125 0.1171875
2 0.30859375 0.2255859375 0.3173828125 0.23046875 0.3427734375 0.23828125 0.357421875 0.2333984375 0.3291015625 0.20703125 0.3076171875 0.2109375 0.30859375 0.2255859375
2 0.2412109375 0.142578125 0.26953125 0.1435546875 0.2734375 0.1103515625 0.2626953125 0.1015625 0.2431640625 0.107421875 0.2333984375 0.1171875 0.2412109375 0.142578125
2 0.9443359375 0.390625 0.9453125 0.4111328125 0.95703125 0.4365234375 0.9775390625 0.44921875 0.9951171875 0.44921875 0.998046875 0.3857421875 0.9677734375 0.36328125 0.9443359375 0.390625
2 0.2783203125 0.04296875 0.2724609375 0.056640625 0.271484375 0.0888671875 0.2744140625 0.09375 0.2900390625 0.09375 0.306640625 0.0791015625 0.306640625 0.0478515625 0.2998046875 0.041015625 0.2783203125 0.04296875