2 0.75 0.7939453125 0.7783203125 0.806640625 0.8056640625 0.810546875 0.818359375 0.7939453125 0.8203125 0.7685546875 0.7890625 0.7646484375 0.7724609375 0.763671875 0.7607421875 0.771484375 0.748046875 0.7841796875 0.75 0.7939453125
2 0.458984375 0.4599609375 0.4677734375 0.47265625 0.4794921875 0.4765625 0.490234375 0.4658203125 0.490234375 0.4541015625 0.4765625 0.4404296875 0.4609375 0.4443359375 0.458984375 0.4599609375
2 0.1767578125 0.099609375 0.2001953125 0.10546875 0.2109375 0.0966796875 0.2109375 0.0869140625 0.1982421875 0.068359375 0.185546875 0.0634765625 0.1669921875 0.068359375 0.162109375 0.0791015625 0.1767578125 0.099609375
2 0.251953125 0.6162109375 0.255859375 0.6357421875 0.2685546875 0.64453125 0.2802734375 0.642578125 0.283203125 0.6279296875 0.26171875 0.6142578125 0.251953125 0.6162109375
2 0.251953125 0.6162109375 0.255859375 0.6357421875 0.2744140625 0.650390625 0.3095703125 0.662109375 0.30859375 0.6513671875 0.263671875 0.6142578125 0.251953125 0.6162109375
2 0.25 0.6591796875 0.2373046875 0.658203125 0.232421875 0.6669921875 0.287109375 0.6904296875 0.2763671875 0.67578125 0.25 0.6591796875
2 0.80078125 0.8369140625 0.8056640625 0.875 0.8251953125 0.873046875 0.83203125 0.8603515625 0.826171875 0.8427734375 0.8125 0.8349609375 0.80078125 0.8369140625
2 0.458984375 0.6923828125 0.4697265625 0.703125 0.4951171875 0.712890625 0.51953125 0.7119140625 0.4775390625 0.681640625 0.46484375 0.6787109375 0.458984375 0.6806640625 0.458984375 0.6923828125
2 0.484375 0.6513671875 0.47265625 0.6552734375 0.47265625 0.6650390625 0.4873046875 0.671875 0.490234375 0.6572265625 0.484375 0.6513671875
2 0.68359375 0.5732421875 0.671875 0.5810546875 0.6826171875 0.595703125 0.7119140625 0.61328125 0.732421875 0.6083984375 0.68359375 0.5732421875
2 0.931640625 0.6865234375 0.931640625 0.6455078125 0.9140625 0.6494140625 0.9208984375 0.6953125 0.931640625 0.6865234375
2 0.8896484375 0.734375 0.88671875 0.7431640625 0.9345703125 0.75 0.943359375 0.7431640625 0.943359375 0.7333984375 0.931640625 0.7236328125 0.9072265625 0.724609375 0.8896484375 0.734375