3 0.2587890625 0 0.25390625 0.0458984375 0.23828125 0.0888671875 0.236328125 0.1162109375 0.2421875 0.1298828125 0.2529296875 0.140625 0.2724609375 0.146484375 0.3193359375 0.13671875 0.337890625 0.1142578125 0.353515625 0.0771484375 0.3583984375 0.025390625 0.3466796875 0 0.2587890625 0
3 0.35546875 0.4130859375 0.37109375 0.3857421875 0.3720703125 0.337890625 0.357421875 0.3154296875 0.3291015625 0.291015625 0.2724609375 0.2890625 0.240234375 0.3173828125 0.234375 0.3310546875 0.232421875 0.3662109375 0.23828125 0.3955078125 0.2705078125 0.423828125 0.3251953125 0.43359375 0.35546875 0.4130859375
3 0.0595703125 0.44921875 0.1396484375 0.447265625 0.15234375 0.4306640625 0.1572265625 0.365234375 0.15234375 0.3466796875 0.1298828125 0.32421875 0.1083984375 0.31640625 0.0771484375 0.31640625 0.0537109375 0.32421875 0.0234375 0.3466796875 0.013671875 0.3701171875 0.013671875 0.3876953125 0.025390625 0.4228515625 0.0595703125 0.44921875
3 0.2939453125 0.56640625 0.2666015625 0.560546875 0.2490234375 0.568359375 0.240234375 0.5810546875 0.240234375 0.6162109375 0.2626953125 0.63671875 0.2841796875 0.63671875 0.30859375 0.6162109375 0.3095703125 0.587890625 0.2939453125 0.56640625
3 0.1708984375 0.443359375 0.150390625 0.4580078125 0.146484375 0.4736328125 0.1591796875 0.482421875 0.1865234375 0.484375 0.203125 0.4736328125 0.2060546875 0.45703125 0.1923828125 0.44140625 0.1708984375 0.443359375
3 0.244140625 0.7900390625 0.2470703125 0.76171875 0.23828125 0.7333984375 0.2099609375 0.708984375 0.1494140625 0.712890625 0.1220703125 0.728515625 0.10546875 0.7490234375 0.109375 0.7841796875 0.125 0.8076171875 0.1669921875 0.83203125 0.2158203125 0.822265625 0.244140625 0.7900390625
3 0 0.9990234375 0.1025390625 1 0.1357421875 0.982421875 0.177734375 0.9423828125 0.1826171875 0.892578125 0.16796875 0.8544921875 0.0888671875 0.798828125 0.0380859375 0.7890625 0.0048828125 0.796875 0 0.8017578125 0 0.9990234375
3 0.2841796875 0.99609375 0.2470703125 0.974609375 0.2021484375 0.966796875 0.1708984375 0.9765625 0.1328125 0.9990234375 0.2841796875 0.99609375
3 0.4189453125 1 0.451171875 0.9541015625 0.470703125 0.8955078125 0.4697265625 0.875 0.44921875 0.8330078125 0.4248046875 0.80859375 0.3759765625 0.787109375 0.3154296875 0.787109375 0.2685546875 0.80859375 0.232421875 0.8486328125 0.21875 0.8798828125 0.21875 0.9365234375 0.2431640625 0.96484375 0.2998046875 1 0.4189453125 1
3 0 0.6728515625 0.0009765625 0.75390625 0.0283203125 0.74609375 0.04296875 0.7314453125 0.0458984375 0.703125 0.044921875 0.6943359375 0.0263671875 0.673828125 0 0.6728515625
3 0.0458984375 0 0.04296875 0.0322265625 0.048828125 0.0556640625 0.0732421875 0.064453125 0.0908203125 0.0546875 0.09765625 0.0458984375 0.0966796875 0.015625 0.0947265625 0 0.0458984375 0
3 0.5126953125 0.75390625 0.490234375 0.7666015625 0.484375 0.7861328125 0.4970703125 0.806640625 0.5224609375 0.81640625 0.546875 0.8056640625 0.5498046875 0.77734375 0.5380859375 0.755859375 0.5126953125 0.75390625
3 0.7041015625 0.869140625 0.7353515625 0.869140625 0.7626953125 0.85546875 0.783203125 0.8349609375 0.7900390625 0.796875 0.78125 0.7724609375 0.7705078125 0.76171875 0.7451171875 0.748046875 0.7138671875 0.74609375 0.6845703125 0.755859375 0.662109375 0.7763671875 0.6484375 0.8017578125 0.650390625 0.8271484375 0.6708984375 0.85546875 0.7041015625 0.869140625
3 0.9697265625 0.818359375 0.947265625 0.8349609375 0.923828125 0.8720703125 0.9140625 0.9072265625 0.9140625 0.9228515625 0.93359375 0.9580078125 0.9521484375 0.974609375 0.9970703125 0.998046875 0.9990234375 0.80859375 0.9697265625 0.818359375
3 0.8076171875 0.744140625 0.8251953125 0.744140625 0.8330078125 0.73828125 0.8662109375 0.740234375 0.8798828125 0.734375 0.91796875 0.6923828125 0.9248046875 0.66015625 0.88671875 0.6064453125 0.8369140625 0.5546875 0.8017578125 0.5546875 0.7587890625 0.572265625 0.73046875 0.5966796875 0.720703125 0.6201171875 0.72265625 0.6591796875 0.740234375 0.7021484375 0.7724609375 0.73046875 0.8076171875 0.744140625
3 0.6962890625 0.56640625 0.7451171875 0.56640625 0.7763671875 0.552734375 0.802734375 0.5322265625 0.814453125 0.5029296875 0.8134765625 0.48046875 0.8046875 0.4580078125 0.7861328125 0.4453125 0.7607421875 0.435546875 0.7353515625 0.4375 0.7001953125 0.451171875 0.681640625 0.4677734375 0.666015625 0.4990234375 0.66796875 0.5263671875 0.6796875 0.5498046875 0.6962890625 0.56640625
3 0.853515625 0.4755859375 0.861328125 0.5498046875 0.904296875 0.6181640625 0.9189453125 0.62890625 0.9580078125 0.634765625 1 0.6259765625 0.9990234375 0.41796875 0.9052734375 0.43359375 0.853515625 0.4755859375
3 0.9990234375 0.240234375 0.9501953125 0.255859375 0.90625 0.2958984375 0.876953125 0.3486328125 0.873046875 0.3701171875 0.876953125 0.3955078125 0.8876953125 0.41015625 0.9228515625 0.419921875 0.9482421875 0.419921875 1 0.4091796875 0.9990234375 0.240234375
3 1 0.2255859375 0.9990234375 0.04296875 0.9736328125 0.03515625 0.9306640625 0.041015625 0.890625 0.0712890625 0.84765625 0.1337890625 0.84375 0.1884765625 0.857421875 0.2236328125 0.8779296875 0.24609375 0.9033203125 0.255859375 0.9248046875 0.255859375 1 0.2255859375
3 0.8095703125 0.189453125 0.80078125 0.1572265625 0.7646484375 0.134765625 0.7158203125 0.138671875 0.69140625 0.1708984375 0.6953125 0.2080078125 0.7275390625 0.23828125 0.7509765625 0.24609375 0.7939453125 0.23046875 0.80859375 0.2060546875 0.8095703125 0.189453125
3 0.7529296875 0 0.744140625 0.0498046875 0.76171875 0.0966796875 0.8017578125 0.11328125 0.8271484375 0.115234375 0.8427734375 0.109375 0.908203125 0.0458984375 0.919921875 0.0283203125 0.9208984375 0.005859375 0.9189453125 0 0.7529296875 0
3 0.5048828125 0.396484375 0.5283203125 0.3828125 0.544921875 0.3603515625 0.5458984375 0.333984375 0.5244140625 0.30078125 0.4853515625 0.28125 0.4560546875 0.28125 0.4345703125 0.2890625 0.41796875 0.3154296875 0.41796875 0.3427734375 0.431640625 0.3701171875 0.4501953125 0.388671875 0.4716796875 0.3984375 0.5048828125 0.396484375
3 0.4462890625 0.19140625 0.4619140625 0.19140625 0.484375 0.1787109375 0.486328125 0.1650390625 0.505859375 0.1337890625 0.5087890625 0.109375 0.501953125 0.0830078125 0.4775390625 0.064453125 0.4501953125 0.0546875 0.4169921875 0.05859375 0.4033203125 0.06640625 0.3828125 0.0927734375 0.380859375 0.1533203125 0.4033203125 0.181640625 0.4404296875 0.181640625 0.4462890625 0.19140625