3 0.8505859375 0.353515625 0.83203125 0.3779296875 0.822265625 0.4111328125 0.814453125 0.4794921875 0.81640625 0.5244140625 0.8505859375 0.552734375 0.880859375 0.5556640625 0.9462890625 0.55078125 0.99609375 0.5341796875 0.998046875 0.3603515625 0.9736328125 0.33984375 0.9365234375 0.328125 0.8896484375 0.333984375 0.8505859375 0.353515625
3 0.822265625 0.7255859375 0.83984375 0.7607421875 0.841796875 0.7978515625 0.861328125 0.8291015625 0.8818359375 0.849609375 0.9111328125 0.865234375 0.9365234375 0.892578125 0.9921875 0.9208984375 0.998046875 0.9150390625 0.998046875 0.5517578125 0.9912109375 0.544921875 0.8876953125 0.564453125 0.857421875 0.5830078125 0.830078125 0.6376953125 0.822265625 0.7255859375
3 0.7880859375 0.7890625 0.76171875 0.8056640625 0.75 0.8388671875 0.751953125 0.8779296875 0.78515625 0.9326171875 0.8173828125 0.958984375 0.833984375 0.9638671875 0.8623046875 0.96484375 0.8896484375 0.953125 0.90234375 0.9384765625 0.90625 0.9052734375 0.896484375 0.8857421875 0.8232421875 0.80078125 0.7880859375 0.7890625
3 0.638671875 0.7646484375 0.642578125 0.8115234375 0.6591796875 0.83203125 0.671875 0.8369140625 0.6982421875 0.8359375 0.720703125 0.8134765625 0.720703125 0.7724609375 0.7041015625 0.748046875 0.6630859375 0.744140625 0.6513671875 0.748046875 0.638671875 0.7646484375
3 0.7451171875 0.388671875 0.728515625 0.4072265625 0.712890625 0.4462890625 0.7109375 0.4599609375 0.724609375 0.4912109375 0.7451171875 0.513671875 0.7578125 0.5185546875 0.7880859375 0.517578125 0.80859375 0.4970703125 0.81640625 0.4033203125 0.8056640625 0.388671875 0.7861328125 0.380859375 0.7548828125 0.3828125 0.7451171875 0.388671875
3 0.8662109375 0.068359375 0.8056640625 0.0703125 0.77734375 0.0986328125 0.765625 0.1201171875 0.7578125 0.1611328125 0.763671875 0.2001953125 0.7939453125 0.240234375 0.81640625 0.2509765625 0.8447265625 0.25 0.8935546875 0.22265625 0.92578125 0.1767578125 0.927734375 0.1435546875 0.91796875 0.1123046875 0.8974609375 0.087890625 0.8662109375 0.068359375
3 0.7001953125 0.248046875 0.6748046875 0.248046875 0.6513671875 0.2578125 0.6171875 0.2958984375 0.599609375 0.3310546875 0.59765625 0.3681640625 0.607421875 0.3955078125 0.6220703125 0.412109375 0.6484375 0.4228515625 0.6728515625 0.421875 0.7080078125 0.400390625 0.732421875 0.3740234375 0.74609375 0.3447265625 0.74609375 0.2919921875 0.7197265625 0.259765625 0.7001953125 0.248046875
3 0.65234375 0.5224609375 0.673828125 0.5380859375 0.6982421875 0.53515625 0.7109375 0.5185546875 0.705078125 0.4873046875 0.6865234375 0.470703125 0.6689453125 0.470703125 0.6484375 0.4892578125 0.65234375 0.5224609375
3 0.6171875 0.0458984375 0.640625 0.0810546875 0.67578125 0.1064453125 0.6904296875 0.107421875 0.7236328125 0.09375 0.74609375 0.0732421875 0.755859375 0.0341796875 0.751953125 0.0009765625 0.6005859375 0 0.6171875 0.0458984375
3 0.29296875 0.0205078125 0.318359375 0.0712890625 0.3427734375 0.09765625 0.359375 0.1064453125 0.3974609375 0.107421875 0.4404296875 0.0859375 0.470703125 0.0478515625 0.478515625 0.0205078125 0.4765625 0.0009765625 0.2919921875 0 0.29296875 0.0205078125
3 0.16796875 0.1669921875 0.19140625 0.1904296875 0.2294921875 0.185546875 0.248046875 0.1591796875 0.244140625 0.1083984375 0.2236328125 0.08984375 0.1982421875 0.09375 0.16796875 0.1396484375 0.16796875 0.1669921875
3 0.056640625 0.0283203125 0.060546875 0.0712890625 0.0810546875 0.1015625 0.115234375 0.1181640625 0.1357421875 0.119140625 0.1552734375 0.111328125 0.189453125 0.0791015625 0.203125 0.0498046875 0.1962890625 0 0.0703125 0.0029296875 0.056640625 0.0283203125
3 0.626953125 0.9970703125 0.619140625 0.9775390625 0.6044921875 0.96484375 0.5576171875 0.955078125 0.533203125 0.9716796875 0.5234375 0.9990234375 0.626953125 0.9970703125
3 0.388671875 0.9287109375 0.38671875 0.9580078125 0.40234375 0.9990234375 0.494140625 0.9990234375 0.48828125 0.9677734375 0.4765625 0.9482421875 0.4560546875 0.927734375 0.4189453125 0.90625 0.4033203125 0.90625 0.388671875 0.9287109375
3 0.2470703125 0.9296875 0.23828125 0.9521484375 0.2421875 0.9990234375 0.3115234375 1 0.326171875 0.9736328125 0.328125 0.9482421875 0.322265625 0.9365234375 0.2939453125 0.91796875 0.2646484375 0.919921875 0.2470703125 0.9296875
3 0.0537109375 0.849609375 0.001953125 0.8798828125 0 0.9990234375 0.2119140625 1 0.21484375 0.9326171875 0.197265625 0.9072265625 0.1552734375 0.8671875 0.1044921875 0.845703125 0.0732421875 0.84375 0.0537109375 0.849609375