3 0.8369140625 0.640625 0.7880859375 0.673828125 0.767578125 0.6962890625 0.76171875 0.7138671875 0.7626953125 0.771484375 0.783203125 0.8076171875 0.8212890625 0.837890625 0.8603515625 0.8515625 0.9111328125 0.84765625 0.951171875 0.8173828125 0.970703125 0.7705078125 0.966796875 0.7255859375 0.955078125 0.6884765625 0.9453125 0.6689453125 0.9033203125 0.63671875 0.8623046875 0.6328125 0.8369140625 0.640625
3 0.7353515625 0.44140625 0.6728515625 0.443359375 0.6259765625 0.4609375 0.59375 0.4990234375 0.5888671875 0.544921875 0.599609375 0.5947265625 0.623046875 0.6318359375 0.6630859375 0.662109375 0.6982421875 0.673828125 0.7509765625 0.666015625 0.7998046875 0.638671875 0.82421875 0.6162109375 0.84375 0.5732421875 0.8359375 0.5302734375 0.81640625 0.4931640625 0.7685546875 0.451171875 0.7353515625 0.44140625
3 0.6943359375 0.212890625 0.6630859375 0.216796875 0.626953125 0.2392578125 0.603515625 0.2705078125 0.6005859375 0.322265625 0.61328125 0.3623046875 0.6259765625 0.37890625 0.6552734375 0.3984375 0.6884765625 0.404296875 0.7333984375 0.40234375 0.7587890625 0.392578125 0.7890625 0.3623046875 0.796875 0.3349609375 0.794921875 0.2939453125 0.779296875 0.2666015625 0.7568359375 0.2421875 0.6943359375 0.212890625
3 0.3603515625 0.017578125 0.33984375 0.0361328125 0.32421875 0.0830078125 0.3251953125 0.10546875 0.337890625 0.1455078125 0.3603515625 0.173828125 0.3818359375 0.185546875 0.4111328125 0.1875 0.4580078125 0.16796875 0.494140625 0.1357421875 0.5 0.0830078125 0.490234375 0.0537109375 0.4599609375 0.013671875 0.4345703125 0.00390625 0.3994140625 0.00390625 0.3603515625 0.017578125
3 0.6923828125 0.015625 0.70703125 0.0576171875 0.7490234375 0.09375 0.7822265625 0.109375 0.8388671875 0.111328125 0.8818359375 0.09765625 0.90625 0.0751953125 0.921875 0.0478515625 0.923828125 0.0322265625 0.921875 0.0107421875 0.9150390625 0.001953125 0.6962890625 0.001953125 0.6923828125 0.015625
3 0.0927734375 0.798828125 0.134765625 0.7373046875 0.140625 0.7080078125 0.13671875 0.6630859375 0.125 0.6396484375 0.12109375 0.6064453125 0.0205078125 0.55859375 0 0.5595703125 0.0009765625 0.814453125 0.0634765625 0.8125 0.0927734375 0.798828125
3 0.0966796875 0.86328125 0.0634765625 0.85546875 0.0185546875 0.861328125 0 0.8720703125 0.0009765625 1 0.150390625 0.9990234375 0.15234375 0.9716796875 0.142578125 0.9326171875 0.0966796875 0.86328125
3 0.0673828125 0.40625 0.0908203125 0.435546875 0.1201171875 0.44921875 0.1630859375 0.443359375 0.189453125 0.4189453125 0.2109375 0.3779296875 0.2109375 0.3408203125 0.19140625 0.2978515625 0.1396484375 0.267578125 0.1044921875 0.275390625 0.083984375 0.3095703125 0.068359375 0.3720703125 0.0673828125 0.40625
3 0.029296875 0.0537109375 0.0302734375 0.068359375 0.048828125 0.1201171875 0.0654296875 0.1328125 0.0947265625 0.13671875 0.1376953125 0.1171875 0.15234375 0.1025390625 0.169921875 0.0439453125 0.158203125 0.0107421875 0.1474609375 0.001953125 0.0673828125 0.001953125 0.0556640625 0.005859375 0.0390625 0.0263671875 0.029296875 0.0537109375
3 0.2119140625 0.17578125 0.2509765625 0.17578125 0.279296875 0.1474609375 0.27734375 0.1142578125 0.267578125 0.0830078125 0.2490234375 0.068359375 0.2060546875 0.0703125 0.1875 0.0947265625 0.1806640625 0.126953125 0.193359375 0.1591796875 0.2119140625 0.17578125
3 0.041015625 0.3564453125 0.048828125 0.3017578125 0.046875 0.2724609375 0.0263671875 0.248046875 0.0146484375 0.244140625 0 0.2451171875 0.0009765625 0.40625 0.0185546875 0.400390625 0.029296875 0.3857421875 0.041015625 0.3564453125