3 0.6357421875 0.19921875 0.6044921875 0.212890625 0.5712890625 0.23828125 0.55078125 0.2666015625 0.54296875 0.3505859375 0.552734375 0.3837890625 0.5751953125 0.40625 0.642578125 0.4384765625 0.6845703125 0.435546875 0.7236328125 0.416015625 0.791015625 0.3486328125 0.796875 0.3134765625 0.79296875 0.2724609375 0.759765625 0.2177734375 0.7431640625 0.205078125 0.7060546875 0.193359375 0.6357421875 0.19921875
3 0.716796875 0.0322265625 0.7021484375 0.00390625 0.5361328125 0.001953125 0.5078125 0.0068359375 0.4921875 0.0439453125 0.498046875 0.0966796875 0.5166015625 0.130859375 0.56640625 0.1611328125 0.5947265625 0.162109375 0.6416015625 0.150390625 0.6806640625 0.134765625 0.69140625 0.1240234375 0.70703125 0.1025390625 0.71875 0.0576171875 0.716796875 0.0322265625
3 0.45703125 0.0048828125 0.1455078125 0.001953125 0.138671875 0.0068359375 0.15234375 0.0537109375 0.1865234375 0.09375 0.2451171875 0.13671875 0.2705078125 0.146484375 0.302734375 0.1494140625 0.3525390625 0.140625 0.4013671875 0.109375 0.42578125 0.0830078125 0.447265625 0.0439453125 0.45703125 0.0048828125
3 0.7021484375 0.478515625 0.6767578125 0.48828125 0.64453125 0.5205078125 0.62109375 0.5712890625 0.62109375 0.6064453125 0.63671875 0.6357421875 0.6728515625 0.66796875 0.701171875 0.6767578125 0.7451171875 0.677734375 0.7802734375 0.666015625 0.80078125 0.6455078125 0.8125 0.6123046875 0.814453125 0.5654296875 0.8046875 0.5166015625 0.7822265625 0.494140625 0.7431640625 0.48046875 0.7021484375 0.478515625
3 0.5947265625 0.509765625 0.611328125 0.4970703125 0.615234375 0.4716796875 0.6064453125 0.458984375 0.5751953125 0.451171875 0.556640625 0.4638671875 0.552734375 0.4892578125 0.57421875 0.5107421875 0.5947265625 0.509765625
3 0.919921875 0.4189453125 0.884765625 0.4560546875 0.85546875 0.5048828125 0.849609375 0.5693359375 0.8759765625 0.623046875 0.9267578125 0.646484375 0.9482421875 0.669921875 0.974609375 0.6728515625 0.9951171875 0.673828125 0.998046875 0.6669921875 0.99609375 0.3935546875 0.9736328125 0.373046875 0.9404296875 0.361328125 0.919921875 0.3740234375 0.919921875 0.4189453125
3 0.7138671875 0.88671875 0.7021484375 0.869140625 0.6591796875 0.85546875 0.6083984375 0.859375 0.59765625 0.8662109375 0.56640625 0.9130859375 0.5625 0.9697265625 0.568359375 0.9990234375 0.7646484375 1 0.763671875 0.9384765625 0.744140625 0.9033203125 0.7138671875 0.88671875
3 0.4287109375 0.86328125 0.4091796875 0.85546875 0.40625 0.8447265625 0.3955078125 0.837890625 0.3291015625 0.861328125 0.2890625 0.9072265625 0.283203125 0.9619140625 0.296875 0.9990234375 0.4658203125 1 0.474609375 0.9541015625 0.466796875 0.8994140625 0.4287109375 0.86328125
3 0.0009765625 0.443359375 0 0.6455078125 0.03125 0.6044921875 0.044921875 0.5517578125 0.041015625 0.4912109375 0.029296875 0.4677734375 0.0009765625 0.443359375
3 0.087890625 0.3427734375 0.091796875 0.3076171875 0.087890625 0.2880859375 0.0654296875 0.2578125 0.0341796875 0.2421875 0.0029296875 0.240234375 0 0.3798828125 0.01953125 0.3837890625 0.0400390625 0.3828125 0.0703125 0.3642578125 0.087890625 0.3427734375
3 0.1455078125 0.19921875 0.16015625 0.1845703125 0.158203125 0.1572265625 0.1357421875 0.140625 0.1162109375 0.142578125 0.10546875 0.1611328125 0.10546875 0.1845703125 0.12109375 0.2001953125 0.1455078125 0.19921875