3 0.4716796875 0.361328125 0.509765625 0.3642578125 0.53515625 0.3466796875 0.55078125 0.3232421875 0.55078125 0.3134765625 0.5302734375 0.271484375 0.5029296875 0.267578125 0.4755859375 0.275390625 0.458984375 0.2900390625 0.44921875 0.3095703125 0.44921875 0.3330078125 0.4716796875 0.361328125
3 0.1904296875 0 0.1708984375 0.0078125 0.14453125 0.0361328125 0.134765625 0.0673828125 0.134765625 0.0966796875 0.1484375 0.1298828125 0.1728515625 0.146484375 0.216796875 0.1494140625 0.259765625 0.1201171875 0.279296875 0.0732421875 0.2734375 0.0283203125 0.2431640625 0 0.1904296875 0
3 0.0390625 0.1220703125 0.0556640625 0.115234375 0.07421875 0.0966796875 0.083984375 0.0751953125 0.083984375 0.0517578125 0.0703125 0.0205078125 0.0556640625 0.009765625 0.0166015625 0.0078125 0.001953125 0.0205078125 0.001953125 0.1162109375 0.0390625 0.1220703125
3 0.0087890625 0.732421875 0.0234375 0.7333984375 0.0458984375 0.73046875 0.0673828125 0.712890625 0.083984375 0.6787109375 0.08203125 0.6357421875 0.0595703125 0.607421875 0.0478515625 0.603515625 0.0224609375 0.607421875 0.001953125 0.6201171875 0.001953125 0.7255859375 0.0087890625 0.732421875
3 0.041015625 0.9013671875 0.048828125 0.8818359375 0.05078125 0.8505859375 0.0458984375 0.8203125 0.0048828125 0.80859375 0.001953125 0.9208984375 0.013671875 0.9228515625 0.0244140625 0.919921875 0.041015625 0.9013671875
3 0.1328125 0.6669921875 0.1611328125 0.685546875 0.1875 0.6865234375 0.2060546875 0.681640625 0.224609375 0.6630859375 0.23046875 0.6474609375 0.224609375 0.6162109375 0.220703125 0.6044921875 0.2021484375 0.58984375 0.1552734375 0.58984375 0.1484375 0.5947265625 0.13671875 0.6279296875 0.1328125 0.6669921875
3 0.490234375 0.7470703125 0.5126953125 0.7421875 0.52734375 0.7119140625 0.521484375 0.6904296875 0.4970703125 0.669921875 0.4833984375 0.673828125 0.466796875 0.6904296875 0.458984375 0.7099609375 0.46484375 0.7353515625 0.4794921875 0.748046875 0.490234375 0.7470703125
3 0.78125 0.4892578125 0.787109375 0.5087890625 0.791015625 0.5185546875 0.8046875 0.5263671875 0.814453125 0.4951171875 0.84765625 0.4697265625 0.845703125 0.4482421875 0.8515625 0.4384765625 0.84375 0.4150390625 0.8193359375 0.396484375 0.7939453125 0.40234375 0.77734375 0.4365234375 0.78515625 0.4599609375 0.78125 0.4892578125
3 0.85546875 0.2939453125 0.8515625 0.3291015625 0.865234375 0.3818359375 0.8876953125 0.396484375 0.92578125 0.4033203125 0.947265625 0.3935546875 0.962890625 0.3720703125 0.96484375 0.3564453125 0.98046875 0.3291015625 0.953125 0.2705078125 0.9326171875 0.259765625 0.9130859375 0.2578125 0.8896484375 0.265625 0.8740234375 0.287109375 0.85546875 0.2939453125
3 0.751953125 0.8349609375 0.7265625 0.8115234375 0.724609375 0.7646484375 0.7060546875 0.755859375 0.6767578125 0.7578125 0.654296875 0.7861328125 0.658203125 0.8173828125 0.6806640625 0.845703125 0.7421875 0.8662109375 0.751953125 0.8349609375
3 0.8466796875 0.013671875 0.8056640625 0.015625 0.76953125 0.0634765625 0.76171875 0.1123046875 0.765625 0.1376953125 0.7939453125 0.1640625 0.8095703125 0.171875 0.826171875 0.1708984375 0.8349609375 0.162109375 0.8720703125 0.154296875 0.8984375 0.1123046875 0.900390625 0.0947265625 0.912109375 0.0751953125 0.912109375 0.0576171875 0.91015625 0.0283203125 0.8955078125 0.009765625 0.8740234375 0.025390625 0.8466796875 0.013671875
3 0.7109375 0.0419921875 0.72265625 0.0009765625 0.6181640625 0 0.6171875 0.0400390625 0.62890625 0.0595703125 0.6455078125 0.072265625 0.673828125 0.0732421875 0.6865234375 0.068359375 0.7109375 0.0419921875
3 0.16796875 0.4853515625 0.1591796875 0.474609375 0.1376953125 0.474609375 0.123046875 0.4912109375 0.123046875 0.5126953125 0.1396484375 0.525390625 0.154296875 0.5244140625 0.16796875 0.5107421875 0.16796875 0.4853515625
3 0.0029296875 0.208984375 0.001953125 0.2626953125 0.017578125 0.2646484375 0.029296875 0.2470703125 0.029296875 0.2197265625 0.0205078125 0.2109375 0.0029296875 0.208984375