3 0.2724609375 0.35546875 0.2294921875 0.3671875 0.193359375 0.3955078125 0.193359375 0.4560546875 0.2314453125 0.4765625 0.2861328125 0.4765625 0.31640625 0.4541015625 0.34765625 0.4130859375 0.3525390625 0.396484375 0.3115234375 0.357421875 0.2724609375 0.35546875
3 0.2841796875 0.30078125 0.283203125 0.2783203125 0.265625 0.2490234375 0.2451171875 0.23046875 0.2216796875 0.228515625 0.1728515625 0.248046875 0.1484375 0.2744140625 0.14453125 0.3251953125 0.1484375 0.3349609375 0.1728515625 0.353515625 0.2216796875 0.35546875 0.2744140625 0.322265625 0.2841796875 0.30078125
3 0.5419921875 0.359375 0.537109375 0.3466796875 0.5068359375 0.32421875 0.4287109375 0.322265625 0.3984375 0.3486328125 0.396484375 0.3759765625 0.404296875 0.4013671875 0.4326171875 0.43359375 0.4814453125 0.44140625 0.5087890625 0.431640625 0.53125 0.4111328125 0.541015625 0.3916015625 0.5419921875 0.359375
3 0.6689453125 0.568359375 0.681640625 0.5498046875 0.6806640625 0.537109375 0.669921875 0.4951171875 0.66015625 0.4775390625 0.6474609375 0.470703125 0.6123046875 0.470703125 0.6005859375 0.4765625 0.55859375 0.5205078125 0.56640625 0.5537109375 0.5751953125 0.56640625 0.6005859375 0.580078125 0.6240234375 0.583984375 0.6455078125 0.58203125 0.6689453125 0.568359375
3 0.4501953125 0.5625 0.4228515625 0.5625 0.3876953125 0.580078125 0.365234375 0.5986328125 0.365234375 0.6591796875 0.376953125 0.6884765625 0.4423828125 0.697265625 0.4921875 0.6552734375 0.4970703125 0.619140625 0.48828125 0.5947265625 0.4501953125 0.5625
3 0.267578125 0.8076171875 0.287109375 0.7744140625 0.2861328125 0.75 0.2734375 0.7216796875 0.2431640625 0.69921875 0.1826171875 0.69921875 0.1533203125 0.71484375 0.1328125 0.7412109375 0.125 0.7607421875 0.126953125 0.7978515625 0.1396484375 0.81640625 0.1689453125 0.830078125 0.2021484375 0.830078125 0.2294921875 0.822265625 0.267578125 0.8076171875
3 0.30078125 0.9638671875 0.31640625 0.9287109375 0.3154296875 0.91015625 0.30859375 0.8837890625 0.2841796875 0.86328125 0.2607421875 0.853515625 0.2041015625 0.849609375 0.18359375 0.8642578125 0.18359375 0.8759765625 0.1640625 0.9052734375 0.158203125 0.9423828125 0.16796875 0.9619140625 0.1982421875 0.98828125 0.2568359375 0.994140625 0.30078125 0.9638671875
3 0.1630859375 0.576171875 0.138671875 0.5986328125 0.12890625 0.6259765625 0.130859375 0.6435546875 0.1435546875 0.658203125 0.1630859375 0.66796875 0.2001953125 0.66015625 0.23046875 0.6298828125 0.2333984375 0.591796875 0.2041015625 0.572265625 0.1630859375 0.576171875
3 0.18359375 0.5400390625 0.2041015625 0.560546875 0.2470703125 0.560546875 0.267578125 0.5419921875 0.2705078125 0.513671875 0.2451171875 0.49609375 0.2001953125 0.49609375 0.185546875 0.5166015625 0.18359375 0.5400390625
3 0.4091796875 0.21484375 0.390625 0.2314453125 0.384765625 0.2626953125 0.4033203125 0.28125 0.4345703125 0.283203125 0.46484375 0.2685546875 0.4716796875 0.2421875 0.4541015625 0.2265625 0.4267578125 0.21484375 0.4091796875 0.21484375
3 0.615234375 0.2900390625 0.6337890625 0.310546875 0.6630859375 0.310546875 0.68359375 0.2919921875 0.6845703125 0.275390625 0.6591796875 0.25 0.6455078125 0.24609375 0.6171875 0.2724609375 0.615234375 0.2900390625
3 0.8125 0.4853515625 0.8115234375 0.474609375 0.80078125 0.4541015625 0.7841796875 0.44140625 0.7275390625 0.435546875 0.693359375 0.4619140625 0.685546875 0.4833984375 0.6875 0.5126953125 0.7060546875 0.541015625 0.7158203125 0.546875 0.7333984375 0.544921875 0.7705078125 0.529296875 0.794921875 0.4892578125 0.8125 0.4853515625
3 0.98828125 0.8662109375 0.9873046875 0.85546875 0.9677734375 0.84765625 0.9423828125 0.822265625 0.8955078125 0.822265625 0.8603515625 0.83984375 0.841796875 0.8642578125 0.84375 0.9072265625 0.8779296875 0.9453125 0.9267578125 0.94140625 0.9560546875 0.92578125 0.970703125 0.9091796875 0.98046875 0.8740234375 0.98828125 0.8662109375
3 0.828125 0.5791015625 0.8427734375 0.58984375 0.8779296875 0.587890625 0.8984375 0.5693359375 0.8994140625 0.5390625 0.8818359375 0.521484375 0.8447265625 0.525390625 0.822265625 0.5595703125 0.828125 0.5791015625
3 0.8759765625 0.12109375 0.8935546875 0.099609375 0.9150390625 0.095703125 0.9208984375 0.078125 0.8857421875 0.029296875 0.8525390625 0.005859375 0.8212890625 0.00390625 0.814453125 0.0166015625 0.81640625 0.0283203125 0.7900390625 0.0390625 0.779296875 0.0517578125 0.76953125 0.0888671875 0.783203125 0.1162109375 0.8017578125 0.134765625 0.8232421875 0.134765625 0.8759765625 0.12109375
3 0.9111328125 0 0.91015625 0.0087890625 0.9287109375 0.044921875 0.9501953125 0.05859375 0.9716796875 0.060546875 1 0.0517578125 0.9990234375 0 0.9111328125 0
3 0.5322265625 0 0.529296875 0.0224609375 0.517578125 0.0380859375 0.51953125 0.0517578125 0.5458984375 0.068359375 0.5732421875 0.06640625 0.5830078125 0.05078125 0.6416015625 0.03125 0.66015625 0.0107421875 0.6591796875 0 0.5322265625 0
3 0.015625 0.7001953125 0.03125 0.6669921875 0.0302734375 0.650390625 0.0234375 0.6259765625 0.0146484375 0.6171875 0.0009765625 0.6171875 0.0009765625 0.70703125 0.015625 0.7001953125
3 0.0947265625 0.17578125 0.0400390625 0.17578125 0.0009765625 0.193359375 0 0.3291015625 0.0341796875 0.333984375 0.0849609375 0.32421875 0.123046875 0.2861328125 0.142578125 0.2509765625 0.1435546875 0.224609375 0.1328125 0.2001953125 0.0947265625 0.17578125