3 0.6220703125 0.197265625 0.6484375 0.1435546875 0.650390625 0.1201171875 0.64453125 0.1005859375 0.6142578125 0.076171875 0.58984375 0.0693359375 0.5712890625 0.0703125 0.5419921875 0.087890625 0.517578125 0.1279296875 0.51953125 0.1728515625 0.533203125 0.1943359375 0.5478515625 0.205078125 0.5986328125 0.205078125 0.6220703125 0.197265625
3 0.5146484375 0.42578125 0.54296875 0.3935546875 0.548828125 0.3720703125 0.544921875 0.3212890625 0.5244140625 0.291015625 0.49609375 0.2783203125 0.4658203125 0.279296875 0.4365234375 0.29296875 0.408203125 0.3212890625 0.388671875 0.3525390625 0.390625 0.3994140625 0.4345703125 0.4375 0.4853515625 0.44140625 0.5146484375 0.42578125
3 0.482421875 0.6162109375 0.4921875 0.5908203125 0.4921875 0.5595703125 0.48046875 0.5244140625 0.4599609375 0.501953125 0.390625 0.4912109375 0.3740234375 0.490234375 0.359375 0.5009765625 0.34375 0.5439453125 0.361328125 0.5849609375 0.35546875 0.6162109375 0.365234375 0.6376953125 0.3798828125 0.6484375 0.4052734375 0.650390625 0.4287109375 0.638671875 0.4482421875 0.638671875 0.482421875 0.6162109375
3 0.28515625 0.5087890625 0.3037109375 0.529296875 0.3330078125 0.5234375 0.34375 0.5009765625 0.33984375 0.4716796875 0.32421875 0.4619140625 0.3037109375 0.462890625 0.28515625 0.4814453125 0.28515625 0.5087890625
3 0.1611328125 0.2890625 0.1875 0.2548828125 0.193359375 0.2177734375 0.189453125 0.1787109375 0.162109375 0.1220703125 0.150390625 0.1162109375 0.1123046875 0.119140625 0.0810546875 0.1328125 0.056640625 0.1552734375 0.046875 0.1728515625 0.037109375 0.2060546875 0.03515625 0.2626953125 0.041015625 0.2802734375 0.0634765625 0.3046875 0.1025390625 0.3125 0.1318359375 0.3046875 0.1611328125 0.2890625
3 0.9072265625 0.228515625 0.9345703125 0.22265625 0.951171875 0.2060546875 0.951171875 0.1630859375 0.943359375 0.1455078125 0.9296875 0.1337890625 0.9033203125 0.14453125 0.87890625 0.1826171875 0.87890625 0.2099609375 0.9072265625 0.228515625
3 0.7470703125 0.033203125 0.7744140625 0.046875 0.7939453125 0.046875 0.8447265625 0.03125 0.857421875 0.0205078125 0.86328125 0.0009765625 0.728515625 0.0009765625 0.7470703125 0.033203125
3 0.09375 0.7470703125 0.10546875 0.7158203125 0.107421875 0.6962890625 0.091796875 0.6455078125 0.0751953125 0.630859375 0.041015625 0.6220703125 0 0.6259765625 0.0009765625 0.791015625 0.0380859375 0.791015625 0.0615234375 0.78125 0.09375 0.7470703125
3 0.240234375 0.8720703125 0.2705078125 0.892578125 0.2880859375 0.888671875 0.30078125 0.8759765625 0.296875 0.8369140625 0.275390625 0.8095703125 0.2646484375 0.80859375 0.244140625 0.8271484375 0.236328125 0.8486328125 0.240234375 0.8720703125
3 0.7548828125 0.841796875 0.7763671875 0.8515625 0.8017578125 0.845703125 0.8203125 0.8212890625 0.81640625 0.7919921875 0.791015625 0.7763671875 0.7666015625 0.779296875 0.744140625 0.8056640625 0.744140625 0.8291015625 0.7548828125 0.841796875
3 0.3642578125 0.85546875 0.3837890625 0.849609375 0.4013671875 0.853515625 0.455078125 0.8115234375 0.447265625 0.7431640625 0.4140625 0.7216796875 0.3759765625 0.720703125 0.3623046875 0.7265625 0.349609375 0.7373046875 0.32421875 0.7880859375 0.326171875 0.8115234375 0.3642578125 0.85546875
3 0.734375 0.8837890625 0.7490234375 0.89453125 0.7705078125 0.890625 0.7890625 0.8681640625 0.7841796875 0.853515625 0.75390625 0.8427734375 0.7373046875 0.845703125 0.728515625 0.8603515625 0.734375 0.8837890625
3 0.7890625 0.9150390625 0.74609375 0.9990234375 0.9990234375 1 1 0.8681640625 0.9736328125 0.8515625 0.908203125 0.8388671875 0.8701171875 0.841796875 0.8388671875 0.861328125 0.7890625 0.9150390625
3 0.9716796875 0.703125 0.99609375 0.6748046875 1 0.6396484375 0.984375 0.6279296875 0.982421875 0.5947265625 0.93359375 0.5517578125 0.9072265625 0.5546875 0.8671875 0.5908203125 0.865234375 0.6435546875 0.9091796875 0.697265625 0.9326171875 0.7109375 0.9501953125 0.7109375 0.9716796875 0.703125
3 1 0.3798828125 0.96484375 0.4365234375 0.955078125 0.4697265625 0.9609375 0.5185546875 0.9970703125 0.5625 1 0.3798828125
3 0.134765625 0.6865234375 0.1494140625 0.69921875 0.1806640625 0.693359375 0.193359375 0.6708984375 0.189453125 0.6201171875 0.16796875 0.6005859375 0.16015625 0.6025390625 0.125 0.6552734375 0.134765625 0.6865234375
3 0.0546875 0.9990234375 0.201171875 0.9990234375 0.1953125 0.9814453125 0.1787109375 0.96484375 0.1513671875 0.953125 0.107421875 0.9501953125 0.0771484375 0.9609375 0.0625 0.9755859375 0.0546875 0.9990234375