3 0.6298828125 0.888671875 0.66015625 0.8662109375 0.6875 0.8212890625 0.6904296875 0.751953125 0.6591796875 0.71484375 0.5244140625 0.70703125 0.5078125 0.7177734375 0.486328125 0.7509765625 0.4765625 0.7861328125 0.48046875 0.8349609375 0.5146484375 0.873046875 0.5595703125 0.87890625 0.5947265625 0.890625 0.6298828125 0.888671875
3 0.5947265625 1 0.6181640625 0.9921875 0.6328125 0.9755859375 0.6357421875 0.9375 0.62890625 0.9228515625 0.6064453125 0.904296875 0.5537109375 0.888671875 0.5244140625 0.896484375 0.509765625 0.9111328125 0.50390625 0.9541015625 0.51171875 0.9716796875 0.5302734375 0.990234375 0.5556640625 1 0.5947265625 1
3 0.3515625 0.9404296875 0.3271484375 0.919921875 0.2978515625 0.908203125 0.2587890625 0.908203125 0.1982421875 0.93359375 0.171875 0.9658203125 0.162109375 0.9990234375 0.3662109375 1 0.3662109375 0.97265625 0.3515625 0.9404296875
3 0.9443359375 1 0.98828125 0.8662109375 0.9912109375 0.818359375 0.98046875 0.7919921875 0.9521484375 0.763671875 0.8994140625 0.74609375 0.8291015625 0.748046875 0.7802734375 0.775390625 0.748046875 0.8193359375 0.734375 0.8662109375 0.734375 0.8974609375 0.7421875 0.9248046875 0.7763671875 0.970703125 0.8232421875 1 0.9443359375 1
3 0.8603515625 0.708984375 0.9228515625 0.705078125 0.9521484375 0.6875 0.966796875 0.6689453125 0.97265625 0.6552734375 0.9716796875 0.62109375 0.95703125 0.5927734375 0.9287109375 0.568359375 0.9091796875 0.5625 0.8681640625 0.56640625 0.8466796875 0.576171875 0.82421875 0.6005859375 0.8125 0.6318359375 0.8125 0.6650390625 0.8291015625 0.689453125 0.8603515625 0.708984375
3 0.76953125 0.6181640625 0.787109375 0.5869140625 0.7880859375 0.529296875 0.7783203125 0.51171875 0.7373046875 0.484375 0.6767578125 0.4921875 0.662109375 0.5068359375 0.654296875 0.5322265625 0.658203125 0.5634765625 0.669921875 0.5966796875 0.6943359375 0.63671875 0.7431640625 0.63671875 0.76953125 0.6181640625
3 0.5810546875 0.70703125 0.6181640625 0.70703125 0.6552734375 0.689453125 0.671875 0.6689453125 0.6748046875 0.630859375 0.646484375 0.5556640625 0.6318359375 0.541015625 0.6181640625 0.537109375 0.5771484375 0.546875 0.5283203125 0.5703125 0.49609375 0.6044921875 0.49609375 0.6455078125 0.505859375 0.6728515625 0.5224609375 0.6875 0.5810546875 0.70703125
3 0.4775390625 0.59375 0.4521484375 0.595703125 0.4453125 0.6025390625 0.439453125 0.6279296875 0.4560546875 0.66015625 0.482421875 0.6591796875 0.4853515625 0.609375 0.484375 0.5986328125 0.4775390625 0.59375
3 0.5244140625 0.55859375 0.5693359375 0.54296875 0.595703125 0.5146484375 0.60546875 0.4814453125 0.6044921875 0.462890625 0.5830078125 0.439453125 0.5341796875 0.4140625 0.5009765625 0.408203125 0.4833984375 0.412109375 0.455078125 0.4365234375 0.439453125 0.4814453125 0.44921875 0.5146484375 0.4755859375 0.55078125 0.4912109375 0.55859375 0.5244140625 0.55859375
3 0.2666015625 0.541015625 0.2900390625 0.541015625 0.32421875 0.5185546875 0.33984375 0.4814453125 0.3408203125 0.44921875 0.33203125 0.4208984375 0.3154296875 0.40234375 0.2919921875 0.390625 0.2646484375 0.388671875 0.232421875 0.4072265625 0.205078125 0.4501953125 0.203125 0.4697265625 0.212890625 0.4970703125 0.2412109375 0.525390625 0.2666015625 0.541015625
3 0.220703125 0.5322265625 0.2001953125 0.515625 0.1630859375 0.51953125 0.1484375 0.5419921875 0.15234375 0.5634765625 0.1806640625 0.587890625 0.2080078125 0.583984375 0.23046875 0.5634765625 0.2314453125 0.5546875 0.220703125 0.5322265625
3 0.001953125 0.6162109375 0.0126953125 0.62109375 0.0302734375 0.6171875 0.046875 0.5947265625 0.0458984375 0.578125 0.0283203125 0.55078125 0.0029296875 0.544921875 0.001953125 0.6162109375
3 0.208984375 0.3759765625 0.2138671875 0.333984375 0.1982421875 0.306640625 0.1494140625 0.294921875 0.12109375 0.3154296875 0.109375 0.3486328125 0.109375 0.3681640625 0.119140625 0.3876953125 0.1376953125 0.404296875 0.1708984375 0.40625 0.1904296875 0.396484375 0.208984375 0.3759765625
3 0.36328125 0.2392578125 0.369140625 0.2236328125 0.3681640625 0.193359375 0.35546875 0.1708984375 0.3349609375 0.154296875 0.3134765625 0.146484375 0.2802734375 0.146484375 0.263671875 0.1533203125 0.251953125 0.2001953125 0.251953125 0.2255859375 0.2802734375 0.259765625 0.3251953125 0.267578125 0.36328125 0.2392578125
3 0.6669921875 0.2578125 0.662109375 0.2412109375 0.6494140625 0.232421875 0.6142578125 0.2265625 0.5986328125 0.234375 0.57421875 0.2607421875 0.57421875 0.2783203125 0.6064453125 0.306640625 0.6474609375 0.314453125 0.666015625 0.2978515625 0.6669921875 0.2578125
3 0.4267578125 0.275390625 0.408203125 0.2880859375 0.404296875 0.3056640625 0.4150390625 0.3203125 0.4345703125 0.322265625 0.447265625 0.3115234375 0.4501953125 0.294921875 0.4365234375 0.27734375 0.4267578125 0.275390625
3 0.3505859375 0 0.353515625 0.0322265625 0.345703125 0.0634765625 0.3515625 0.0849609375 0.3623046875 0.09375 0.3779296875 0.09375 0.3974609375 0.083984375 0.4208984375 0.0859375 0.4365234375 0.078125 0.453125 0.0576171875 0.4580078125 0 0.3505859375 0
3 0.0283203125 0.169921875 0.0048828125 0.162109375 0.0048828125 0.328125 0.0419921875 0.310546875 0.060546875 0.2900390625 0.0703125 0.2685546875 0.0712890625 0.23828125 0.052734375 0.1943359375 0.0283203125 0.169921875
3 0.20703125 0.2080078125 0.2099609375 0.166015625 0.2001953125 0.1484375 0.1455078125 0.12890625 0.1220703125 0.1328125 0.103515625 0.1552734375 0.10546875 0.1767578125 0.119140625 0.2099609375 0.1318359375 0.21875 0.1572265625 0.22265625 0.1904296875 0.21875 0.20703125 0.2080078125
3 0.001953125 0.1220703125 0.0185546875 0.125 0.0341796875 0.1171875 0.048828125 0.1005859375 0.0478515625 0.083984375 0.0302734375 0.05859375 0.0048828125 0.05078125 0.001953125 0.1220703125
3 0.2666015625 0.294921875 0.251953125 0.3076171875 0.25 0.3232421875 0.2646484375 0.33984375 0.2822265625 0.341796875 0.302734375 0.3291015625 0.3056640625 0.31640625 0.2939453125 0.30078125 0.2666015625 0.294921875