3 0.37890625 0.7587890625 0.373046875 0.7451171875 0.3505859375 0.724609375 0.3017578125 0.7109375 0.279296875 0.7275390625 0.25 0.7705078125 0.23828125 0.7919921875 0.23828125 0.8154296875 0.2470703125 0.828125 0.2607421875 0.833984375 0.341796875 0.8369140625 0.36328125 0.8212890625 0.37890625 0.7958984375 0.37890625 0.7587890625
3 0.0849609375 0.7890625 0.1259765625 0.80859375 0.169921875 0.8115234375 0.2119140625 0.802734375 0.2578125 0.7490234375 0.271484375 0.7236328125 0.287109375 0.6904296875 0.291015625 0.6591796875 0.287109375 0.5771484375 0.2578125 0.5283203125 0.2412109375 0.513671875 0.1669921875 0.4921875 0.1337890625 0.490234375 0.1044921875 0.50390625 0.0703125 0.5458984375 0.037109375 0.6162109375 0.02734375 0.6767578125 0.0390625 0.7353515625 0.0849609375 0.7890625
3 0.11328125 0.8369140625 0.0927734375 0.810546875 0.0537109375 0.783203125 0.0205078125 0.779296875 0.0048828125 0.78515625 0.001953125 0.7919921875 0.001953125 0.9013671875 0.0185546875 0.921875 0.052734375 0.9248046875 0.0693359375 0.919921875 0.09375 0.9013671875 0.11328125 0.8603515625 0.11328125 0.8369140625
3 0.2919921875 0.84375 0.2197265625 0.8359375 0.1982421875 0.8359375 0.142578125 0.8681640625 0.103515625 0.9267578125 0.078125 0.9970703125 0.392578125 0.9990234375 0.392578125 0.9345703125 0.373046875 0.8857421875 0.3505859375 0.853515625 0.3310546875 0.857421875 0.2919921875 0.84375
3 0.3212890625 0.58203125 0.310546875 0.5947265625 0.3046875 0.6806640625 0.3232421875 0.703125 0.373046875 0.7138671875 0.3955078125 0.70703125 0.404296875 0.6982421875 0.41796875 0.6630859375 0.41796875 0.6240234375 0.3837890625 0.58203125 0.3212890625 0.58203125
3 0.49609375 0.5146484375 0.44921875 0.5986328125 0.455078125 0.6259765625 0.4697265625 0.64453125 0.513671875 0.6455078125 0.5234375 0.6416015625 0.55078125 0.6064453125 0.560546875 0.5791015625 0.55078125 0.5322265625 0.5224609375 0.509765625 0.49609375 0.5146484375
3 0.52734375 0.5009765625 0.55078125 0.4912109375 0.55859375 0.4482421875 0.5302734375 0.41796875 0.4931640625 0.41796875 0.482421875 0.4482421875 0.48828125 0.4794921875 0.4970703125 0.494140625 0.52734375 0.5009765625
3 0.41796875 0.3193359375 0.4072265625 0.3046875 0.3720703125 0.294921875 0.3095703125 0.3046875 0.28515625 0.3251953125 0.279296875 0.3408203125 0.27734375 0.3681640625 0.283203125 0.3896484375 0.2998046875 0.408203125 0.3251953125 0.423828125 0.361328125 0.4267578125 0.400390625 0.3974609375 0.421875 0.3642578125 0.41796875 0.3193359375
3 0.0830078125 0.4609375 0.1318359375 0.427734375 0.16796875 0.3857421875 0.193359375 0.3212890625 0.1953125 0.2568359375 0.181640625 0.2001953125 0.1640625 0.1669921875 0.1396484375 0.138671875 0.0888671875 0.109375 0.0380859375 0.111328125 0.0087890625 0.1171875 0.001953125 0.1240234375 0.001953125 0.4716796875 0.0048828125 0.478515625 0.029296875 0.4775390625 0.0830078125 0.4609375
3 0.248046875 0.1162109375 0.244140625 0.1298828125 0.2421875 0.1630859375 0.248046875 0.1767578125 0.2919921875 0.23828125 0.3134765625 0.251953125 0.3466796875 0.26171875 0.37109375 0.2607421875 0.4189453125 0.23046875 0.4287109375 0.228515625 0.4345703125 0.234375 0.474609375 0.1865234375 0.490234375 0.1318359375 0.478515625 0.0654296875 0.4423828125 0.025390625 0.4248046875 0.01953125 0.3564453125 0.0234375 0.3037109375 0.015625 0.2626953125 0.021484375 0.23828125 0.0751953125 0.23828125 0.0986328125 0.2431640625 0.09765625 0.25390625 0.1142578125 0.248046875 0.1162109375
3 0.7333984375 0.166015625 0.6865234375 0.162109375 0.6484375 0.1904296875 0.64453125 0.2333984375 0.654296875 0.2783203125 0.6767578125 0.30859375 0.6875 0.3095703125 0.7314453125 0.306640625 0.765625 0.2705078125 0.767578125 0.2119140625 0.748046875 0.1748046875 0.7333984375 0.166015625
3 0.806640625 0.0068359375 0.7978515625 0.001953125 0.6650390625 0.00390625 0.65234375 0.0322265625 0.65234375 0.0712890625 0.658203125 0.0830078125 0.6943359375 0.11328125 0.7138671875 0.12109375 0.744140625 0.1220703125 0.7705078125 0.115234375 0.8046875 0.0771484375 0.8125 0.0517578125 0.806640625 0.0068359375
3 1 0.4716796875 0.9912109375 0.470703125 0.9736328125 0.478515625 0.95703125 0.4990234375 0.94140625 0.5419921875 0.935546875 0.6123046875 0.939453125 0.6298828125 0.9609375 0.6650390625 0.9794921875 0.681640625 1 0.6884765625 1 0.4716796875
3 0.8603515625 0.642578125 0.833984375 0.6669921875 0.82421875 0.7099609375 0.830078125 0.7294921875 0.8525390625 0.75 0.8623046875 0.755859375 0.884765625 0.7548828125 0.9189453125 0.740234375 0.9521484375 0.734375 0.97265625 0.7080078125 0.9033203125 0.6484375 0.8603515625 0.642578125
3 1 0.7548828125 0.9736328125 0.740234375 0.8935546875 0.775390625 0.880859375 0.7900390625 0.873046875 0.8310546875 0.859375 0.8427734375 0.8740234375 0.888671875 0.9072265625 0.904296875 0.96875 0.9111328125 1 0.8974609375 1 0.7548828125
3 0.001953125 0.0048828125 0.001953125 0.0986328125 0.009765625 0.1005859375 0.044921875 0.0751953125 0.060546875 0.0419921875 0.0595703125 0.001953125 0.001953125 0.0048828125