3 0.541015625 0.2900390625 0.5244140625 0.275390625 0.4970703125 0.267578125 0.4697265625 0.271484375 0.44921875 0.3134765625 0.44921875 0.3232421875 0.46484375 0.3466796875 0.490234375 0.3642578125 0.5283203125 0.361328125 0.55078125 0.3330078125 0.55078125 0.3095703125 0.541015625 0.2900390625
3 0.7568359375 0 0.7265625 0.0283203125 0.720703125 0.0732421875 0.740234375 0.1201171875 0.783203125 0.1494140625 0.8271484375 0.146484375 0.8515625 0.1298828125 0.865234375 0.0966796875 0.865234375 0.0673828125 0.85546875 0.0361328125 0.8291015625 0.0078125 0.8095703125 0 0.7568359375 0
3 0.9833984375 0.0078125 0.9443359375 0.009765625 0.9296875 0.0205078125 0.916015625 0.0517578125 0.916015625 0.0751953125 0.92578125 0.0966796875 0.9443359375 0.115234375 0.9609375 0.1220703125 0.998046875 0.1162109375 0.998046875 0.0205078125 0.9833984375 0.0078125
3 0.9775390625 0.607421875 0.9521484375 0.603515625 0.9404296875 0.607421875 0.91796875 0.6357421875 0.916015625 0.6787109375 0.9326171875 0.712890625 0.9541015625 0.73046875 0.9765625 0.7333984375 0.9912109375 0.732421875 0.998046875 0.7255859375 0.998046875 0.6201171875 0.9775390625 0.607421875
3 0.998046875 0.9208984375 0.9951171875 0.80859375 0.9541015625 0.8203125 0.94921875 0.8505859375 0.951171875 0.8818359375 0.958984375 0.9013671875 0.9755859375 0.919921875 0.986328125 0.9228515625 0.998046875 0.9208984375
3 0.8447265625 0.58984375 0.7978515625 0.58984375 0.779296875 0.6044921875 0.775390625 0.6162109375 0.76953125 0.6474609375 0.775390625 0.6630859375 0.7939453125 0.681640625 0.8125 0.6865234375 0.8388671875 0.685546875 0.8671875 0.6669921875 0.86328125 0.6279296875 0.8515625 0.5947265625 0.8447265625 0.58984375
3 0.541015625 0.7099609375 0.533203125 0.6904296875 0.5166015625 0.673828125 0.5029296875 0.669921875 0.478515625 0.6904296875 0.47265625 0.7119140625 0.4873046875 0.7421875 0.509765625 0.7470703125 0.5205078125 0.748046875 0.53515625 0.7353515625 0.541015625 0.7099609375
3 0.2060546875 0.40234375 0.1806640625 0.396484375 0.15625 0.4150390625 0.1484375 0.4384765625 0.154296875 0.4482421875 0.15234375 0.4697265625 0.185546875 0.4951171875 0.1953125 0.5263671875 0.208984375 0.5185546875 0.212890625 0.5087890625 0.21875 0.4892578125 0.21484375 0.4599609375 0.22265625 0.4365234375 0.2060546875 0.40234375
3 0.0869140625 0.2578125 0.0673828125 0.259765625 0.046875 0.2705078125 0.01953125 0.3291015625 0.03515625 0.3564453125 0.037109375 0.3720703125 0.052734375 0.3935546875 0.07421875 0.4033203125 0.1123046875 0.396484375 0.134765625 0.3818359375 0.1484375 0.3291015625 0.14453125 0.2939453125 0.1259765625 0.287109375 0.1103515625 0.265625 0.0869140625 0.2578125
3 0.341796875 0.8173828125 0.345703125 0.7861328125 0.3232421875 0.7578125 0.2939453125 0.755859375 0.275390625 0.7646484375 0.2734375 0.8115234375 0.248046875 0.8349609375 0.2578125 0.8662109375 0.3193359375 0.845703125 0.341796875 0.8173828125
3 0.08984375 0.0283203125 0.087890625 0.0576171875 0.087890625 0.0751953125 0.099609375 0.0947265625 0.1015625 0.1123046875 0.1279296875 0.154296875 0.1650390625 0.162109375 0.173828125 0.1708984375 0.1904296875 0.171875 0.2060546875 0.1640625 0.234375 0.1376953125 0.23828125 0.1123046875 0.23046875 0.0634765625 0.1943359375 0.015625 0.1533203125 0.013671875 0.1259765625 0.025390625 0.1044921875 0.009765625 0.08984375 0.0283203125
3 0.3544921875 0.072265625 0.37109375 0.0595703125 0.3828125 0.0400390625 0.3818359375 0 0.27734375 0.0009765625 0.2890625 0.0419921875 0.3134765625 0.068359375 0.326171875 0.0732421875 0.3544921875 0.072265625
3 0.8603515625 0.525390625 0.876953125 0.5126953125 0.876953125 0.4912109375 0.8623046875 0.474609375 0.8408203125 0.474609375 0.83203125 0.4853515625 0.83203125 0.5107421875 0.845703125 0.5244140625 0.8603515625 0.525390625
3 0.970703125 0.2470703125 0.982421875 0.2646484375 0.998046875 0.2626953125 0.9970703125 0.208984375 0.9794921875 0.2109375 0.970703125 0.2197265625 0.970703125 0.2470703125