3 0.47265625 0.8076171875 0.5107421875 0.798828125 0.5341796875 0.78515625 0.56640625 0.7392578125 0.57421875 0.6884765625 0.56640625 0.6455078125 0.5546875 0.6240234375 0.4853515625 0.55859375 0.4560546875 0.541015625 0.4130859375 0.52734375 0.3505859375 0.52734375 0.2900390625 0.560546875 0.2734375 0.5771484375 0.255859375 0.6123046875 0.25 0.6611328125 0.255859375 0.6962890625 0.2685546875 0.7109375 0.3173828125 0.736328125 0.3974609375 0.796875 0.4267578125 0.806640625 0.47265625 0.8076171875
3 0.2890625 0.9013671875 0.3173828125 0.892578125 0.34765625 0.8740234375 0.35546875 0.8583984375 0.35546875 0.8076171875 0.3193359375 0.76953125 0.2939453125 0.755859375 0.2646484375 0.74609375 0.2294921875 0.75 0.216796875 0.7587890625 0.203125 0.7958984375 0.20703125 0.8349609375 0.2373046875 0.8828125 0.2890625 0.9013671875
3 0.662109375 0.9990234375 0.6533203125 0.978515625 0.5947265625 0.935546875 0.5615234375 0.9296875 0.4833984375 0.88671875 0.4013671875 0.888671875 0.3564453125 0.904296875 0.314453125 0.9404296875 0.298828125 0.9619140625 0.29296875 0.9833984375 0.2939453125 1 0.662109375 0.9990234375
3 0.236328125 0.9990234375 0.244140625 0.9775390625 0.244140625 0.9462890625 0.23828125 0.9345703125 0.2099609375 0.912109375 0.1865234375 0.912109375 0.1708984375 0.919921875 0.16015625 0.9443359375 0.162109375 0.9775390625 0.1845703125 1 0.236328125 0.9990234375
3 0.630859375 0.5224609375 0.6650390625 0.515625 0.6884765625 0.5 0.712890625 0.4619140625 0.712890625 0.4404296875 0.6875 0.3955078125 0.6728515625 0.3828125 0.6416015625 0.375 0.6025390625 0.380859375 0.5791015625 0.392578125 0.56640625 0.4052734375 0.5546875 0.4345703125 0.568359375 0.4912109375 0.5947265625 0.515625 0.630859375 0.5224609375
3 0.5625 0.3349609375 0.595703125 0.3154296875 0.611328125 0.2685546875 0.603515625 0.2451171875 0.5869140625 0.23046875 0.5361328125 0.224609375 0.5078125 0.2548828125 0.498046875 0.2822265625 0.5 0.3056640625 0.505859375 0.3193359375 0.5244140625 0.333984375 0.5625 0.3349609375
3 0.728515625 0.3427734375 0.7861328125 0.314453125 0.80859375 0.2841796875 0.810546875 0.2626953125 0.802734375 0.2373046875 0.7802734375 0.216796875 0.7451171875 0.201171875 0.7060546875 0.19921875 0.6787109375 0.2109375 0.654296875 0.2373046875 0.646484375 0.2548828125 0.646484375 0.2880859375 0.65625 0.3134765625 0.6748046875 0.33203125 0.6962890625 0.341796875 0.728515625 0.3427734375
3 0.90625 0.5537109375 0.9130859375 0.54296875 0.9365234375 0.533203125 0.951171875 0.5166015625 0.94140625 0.4716796875 0.947265625 0.4599609375 0.943359375 0.3955078125 0.92578125 0.3603515625 0.8994140625 0.33984375 0.8603515625 0.32421875 0.8056640625 0.32421875 0.779296875 0.3486328125 0.76171875 0.3759765625 0.7578125 0.4189453125 0.765625 0.4736328125 0.7958984375 0.513671875 0.8193359375 0.513671875 0.8525390625 0.529296875 0.8701171875 0.55078125 0.90625 0.5537109375
3 0.630859375 0.1572265625 0.6455078125 0.140625 0.6669921875 0.14453125 0.6806640625 0.138671875 0.6875 0.1298828125 0.689453125 0.1103515625 0.7109375 0.0869140625 0.71484375 0.0498046875 0.708984375 0.0361328125 0.6611328125 0 0.5849609375 0.0078125 0.568359375 0.0205078125 0.552734375 0.0673828125 0.5546875 0.1064453125 0.578125 0.1416015625 0.6044921875 0.15625 0.630859375 0.1572265625
3 0.166015625 0.2294921875 0.197265625 0.2060546875 0.1953125 0.1630859375 0.1728515625 0.14453125 0.1357421875 0.14453125 0.111328125 0.1650390625 0.10546875 0.1865234375 0.109375 0.2080078125 0.1337890625 0.228515625 0.166015625 0.2294921875
3 1 0.5927734375 0.9931640625 0.591796875 0.939453125 0.6396484375 0.935546875 0.6669921875 0.95703125 0.7138671875 1 0.7509765625 1 0.5927734375