3 0.3173828125 0.71484375 0.291015625 0.7490234375 0.291015625 0.7822265625 0.3046875 0.8291015625 0.3193359375 0.841796875 0.34375 0.8505859375 0.3857421875 0.8515625 0.4091796875 0.83984375 0.431640625 0.8232421875 0.4453125 0.7939453125 0.447265625 0.7705078125 0.439453125 0.7412109375 0.421875 0.7119140625 0.4052734375 0.697265625 0.3173828125 0.71484375
3 0.572265625 0.6357421875 0.55859375 0.6650390625 0.560546875 0.6982421875 0.5703125 0.7158203125 0.5986328125 0.7265625 0.62890625 0.7529296875 0.6591796875 0.751953125 0.6962890625 0.734375 0.72265625 0.7119140625 0.7265625 0.6943359375 0.7265625 0.6689453125 0.71484375 0.6435546875 0.6689453125 0.615234375 0.6455078125 0.609375 0.5869140625 0.623046875 0.572265625 0.6357421875
3 0.5439453125 0.72265625 0.5087890625 0.73828125 0.498046875 0.7509765625 0.498046875 0.7958984375 0.505859375 0.8193359375 0.517578125 0.8291015625 0.5732421875 0.828125 0.6005859375 0.814453125 0.62890625 0.7861328125 0.630859375 0.7666015625 0.625 0.7529296875 0.5927734375 0.728515625 0.5693359375 0.71875 0.5439453125 0.72265625
3 0.533203125 0.8759765625 0.53515625 0.8974609375 0.55078125 0.9111328125 0.556640625 0.9306640625 0.5771484375 0.958984375 0.630859375 0.9736328125 0.6767578125 0.966796875 0.6982421875 0.955078125 0.720703125 0.9306640625 0.736328125 0.8974609375 0.73828125 0.8583984375 0.73046875 0.8349609375 0.7041015625 0.802734375 0.6826171875 0.791015625 0.6513671875 0.791015625 0.6181640625 0.802734375 0.5615234375 0.845703125 0.533203125 0.8759765625
3 0.8447265625 0.740234375 0.8125 0.7763671875 0.802734375 0.8447265625 0.81640625 0.8740234375 0.8603515625 0.921875 0.908203125 0.9404296875 0.9482421875 0.94140625 0.99609375 0.9248046875 0.998046875 0.7216796875 0.9873046875 0.7109375 0.9541015625 0.7109375 0.8681640625 0.728515625 0.8447265625 0.740234375
3 0.9345703125 0.22265625 0.896484375 0.2783203125 0.888671875 0.3056640625 0.890625 0.3447265625 0.90625 0.4072265625 0.970703125 0.4384765625 0.9951171875 0.439453125 0.998046875 0.4326171875 0.9951171875 0.201171875 0.9560546875 0.205078125 0.9345703125 0.22265625
3 0.6513671875 0.0859375 0.6259765625 0.087890625 0.607421875 0.1025390625 0.599609375 0.1201171875 0.599609375 0.1337890625 0.625 0.1728515625 0.6572265625 0.173828125 0.681640625 0.1552734375 0.685546875 0.1455078125 0.68359375 0.1064453125 0.6513671875 0.0859375
3 0.1630859375 0.15234375 0.1279296875 0.14453125 0.10546875 0.1611328125 0.099609375 0.2099609375 0.1181640625 0.234375 0.154296875 0.2490234375 0.1728515625 0.248046875 0.1875 0.2392578125 0.193359375 0.2138671875 0.1875 0.1845703125 0.1630859375 0.15234375
3 0.123046875 0.4560546875 0.115234375 0.4736328125 0.119140625 0.5009765625 0.1357421875 0.51953125 0.1591796875 0.533203125 0.185546875 0.5380859375 0.1982421875 0.5390625 0.2236328125 0.52734375 0.248046875 0.4833984375 0.248046875 0.4560546875 0.240234375 0.4462890625 0.248046875 0.4326171875 0.248046875 0.4091796875 0.2236328125 0.3828125 0.2099609375 0.37890625 0.1943359375 0.37890625 0.1708984375 0.39453125 0.1455078125 0.392578125 0.1328125 0.4013671875 0.126953125 0.4248046875 0.138671875 0.4423828125 0.123046875 0.4560546875
3 0 0.7880859375 0.0537109375 0.77734375 0.0927734375 0.75 0.1484375 0.6923828125 0.166015625 0.6396484375 0.162109375 0.5869140625 0.146484375 0.5634765625 0.0966796875 0.5234375 0.0556640625 0.505859375 0 0.5087890625 0 0.7880859375
3 0.05078125 0.8310546875 0.05078125 0.8466796875 0.0625 0.8583984375 0.078125 0.8916015625 0.1318359375 0.939453125 0.1484375 0.9443359375 0.1767578125 0.9453125 0.2138671875 0.9296875 0.2470703125 0.90625 0.2578125 0.8896484375 0.2578125 0.8037109375 0.234375 0.7509765625 0.2138671875 0.73828125 0.1826171875 0.736328125 0.1337890625 0.748046875 0.09375 0.7783203125 0.068359375 0.8193359375 0.05078125 0.8310546875