3 0.638671875 0.4716796875 0.6357421875 0.509765625 0.6533203125 0.53515625 0.6767578125 0.55078125 0.6865234375 0.55078125 0.728515625 0.5302734375 0.732421875 0.5029296875 0.724609375 0.4755859375 0.7099609375 0.458984375 0.6904296875 0.44921875 0.6669921875 0.44921875 0.638671875 0.4716796875
3 1 0.1904296875 0.9921875 0.1708984375 0.9638671875 0.14453125 0.9326171875 0.134765625 0.9033203125 0.134765625 0.8701171875 0.1484375 0.853515625 0.1728515625 0.8505859375 0.216796875 0.8798828125 0.259765625 0.9267578125 0.279296875 0.9716796875 0.2734375 1 0.2431640625 1 0.1904296875
3 0.8779296875 0.0390625 0.884765625 0.0556640625 0.9033203125 0.07421875 0.9248046875 0.083984375 0.9482421875 0.083984375 0.9794921875 0.0703125 0.990234375 0.0556640625 0.9921875 0.0166015625 0.9794921875 0.001953125 0.8837890625 0.001953125 0.8779296875 0.0390625
3 0.267578125 0.0087890625 0.2666015625 0.0234375 0.26953125 0.0458984375 0.287109375 0.0673828125 0.3212890625 0.083984375 0.3642578125 0.08203125 0.392578125 0.0595703125 0.396484375 0.0478515625 0.392578125 0.0224609375 0.3798828125 0.001953125 0.2744140625 0.001953125 0.267578125 0.0087890625
3 0.0986328125 0.041015625 0.1181640625 0.048828125 0.1494140625 0.05078125 0.1796875 0.0458984375 0.19140625 0.0048828125 0.0791015625 0.001953125 0.0771484375 0.013671875 0.080078125 0.0244140625 0.0986328125 0.041015625
3 0.3330078125 0.1328125 0.314453125 0.1611328125 0.3134765625 0.1875 0.318359375 0.2060546875 0.3369140625 0.224609375 0.3525390625 0.23046875 0.3837890625 0.224609375 0.3955078125 0.220703125 0.41015625 0.2021484375 0.41015625 0.1552734375 0.4052734375 0.1484375 0.3720703125 0.13671875 0.3330078125 0.1328125
3 0.2529296875 0.490234375 0.2578125 0.5126953125 0.2880859375 0.52734375 0.3095703125 0.521484375 0.330078125 0.4970703125 0.326171875 0.4833984375 0.3095703125 0.466796875 0.2900390625 0.458984375 0.2646484375 0.46484375 0.251953125 0.4794921875 0.2529296875 0.490234375
3 0.5107421875 0.78125 0.4912109375 0.787109375 0.4814453125 0.791015625 0.4736328125 0.8046875 0.5048828125 0.814453125 0.5302734375 0.84765625 0.5517578125 0.845703125 0.5615234375 0.8515625 0.5849609375 0.84375 0.603515625 0.8193359375 0.59765625 0.7939453125 0.5634765625 0.77734375 0.5400390625 0.78515625 0.5107421875 0.78125
3 0.7060546875 0.85546875 0.6708984375 0.8515625 0.6181640625 0.865234375 0.603515625 0.8876953125 0.5966796875 0.92578125 0.6064453125 0.947265625 0.6279296875 0.962890625 0.6435546875 0.96484375 0.6708984375 0.98046875 0.7294921875 0.953125 0.740234375 0.9326171875 0.7421875 0.9130859375 0.734375 0.8896484375 0.712890625 0.8740234375 0.7060546875 0.85546875
3 0.1650390625 0.751953125 0.1884765625 0.7265625 0.2353515625 0.724609375 0.244140625 0.7060546875 0.2421875 0.6767578125 0.2138671875 0.654296875 0.1826171875 0.658203125 0.154296875 0.6806640625 0.1337890625 0.7421875 0.1650390625 0.751953125
3 0.986328125 0.8466796875 0.984375 0.8056640625 0.9365234375 0.76953125 0.8876953125 0.76171875 0.8623046875 0.765625 0.8359375 0.7939453125 0.828125 0.8095703125 0.8291015625 0.826171875 0.837890625 0.8349609375 0.845703125 0.8720703125 0.8876953125 0.8984375 0.9052734375 0.900390625 0.9248046875 0.912109375 0.9423828125 0.912109375 0.9716796875 0.91015625 0.990234375 0.8955078125 0.974609375 0.8740234375 0.986328125 0.8466796875
3 0.9580078125 0.7109375 0.9990234375 0.72265625 1 0.6181640625 0.9599609375 0.6171875 0.9404296875 0.62890625 0.927734375 0.6455078125 0.9267578125 0.673828125 0.931640625 0.6865234375 0.9580078125 0.7109375
3 0.5146484375 0.16796875 0.525390625 0.1591796875 0.525390625 0.1376953125 0.5087890625 0.123046875 0.4873046875 0.123046875 0.474609375 0.1396484375 0.4755859375 0.154296875 0.4892578125 0.16796875 0.5146484375 0.16796875
3 0.791015625 0.0029296875 0.7373046875 0.001953125 0.7353515625 0.017578125 0.7529296875 0.029296875 0.7802734375 0.029296875 0.7890625 0.0205078125 0.791015625 0.0029296875