3 0.076171875 0.3037109375 0.0537109375 0.279296875 0.0302734375 0.26953125 0 0.2744140625 0.0009765625 0.3828125 0.0322265625 0.39453125 0.0595703125 0.390625 0.080078125 0.3642578125 0.0830078125 0.3359375 0.076171875 0.3037109375
3 0.2431640625 1 0.2529296875 0.994140625 0.271484375 0.9736328125 0.2763671875 0.923828125 0.259765625 0.8818359375 0.2294921875 0.85546875 0.2060546875 0.84765625 0.1689453125 0.853515625 0.1494140625 0.8671875 0.130859375 0.9052734375 0.140625 0.9599609375 0.1689453125 0.9921875 0.1865234375 1 0.2431640625 1
3 0.0498046875 0.880859375 0.0029296875 0.880859375 0 0.9794921875 0.0146484375 0.9921875 0.0537109375 0.990234375 0.078125 0.9638671875 0.0830078125 0.9296875 0.072265625 0.9013671875 0.0498046875 0.880859375
3 0.4921875 0.6357421875 0.4951171875 0.640625 0.4990234375 0.634765625 0.4921875 0.6357421875
3 0.5478515625 0.677734375 0.5263671875 0.64453125 0.5107421875 0.63671875 0.4794921875 0.634765625 0.453125 0.6552734375 0.447265625 0.6884765625 0.455078125 0.7060546875 0.4775390625 0.7265625 0.5244140625 0.73046875 0.544921875 0.7021484375 0.5478515625 0.677734375
3 0.5126953125 0.2578125 0.4794921875 0.251953125 0.458984375 0.2705078125 0.45703125 0.2900390625 0.46484375 0.3095703125 0.4814453125 0.326171875 0.4970703125 0.330078125 0.521484375 0.3076171875 0.5244140625 0.283203125 0.5126953125 0.2578125
3 0.7490234375 0.154296875 0.7373046875 0.134765625 0.67578125 0.1591796875 0.65234375 0.1943359375 0.65234375 0.2138671875 0.6708984375 0.240234375 0.7099609375 0.244140625 0.724609375 0.2373046875 0.72265625 0.1943359375 0.75 0.1650390625 0.7490234375 0.154296875
3 0.9306640625 0.740234375 0.9482421875 0.732421875 0.962890625 0.7119140625 0.978515625 0.6748046875 0.9775390625 0.6640625 0.9609375 0.6279296875 0.9404296875 0.6015625 0.9208984375 0.595703125 0.8798828125 0.603515625 0.861328125 0.6201171875 0.853515625 0.6396484375 0.853515625 0.7060546875 0.8720703125 0.712890625 0.8876953125 0.736328125 0.9306640625 0.740234375
3 0.771484375 0.9443359375 0.8037109375 0.984375 0.8447265625 0.986328125 0.8642578125 0.974609375 0.8974609375 0.982421875 0.908203125 0.9736328125 0.9091796875 0.919921875 0.89453125 0.8818359375 0.880859375 0.8681640625 0.875 0.8486328125 0.8642578125 0.841796875 0.8330078125 0.837890625 0.8212890625 0.828125 0.8017578125 0.830078125 0.76171875 0.8642578125 0.76171875 0.9208984375 0.771484375 0.9443359375
3 0.7216796875 1 0.7216796875 0.9921875 0.712890625 0.9599609375 0.6728515625 0.923828125 0.6396484375 0.92578125 0.615234375 0.9501953125 0.6142578125 1 0.7216796875 1
3 0.2294921875 0.35546875 0.224609375 0.3388671875 0.2109375 0.3232421875 0.1923828125 0.314453125 0.1630859375 0.314453125 0.130859375 0.3330078125 0.1328125 0.3662109375 0.1513671875 0.41015625 0.2041015625 0.408203125 0.22265625 0.3857421875 0.2294921875 0.35546875
3 0.0205078125 0.080078125 0.0009765625 0.078125 0.0009765625 0.19140625 0.044921875 0.1767578125 0.0478515625 0.142578125 0.046875 0.1181640625 0.033203125 0.0908203125 0.0205078125 0.080078125