3 0.119140625 0.0322265625 0.103515625 0.0751953125 0.103515625 0.0947265625 0.111328125 0.1103515625 0.1298828125 0.125 0.177734375 0.1298828125 0.1982421875 0.123046875 0.22265625 0.1025390625 0.23828125 0.0712890625 0.23828125 0.0556640625 0.232421875 0.0322265625 0.2197265625 0.017578125 0.2021484375 0.0078125 0.1669921875 0.00390625 0.1396484375 0.01171875 0.119140625 0.0322265625
3 0.0859375 0.2646484375 0.091796875 0.3076171875 0.1259765625 0.357421875 0.1708984375 0.376953125 0.19921875 0.3779296875 0.2431640625 0.36328125 0.279296875 0.3330078125 0.291015625 0.3115234375 0.294921875 0.2607421875 0.2568359375 0.201171875 0.2294921875 0.19140625 0.1474609375 0.1953125 0.1279296875 0.20703125 0.091796875 0.2451171875 0.0859375 0.2646484375
3 0.2607421875 0.474609375 0.291015625 0.4755859375 0.3291015625 0.458984375 0.33984375 0.4404296875 0.33984375 0.4091796875 0.3017578125 0.37109375 0.2666015625 0.3828125 0.2431640625 0.40234375 0.2265625 0.4404296875 0.228515625 0.4560546875 0.2373046875 0.46484375 0.2607421875 0.474609375
3 0.1015625 0.5498046875 0.083984375 0.5791015625 0.08203125 0.6298828125 0.099609375 0.6767578125 0.1298828125 0.703125 0.1845703125 0.72265625 0.224609375 0.7236328125 0.2509765625 0.716796875 0.275390625 0.6982421875 0.302734375 0.6435546875 0.30078125 0.6142578125 0.2607421875 0.546875 0.2431640625 0.53125 0.1826171875 0.5078125 0.1572265625 0.525390625 0.1162109375 0.537109375 0.1015625 0.5498046875
3 0.015625 0.4404296875 0.0009765625 0.404296875 0.001953125 0.5986328125 0.0390625 0.5458984375 0.04296875 0.4970703125 0.03515625 0.4658203125 0.015625 0.4404296875
3 0 0.8994140625 0.0224609375 0.921875 0.0478515625 0.93359375 0.0625 0.9326171875 0.1025390625 0.923828125 0.130859375 0.8994140625 0.14453125 0.8388671875 0.142578125 0.8232421875 0.1220703125 0.7890625 0.0849609375 0.771484375 0.0556640625 0.767578125 0.0224609375 0.779296875 0 0.7978515625 0 0.8994140625
3 0.3408203125 0.93359375 0.3642578125 0.943359375 0.388671875 0.9443359375 0.4072265625 0.939453125 0.43359375 0.9072265625 0.435546875 0.8818359375 0.4296875 0.8603515625 0.3974609375 0.826171875 0.3779296875 0.822265625 0.3408203125 0.830078125 0.314453125 0.8603515625 0.31640625 0.8994140625 0.3408203125 0.93359375
3 0.515625 0.8603515625 0.509765625 0.9111328125 0.5234375 0.9423828125 0.5576171875 0.96484375 0.591796875 0.9677734375 0.6318359375 0.9609375 0.6904296875 0.939453125 0.701171875 0.9326171875 0.716796875 0.9052734375 0.69140625 0.8447265625 0.6513671875 0.8046875 0.6162109375 0.798828125 0.5771484375 0.802734375 0.5458984375 0.8203125 0.515625 0.8603515625
3 0.57421875 0.9951171875 0.5751953125 1 0.7265625 0.9990234375 0.7099609375 0.974609375 0.6728515625 0.95703125 0.6064453125 0.974609375 0.57421875 0.9951171875
3 0.763671875 0.5341796875 0.74609375 0.5693359375 0.744140625 0.6005859375 0.763671875 0.6455078125 0.7939453125 0.673828125 0.8173828125 0.685546875 0.85546875 0.6904296875 0.8896484375 0.6875 0.9208984375 0.671875 0.94921875 0.6416015625 0.9609375 0.5869140625 0.947265625 0.5498046875 0.9169921875 0.51953125 0.8779296875 0.5 0.8408203125 0.49609375 0.8017578125 0.505859375 0.763671875 0.5341796875
3 1 0.7333984375 0.9736328125 0.73046875 0.9365234375 0.740234375 0.91015625 0.7626953125 0.88671875 0.8037109375 0.884765625 0.8408203125 0.8984375 0.8818359375 0.9189453125 0.90625 0.9541015625 0.9296875 0.984375 0.9326171875 1 0.9306640625 1 0.7333984375
3 1 0.2470703125 0.9501953125 0.228515625 0.8759765625 0.2265625 0.8427734375 0.23828125 0.802734375 0.2685546875 0.779296875 0.3076171875 0.779296875 0.3583984375 0.798828125 0.4013671875 0.8388671875 0.439453125 0.8857421875 0.458984375 0.9296875 0.4619140625 0.9677734375 0.453125 1 0.4287109375 1 0.2470703125
3 0.6943359375 0 0.66796875 0.0205078125 0.654296875 0.0458984375 0.650390625 0.0986328125 0.666015625 0.1298828125 0.7001953125 0.15625 0.7421875 0.1630859375 0.7724609375 0.158203125 0.8095703125 0.13671875 0.83984375 0.0966796875 0.84765625 0.0732421875 0.845703125 0.0576171875 0.8115234375 0 0.6943359375 0
3 0.400390625 0.0009765625 0.40625 0.0205078125 0.4169921875 0.029296875 0.4521484375 0.041015625 0.482421875 0.0400390625 0.5107421875 0.029296875 0.537109375 0.0009765625 0.400390625 0.0009765625