3 0.595703125 0.9990234375 0.591796875 0.9384765625 0.5654296875 0.9140625 0.5341796875 0.900390625 0.4912109375 0.90234375 0.4541015625 0.9140625 0.423828125 0.9501953125 0.408203125 0.9892578125 0.4091796875 1 0.595703125 0.9990234375
3 0.4609375 0.8447265625 0.5185546875 0.826171875 0.546875 0.8017578125 0.552734375 0.7880859375 0.552734375 0.7568359375 0.54296875 0.7275390625 0.5224609375 0.703125 0.4912109375 0.689453125 0.4580078125 0.693359375 0.4150390625 0.71875 0.392578125 0.7685546875 0.392578125 0.8095703125 0.3984375 0.8271484375 0.4091796875 0.837890625 0.4609375 0.8447265625
3 0.65234375 0.7802734375 0.6708984375 0.77734375 0.689453125 0.7626953125 0.69921875 0.7431640625 0.701171875 0.7138671875 0.689453125 0.6865234375 0.6611328125 0.66015625 0.6396484375 0.650390625 0.6123046875 0.650390625 0.5888671875 0.662109375 0.576171875 0.6767578125 0.56640625 0.7041015625 0.5703125 0.7333984375 0.58203125 0.7548828125 0.6025390625 0.7734375 0.65234375 0.7802734375
3 1 0.5693359375 0.9638671875 0.568359375 0.9345703125 0.583984375 0.9140625 0.6044921875 0.90234375 0.6318359375 0.900390625 0.6689453125 0.9345703125 0.716796875 0.9658203125 0.732421875 1 0.7333984375 1 0.5693359375
3 0.392578125 0.6142578125 0.4150390625 0.607421875 0.423828125 0.5966796875 0.44140625 0.5576171875 0.44140625 0.5224609375 0.3994140625 0.486328125 0.3193359375 0.490234375 0.29296875 0.5166015625 0.29296875 0.5712890625 0.306640625 0.5791015625 0.310546875 0.5947265625 0.3232421875 0.603515625 0.3466796875 0.6015625 0.3759765625 0.615234375 0.392578125 0.6142578125
3 0 0.5693359375 0.01171875 0.5712890625 0.0849609375 0.560546875 0.1220703125 0.5390625 0.154296875 0.4970703125 0.171875 0.4404296875 0.162109375 0.3818359375 0.134765625 0.3232421875 0.1083984375 0.294921875 0.0693359375 0.275390625 0.0244140625 0.263671875 0 0.2646484375 0 0.5693359375
3 0.00390625 0.7607421875 0.041015625 0.7099609375 0.048828125 0.6767578125 0.0390625 0.6142578125 0.0166015625 0.59375 0 0.5947265625 0.00390625 0.7607421875
3 0.294921875 0.4501953125 0.3388671875 0.427734375 0.3515625 0.4130859375 0.361328125 0.3779296875 0.361328125 0.3349609375 0.3515625 0.3095703125 0.3349609375 0.294921875 0.3076171875 0.28515625 0.2744140625 0.28515625 0.22265625 0.3134765625 0.208984375 0.3466796875 0.208984375 0.3818359375 0.2353515625 0.42578125 0.2685546875 0.44921875 0.294921875 0.4501953125
3 0.142578125 0.2373046875 0.1796875 0.1845703125 0.1796875 0.1455078125 0.1474609375 0.1015625 0.1181640625 0.091796875 0.0869140625 0.09375 0.0654296875 0.1171875 0.05078125 0.1240234375 0.037109375 0.1611328125 0.037109375 0.1767578125 0.060546875 0.2216796875 0.0751953125 0.232421875 0.142578125 0.2373046875
3 0.244140625 0.1220703125 0.2841796875 0.111328125 0.3056640625 0.095703125 0.3515625 0.0458984375 0.373046875 0.0009765625 0.099609375 0.0009765625 0.11328125 0.0498046875 0.1298828125 0.076171875 0.1962890625 0.1171875 0.2138671875 0.123046875 0.244140625 0.1220703125
3 0.390625 0.1494140625 0.416015625 0.0986328125 0.41796875 0.0576171875 0.4072265625 0.041015625 0.3759765625 0.03515625 0.3515625 0.0576171875 0.33203125 0.0869140625 0.328125 0.1103515625 0.333984375 0.1298828125 0.3525390625 0.150390625 0.3779296875 0.140625 0.390625 0.1494140625
3 0.6328125 0.0927734375 0.6552734375 0.0859375 0.6796875 0.0615234375 0.6884765625 0 0.509765625 0.0009765625 0.521484375 0.0419921875 0.5478515625 0.072265625 0.5849609375 0.091796875 0.6328125 0.0927734375
3 0.6953125 0.3134765625 0.7060546875 0.310546875 0.724609375 0.2880859375 0.72265625 0.2607421875 0.712890625 0.2353515625 0.6826171875 0.21875 0.6376953125 0.23046875 0.623046875 0.2490234375 0.6171875 0.2822265625 0.6533203125 0.310546875 0.6953125 0.3134765625
3 0.92578125 0.4033203125 0.955078125 0.3837890625 0.953125 0.3544921875 0.9404296875 0.337890625 0.8994140625 0.333984375 0.87890625 0.3544921875 0.87890625 0.3818359375 0.9033203125 0.404296875 0.92578125 0.4033203125
3 0.52734375 0.4580078125 0.5537109375 0.44921875 0.560546875 0.4404296875 0.56640625 0.3994140625 0.57421875 0.3857421875 0.5673828125 0.359375 0.5048828125 0.361328125 0.474609375 0.3974609375 0.466796875 0.4384765625 0.5009765625 0.458984375 0.52734375 0.4580078125
3 0.203125 0.7763671875 0.21875 0.7646484375 0.24609375 0.7216796875 0.259765625 0.6826171875 0.25390625 0.6357421875 0.2216796875 0.595703125 0.1533203125 0.59765625 0.125 0.6240234375 0.109375 0.6572265625 0.11328125 0.7099609375 0.126953125 0.7412109375 0.1572265625 0.775390625 0.203125 0.7763671875