3 0.337890625 0.2373046875 0.3779296875 0.2265625 0.400390625 0.2041015625 0.40234375 0.1845703125 0.396484375 0.1513671875 0.37890625 0.1259765625 0.3330078125 0.107421875 0.2939453125 0.123046875 0.265625 0.1494140625 0.25390625 0.1689453125 0.25390625 0.1904296875 0.267578125 0.2177734375 0.2841796875 0.23046875 0.3017578125 0.23828125 0.337890625 0.2373046875
3 0.19140625 0.5400390625 0.2099609375 0.5390625 0.2373046875 0.525390625 0.25390625 0.5087890625 0.265625 0.4814453125 0.265625 0.4541015625 0.2578125 0.4326171875 0.2431640625 0.4140625 0.2236328125 0.404296875 0.1923828125 0.40234375 0.1572265625 0.41015625 0.12890625 0.4345703125 0.11328125 0.4638671875 0.1171875 0.4892578125 0.1396484375 0.51953125 0.1669921875 0.537109375 0.19140625 0.5400390625
3 0 0.6083984375 0.015625 0.6103515625 0.0556640625 0.6015625 0.0859375 0.5595703125 0.08984375 0.5322265625 0.0615234375 0.505859375 0.0224609375 0.50390625 0 0.5166015625 0 0.6083984375
3 0.439453125 0.7001953125 0.48046875 0.6787109375 0.486328125 0.6513671875 0.4306640625 0.57421875 0.3994140625 0.5703125 0.3662109375 0.580078125 0.341796875 0.6162109375 0.341796875 0.6396484375 0.3662109375 0.66796875 0.3818359375 0.671875 0.4111328125 0.6953125 0.439453125 0.7001953125
3 0.427734375 0.8779296875 0.4482421875 0.8671875 0.470703125 0.8408203125 0.474609375 0.8037109375 0.4638671875 0.783203125 0.4326171875 0.771484375 0.3896484375 0.78125 0.384765625 0.7919921875 0.365234375 0.8056640625 0.361328125 0.8232421875 0.341796875 0.8330078125 0.318359375 0.8701171875 0.3251953125 0.873046875 0.3505859375 0.857421875 0.3779296875 0.849609375 0.4130859375 0.876953125 0.427734375 0.8779296875
3 0.705078125 0.9990234375 0.708984375 0.9677734375 0.6923828125 0.951171875 0.6591796875 0.939453125 0.6396484375 0.939453125 0.6064453125 0.951171875 0.58984375 0.9658203125 0.58203125 0.9853515625 0.5849609375 1 0.705078125 0.9990234375
3 0.51953125 0.6455078125 0.5478515625 0.638671875 0.556640625 0.6298828125 0.56640625 0.5966796875 0.560546875 0.5615234375 0.5322265625 0.546875 0.4853515625 0.552734375 0.466796875 0.5791015625 0.4765625 0.6240234375 0.4951171875 0.642578125 0.51953125 0.6455078125
3 0.712890625 0.6298828125 0.736328125 0.6181640625 0.755859375 0.5791015625 0.78125 0.5517578125 0.7890625 0.5302734375 0.7802734375 0.505859375 0.7373046875 0.486328125 0.7177734375 0.490234375 0.693359375 0.5048828125 0.662109375 0.5810546875 0.666015625 0.6103515625 0.6748046875 0.62109375 0.6923828125 0.630859375 0.712890625 0.6298828125
3 0 0.2197265625 0.0205078125 0.232421875 0.052734375 0.2353515625 0.08203125 0.1748046875 0.0732421875 0.1640625 0.0302734375 0.142578125 0 0.1669921875 0 0.2197265625
3 0.904296875 0.2294921875 0.94921875 0.1865234375 0.947265625 0.1201171875 0.95703125 0.0966796875 0.95703125 0.0791015625 0.947265625 0.0302734375 0.9287109375 0.01171875 0.904296875 0.0302734375 0.896484375 0.0458984375 0.880859375 0.1162109375 0.880859375 0.1708984375 0.873046875 0.2099609375 0.8876953125 0.2265625 0.904296875 0.2294921875
3 0.935546875 0.7587890625 0.966796875 0.7373046875 0.97265625 0.7099609375 0.9921875 0.6865234375 0.9638671875 0.677734375 0.9462890625 0.66015625 0.9326171875 0.673828125 0.9111328125 0.67578125 0.90625 0.6904296875 0.8896484375 0.697265625 0.884765625 0.7080078125 0.88671875 0.7333984375 0.9150390625 0.75390625 0.935546875 0.7587890625