3 0.8046875 0.4228515625 0.828125 0.4677734375 0.8427734375 0.48828125 0.8818359375 0.517578125 0.9169921875 0.51953125 0.99609375 0.4716796875 0.99609375 0.3701171875 0.9775390625 0.34375 0.9150390625 0.298828125 0.8662109375 0.294921875 0.8232421875 0.3125 0.806640625 0.3369140625 0.7978515625 0.3828125 0.8046875 0.4228515625
3 0.7587890625 0.634765625 0.76171875 0.6630859375 0.7861328125 0.701171875 0.8076171875 0.71484375 0.8486328125 0.72265625 0.8720703125 0.72265625 0.9111328125 0.69921875 0.9375 0.6435546875 0.921875 0.5908203125 0.8916015625 0.56640625 0.8408203125 0.546875 0.8095703125 0.548828125 0.783203125 0.5693359375 0.767578125 0.5927734375 0.7587890625 0.634765625
3 0.3291015625 0.146484375 0.3681640625 0.1640625 0.3955078125 0.162109375 0.4423828125 0.14453125 0.4609375 0.1279296875 0.47265625 0.1064453125 0.470703125 0.0693359375 0.4609375 0.0419921875 0.4384765625 0.021484375 0.4052734375 0.009765625 0.3583984375 0.017578125 0.326171875 0.0556640625 0.3115234375 0.1171875 0.3291015625 0.146484375
3 0.310546875 0.0439453125 0.2841796875 0.021484375 0.2294921875 0.025390625 0.208984375 0.0537109375 0.2080078125 0.080078125 0.2109375 0.0927734375 0.2333984375 0.119140625 0.2646484375 0.123046875 0.3046875 0.0849609375 0.310546875 0.0439453125
3 0.12109375 0.2763671875 0.1484375 0.2275390625 0.15625 0.1982421875 0.154296875 0.1611328125 0.134765625 0.1259765625 0.0986328125 0.103515625 0.0634765625 0.099609375 0 0.1220703125 0.0009765625 0.330078125 0.0400390625 0.326171875 0.0849609375 0.30859375 0.12109375 0.2763671875
3 0.1923828125 0.35546875 0.2470703125 0.43359375 0.2744140625 0.44921875 0.3154296875 0.451171875 0.3486328125 0.439453125 0.390625 0.4052734375 0.404296875 0.3662109375 0.404296875 0.3330078125 0.369140625 0.2587890625 0.3486328125 0.2421875 0.3173828125 0.236328125 0.2822265625 0.24609375 0.2216796875 0.279296875 0.19140625 0.3212890625 0.1923828125 0.35546875
3 0.078125 0.4072265625 0.0546875 0.4580078125 0.0517578125 0.501953125 0.064453125 0.5400390625 0.0810546875 0.55859375 0.1376953125 0.580078125 0.1572265625 0.580078125 0.1845703125 0.572265625 0.234375 0.5224609375 0.2421875 0.5068359375 0.248046875 0.4658203125 0.22265625 0.4208984375 0.1962890625 0.392578125 0.1728515625 0.37890625 0.1435546875 0.376953125 0.1025390625 0.388671875 0.078125 0.4072265625
3 0.173828125 0.6083984375 0.1728515625 0.642578125 0.19140625 0.6806640625 0.2255859375 0.7109375 0.2685546875 0.72265625 0.3154296875 0.716796875 0.3505859375 0.69921875 0.37890625 0.6728515625 0.3984375 0.6279296875 0.400390625 0.5908203125 0.373046875 0.5380859375 0.3486328125 0.51171875 0.3232421875 0.501953125 0.2822265625 0.505859375 0.2568359375 0.517578125 0.173828125 0.6083984375
3 0.130859375 0.6611328125 0.12109375 0.6162109375 0.0830078125 0.595703125 0.0537109375 0.595703125 0.0419921875 0.603515625 0.02734375 0.6279296875 0.0283203125 0.646484375 0.05078125 0.6806640625 0.0712890625 0.693359375 0.1123046875 0.6875 0.130859375 0.6611328125
3 0.0009765625 1 0.0546875 0.9970703125 0.0625 0.9638671875 0.056640625 0.9443359375 0.0458984375 0.93359375 0.0205078125 0.9296875 0 0.9443359375 0.0009765625 1
3 0.701171875 0.8154296875 0.69140625 0.8330078125 0.6884765625 0.87109375 0.697265625 0.9111328125 0.7099609375 0.923828125 0.7412109375 0.9296875 0.7509765625 0.9296875 0.7626953125 0.919921875 0.8037109375 0.923828125 0.810546875 0.8974609375 0.828125 0.8798828125 0.830078125 0.8525390625 0.8203125 0.8291015625 0.7958984375 0.806640625 0.7685546875 0.80078125 0.7197265625 0.802734375 0.701171875 0.8154296875
3 0.4443359375 0.81640625 0.4736328125 0.814453125 0.494140625 0.7998046875 0.50390625 0.7822265625 0.505859375 0.7451171875 0.4677734375 0.712890625 0.4482421875 0.71484375 0.4140625 0.7529296875 0.4111328125 0.779296875 0.41796875 0.7998046875 0.4287109375 0.810546875 0.4443359375 0.81640625
3 0.9169921875 0.0390625 0.923828125 0.0791015625 0.935546875 0.0966796875 0.9658203125 0.119140625 0.9951171875 0.12109375 0.998046875 0.0009765625 0.9169921875 0 0.9169921875 0.0390625
3 0.96875 0.1650390625 0.9609375 0.1865234375 0.9619140625 0.205078125 0.97265625 0.2333984375 0.9951171875 0.251953125 1 0.2431640625 0.9970703125 0.14453125 0.9873046875 0.146484375 0.96875 0.1650390625
3 0.8896484375 0.12890625 0.865234375 0.1494140625 0.8642578125 0.1640625 0.8740234375 0.18359375 0.9033203125 0.19140625 0.92578125 0.1748046875 0.9296875 0.1494140625 0.9169921875 0.13671875 0.8896484375 0.12890625
3 0.525390625 0.2626953125 0.51171875 0.2880859375 0.5126953125 0.306640625 0.5263671875 0.31640625 0.5517578125 0.3203125 0.583984375 0.3056640625 0.5859375 0.2861328125 0.5654296875 0.240234375 0.525390625 0.2626953125