3 0.3701171875 0 0.33984375 0.0263671875 0.30078125 0.0791015625 0.294921875 0.0966796875 0.296875 0.1435546875 0.3125 0.1767578125 0.3330078125 0.19140625 0.3701171875 0.201171875 0.4189453125 0.1953125 0.4716796875 0.16796875 0.49609375 0.1474609375 0.517578125 0.1162109375 0.5185546875 0.08203125 0.4716796875 0 0.3701171875 0
3 0.6650390625 0.236328125 0.6923828125 0.220703125 0.712890625 0.1962890625 0.7216796875 0.126953125 0.703125 0.0927734375 0.6865234375 0.078125 0.6357421875 0.060546875 0.6044921875 0.0703125 0.576171875 0.0908203125 0.5546875 0.1298828125 0.546875 0.1611328125 0.548828125 0.1884765625 0.55859375 0.2060546875 0.5908203125 0.23046875 0.6259765625 0.240234375 0.6650390625 0.236328125
3 0.9033203125 0.3046875 0.923828125 0.2900390625 0.9306640625 0.24609375 0.923828125 0.2353515625 0.9228515625 0.19140625 0.8994140625 0.189453125 0.8798828125 0.169921875 0.8466796875 0.169921875 0.8271484375 0.1796875 0.806640625 0.2021484375 0.80078125 0.2275390625 0.802734375 0.2841796875 0.8134765625 0.296875 0.8408203125 0.310546875 0.9033203125 0.3046875
3 0.81640625 0.5537109375 0.8154296875 0.533203125 0.8017578125 0.505859375 0.7822265625 0.49609375 0.7470703125 0.4921875 0.72265625 0.5126953125 0.712890625 0.5302734375 0.712890625 0.5458984375 0.73046875 0.5615234375 0.732421875 0.5712890625 0.7509765625 0.583984375 0.7841796875 0.587890625 0.80859375 0.5732421875 0.81640625 0.5537109375
3 0.6513671875 0.82421875 0.705078125 0.7822265625 0.720703125 0.7431640625 0.7216796875 0.712890625 0.71484375 0.6787109375 0.689453125 0.6357421875 0.6630859375 0.61328125 0.6162109375 0.59765625 0.5810546875 0.6015625 0.5283203125 0.6328125 0.5078125 0.6572265625 0.501953125 0.6748046875 0.50390625 0.7080078125 0.513671875 0.7373046875 0.6123046875 0.826171875 0.6513671875 0.82421875
3 0.4560546875 0.943359375 0.5029296875 0.947265625 0.5400390625 0.93359375 0.5625 0.9111328125 0.580078125 0.8583984375 0.5791015625 0.84375 0.5703125 0.8134765625 0.5380859375 0.787109375 0.5205078125 0.763671875 0.5048828125 0.755859375 0.4619140625 0.751953125 0.4169921875 0.779296875 0.388671875 0.8076171875 0.37890625 0.8291015625 0.376953125 0.8544921875 0.388671875 0.8955078125 0.4111328125 0.923828125 0.4560546875 0.943359375
3 0.6875 0.8876953125 0.6708984375 0.873046875 0.6220703125 0.875 0.599609375 0.9013671875 0.595703125 0.9462890625 0.6083984375 0.9609375 0.6279296875 0.970703125 0.6611328125 0.96484375 0.6875 0.9404296875 0.693359375 0.9267578125 0.6923828125 0.904296875 0.6875 0.8876953125
3 0.12890625 0.1103515625 0.1474609375 0.1328125 0.1650390625 0.134765625 0.185546875 0.1220703125 0.1904296875 0.09375 0.1787109375 0.076171875 0.1533203125 0.068359375 0.13671875 0.0810546875 0.12890625 0.1103515625
3 0.162109375 0.6337890625 0.1611328125 0.60546875 0.138671875 0.5498046875 0.1064453125 0.52734375 0.0673828125 0.529296875 0.0419921875 0.5390625 0.01953125 0.5634765625 0.009765625 0.5966796875 0.017578125 0.6396484375 0.0439453125 0.6640625 0.1083984375 0.685546875 0.1318359375 0.6796875 0.150390625 0.6611328125 0.162109375 0.6337890625
3 0.0771484375 0.69140625 0.0400390625 0.689453125 0.021484375 0.7158203125 0.025390625 0.7705078125 0.0595703125 0.791015625 0.0869140625 0.7890625 0.1083984375 0.775390625 0.12109375 0.7607421875 0.1220703125 0.7421875 0.111328125 0.7177734375 0.0771484375 0.69140625
3 0.3291015625 1 0.3291015625 0.984375 0.3203125 0.9423828125 0.294921875 0.8955078125 0.2724609375 0.875 0.2255859375 0.849609375 0.2041015625 0.84375 0.1572265625 0.845703125 0.1337890625 0.857421875 0.1171875 0.8740234375 0.1015625 0.9052734375 0.1015625 0.9482421875 0.1240234375 1 0.3291015625 1
3 0.3212890625 0.806640625 0.3583984375 0.8046875 0.4267578125 0.7578125 0.447265625 0.7294921875 0.4501953125 0.68359375 0.4375 0.6474609375 0.4013671875 0.60546875 0.3583984375 0.59375 0.3173828125 0.59765625 0.3076171875 0.609375 0.2626953125 0.626953125 0.24609375 0.6435546875 0.236328125 0.6708984375 0.2421875 0.7080078125 0.275390625 0.7705078125 0.2958984375 0.79296875 0.3212890625 0.806640625
3 0.0009765625 0 0 0.0810546875 0.0419921875 0.08203125 0.0849609375 0.072265625 0.1171875 0.0361328125 0.1201171875 0 0.0009765625 0
3 0.1435546875 0 0.142578125 0.0048828125 0.1669921875 0.03125 0.2060546875 0.037109375 0.2333984375 0.025390625 0.2529296875 0 0.1435546875 0