3 0.8095703125 0.25390625 0.7822265625 0.267578125 0.76953125 0.2841796875 0.76171875 0.3017578125 0.7626953125 0.337890625 0.7734375 0.3779296875 0.7958984375 0.400390625 0.8154296875 0.40234375 0.8486328125 0.396484375 0.8740234375 0.37890625 0.892578125 0.3330078125 0.876953125 0.2939453125 0.8505859375 0.265625 0.8310546875 0.25390625 0.8095703125 0.25390625
3 0.58984375 0.1572265625 0.5654296875 0.12890625 0.5361328125 0.11328125 0.5107421875 0.1171875 0.48046875 0.1396484375 0.462890625 0.1669921875 0.4599609375 0.19140625 0.4609375 0.2099609375 0.474609375 0.2373046875 0.4912109375 0.25390625 0.5185546875 0.265625 0.5458984375 0.265625 0.5673828125 0.2578125 0.5859375 0.2431640625 0.595703125 0.2236328125 0.59765625 0.1923828125 0.58984375 0.1572265625
3 0.3916015625 0 0.3896484375 0.015625 0.3984375 0.0556640625 0.4404296875 0.0859375 0.4677734375 0.08984375 0.494140625 0.0615234375 0.49609375 0.0224609375 0.4833984375 0 0.3916015625 0
3 0.3046875 0.4111328125 0.2998046875 0.439453125 0.3212890625 0.48046875 0.3486328125 0.486328125 0.42578125 0.4306640625 0.4296875 0.3994140625 0.419921875 0.3662109375 0.3837890625 0.341796875 0.3603515625 0.341796875 0.33203125 0.3662109375 0.328125 0.3818359375 0.3046875 0.4111328125
3 0.1669921875 0.341796875 0.1298828125 0.318359375 0.126953125 0.3251953125 0.142578125 0.3505859375 0.150390625 0.3779296875 0.123046875 0.4130859375 0.1220703125 0.427734375 0.1328125 0.4482421875 0.1591796875 0.470703125 0.1962890625 0.474609375 0.216796875 0.4638671875 0.228515625 0.4326171875 0.21875 0.3896484375 0.2080078125 0.384765625 0.1943359375 0.365234375 0.1767578125 0.361328125 0.1669921875 0.341796875
3 0.0322265625 0.708984375 0.048828125 0.6923828125 0.060546875 0.6591796875 0.060546875 0.6396484375 0.048828125 0.6064453125 0.0341796875 0.58984375 0.0146484375 0.58203125 0 0.5849609375 0.0009765625 0.705078125 0.0322265625 0.708984375
3 0.3544921875 0.51953125 0.361328125 0.5478515625 0.3701171875 0.556640625 0.4033203125 0.56640625 0.4384765625 0.560546875 0.453125 0.5322265625 0.447265625 0.4853515625 0.4208984375 0.466796875 0.3759765625 0.4765625 0.357421875 0.4951171875 0.3544921875 0.51953125
3 0.3896484375 0.666015625 0.37890625 0.6748046875 0.369140625 0.6923828125 0.3701171875 0.712890625 0.3818359375 0.736328125 0.4208984375 0.755859375 0.4482421875 0.78125 0.4697265625 0.7890625 0.494140625 0.7802734375 0.513671875 0.7373046875 0.509765625 0.7177734375 0.4951171875 0.693359375 0.4189453125 0.662109375 0.3896484375 0.666015625
3 0.7802734375 0 0.767578125 0.0205078125 0.7646484375 0.052734375 0.8251953125 0.08203125 0.8359375 0.0732421875 0.857421875 0.0302734375 0.8330078125 0 0.7802734375 0
3 0.8291015625 0.880859375 0.7900390625 0.873046875 0.7734375 0.8876953125 0.7705078125 0.904296875 0.8134765625 0.94921875 0.8798828125 0.947265625 0.9033203125 0.95703125 0.9208984375 0.95703125 0.9697265625 0.947265625 0.98828125 0.9287109375 0.9697265625 0.904296875 0.9541015625 0.896484375 0.8837890625 0.880859375 0.8291015625 0.880859375
3 0.2919921875 0.884765625 0.2666015625 0.88671875 0.24609375 0.9150390625 0.2412109375 0.935546875 0.2626953125 0.966796875 0.2900390625 0.97265625 0.3134765625 0.9921875 0.322265625 0.9638671875 0.33984375 0.9462890625 0.326171875 0.9326171875 0.32421875 0.9111328125 0.3095703125 0.90625 0.302734375 0.8896484375 0.2919921875 0.884765625