3 0 0.3818359375 0.0234375 0.3818359375 0.0556640625 0.37109375 0.0810546875 0.3515625 0.095703125 0.3330078125 0.109375 0.2958984375 0.109375 0.2626953125 0.09765625 0.2314453125 0.0712890625 0.203125 0.0302734375 0.189453125 0 0.1943359375 0 0.3818359375
3 0.1162109375 0.501953125 0.0869140625 0.517578125 0.0703125 0.5322265625 0.052734375 0.5751953125 0.060546875 0.6279296875 0.0908203125 0.650390625 0.123046875 0.6513671875 0.1552734375 0.638671875 0.189453125 0.6044921875 0.1953125 0.5908203125 0.1953125 0.5478515625 0.1875 0.5302734375 0.1728515625 0.515625 0.1455078125 0.501953125 0.1162109375 0.501953125
3 0.4951171875 0.67578125 0.4619140625 0.69921875 0.423828125 0.7431640625 0.416015625 0.7783203125 0.423828125 0.7958984375 0.4560546875 0.822265625 0.4814453125 0.830078125 0.517578125 0.8291015625 0.5419921875 0.8125 0.5546875 0.7958984375 0.568359375 0.7646484375 0.568359375 0.7373046875 0.55859375 0.7060546875 0.5439453125 0.689453125 0.5244140625 0.6796875 0.4951171875 0.67578125
3 0.037109375 0.6044921875 0.03515625 0.5732421875 0.0126953125 0.552734375 0 0.5537109375 0.00390625 0.6533203125 0.02734375 0.6337890625 0.037109375 0.6044921875
3 0.373046875 0.5029296875 0.376953125 0.5419921875 0.3916015625 0.5546875 0.41796875 0.5576171875 0.4306640625 0.5546875 0.453125 0.5322265625 0.466796875 0.5048828125 0.46484375 0.4658203125 0.4482421875 0.44921875 0.4150390625 0.44921875 0.37890625 0.4755859375 0.373046875 0.5029296875
3 0.654296875 0.9736328125 0.6572265625 1 0.830078125 0.9990234375 0.828125 0.9169921875 0.8193359375 0.90625 0.7822265625 0.888671875 0.7470703125 0.876953125 0.7119140625 0.880859375 0.6787109375 0.904296875 0.666015625 0.9228515625 0.654296875 0.9736328125
3 0.78125 0.8486328125 0.79296875 0.8740234375 0.8359375 0.9091796875 0.837890625 0.9541015625 0.853515625 0.9853515625 0.8740234375 0.99609375 0.9140625 0.9951171875 0.9443359375 0.982421875 1 0.9306640625 0.9990234375 0.671875 0.9365234375 0.689453125 0.8486328125 0.75 0.802734375 0.7900390625 0.78125 0.8330078125 0.78125 0.8486328125
3 0.76953125 0.1259765625 0.7734375 0.1396484375 0.7900390625 0.158203125 0.814453125 0.1630859375 0.8310546875 0.158203125 0.84765625 0.1396484375 0.8515625 0.1142578125 0.845703125 0.1005859375 0.8310546875 0.08984375 0.7958984375 0.087890625 0.77734375 0.1025390625 0.76953125 0.1259765625
3 0.939453125 0.1240234375 0.9638671875 0.140625 0.974609375 0.1396484375 1 0.1201171875 0.9990234375 0.046875 0.9716796875 0.044921875 0.9541015625 0.0546875 0.9375 0.0732421875 0.9296875 0.0927734375 0.9296875 0.1103515625 0.939453125 0.1240234375
3 0.93359375 0.2080078125 0.94921875 0.1962890625 0.947265625 0.1669921875 0.9169921875 0.162109375 0.9033203125 0.16796875 0.89453125 0.1845703125 0.896484375 0.1962890625 0.9111328125 0.208984375 0.93359375 0.2080078125
3 0.48828125 0.1396484375 0.505859375 0.1259765625 0.509765625 0.1005859375 0.4990234375 0.091796875 0.4677734375 0.09375 0.458984375 0.1044921875 0.45703125 0.1220703125 0.4677734375 0.13671875 0.48828125 0.1396484375
3 0.64453125 0.4775390625 0.6630859375 0.498046875 0.677734375 0.4990234375 0.7080078125 0.48046875 0.7265625 0.4541015625 0.7265625 0.4267578125 0.7021484375 0.404296875 0.6708984375 0.40625 0.6494140625 0.419921875 0.638671875 0.4365234375 0.64453125 0.4775390625
3 0.638671875 0.9990234375 0.638671875 0.9423828125 0.6142578125 0.923828125 0.5888671875 0.919921875 0.5673828125 0.919921875 0.5244140625 0.9375 0.4755859375 0.974609375 0.458984375 0.9990234375 0.638671875 0.9990234375