3 0.3583984375 0.248046875 0.3330078125 0.23828125 0.2978515625 0.2421875 0.2275390625 0.279296875 0.2109375 0.2939453125 0.1953125 0.3212890625 0.197265625 0.3623046875 0.2421875 0.4267578125 0.2685546875 0.447265625 0.310546875 0.4521484375 0.3525390625 0.439453125 0.3876953125 0.41015625 0.400390625 0.3955078125 0.40625 0.3681640625 0.404296875 0.3232421875 0.392578125 0.3095703125 0.375 0.2646484375 0.3583984375 0.248046875
3 0.1591796875 0.376953125 0.0927734375 0.396484375 0.07421875 0.4189453125 0.0546875 0.4775390625 0.05859375 0.5224609375 0.07421875 0.5498046875 0.0947265625 0.56640625 0.154296875 0.5810546875 0.1904296875 0.5703125 0.2109375 0.5439453125 0.236328125 0.5244140625 0.25 0.4814453125 0.25 0.4638671875 0.22265625 0.4189453125 0.1923828125 0.388671875 0.1591796875 0.376953125
3 0.095703125 0.6943359375 0.126953125 0.6767578125 0.12890625 0.6279296875 0.1005859375 0.6015625 0.0556640625 0.59765625 0.033203125 0.6240234375 0.033203125 0.6552734375 0.0615234375 0.689453125 0.095703125 0.6943359375
3 0.3251953125 0.50390625 0.2666015625 0.513671875 0.17578125 0.6123046875 0.177734375 0.6533203125 0.1953125 0.6826171875 0.2197265625 0.70703125 0.2626953125 0.72265625 0.294921875 0.7216796875 0.3271484375 0.71484375 0.3603515625 0.6953125 0.38671875 0.6669921875 0.40234375 0.6240234375 0.40234375 0.5908203125 0.376953125 0.5419921875 0.3486328125 0.51171875 0.3251953125 0.50390625
3 0.42578125 0.7392578125 0.4140625 0.7607421875 0.4140625 0.7861328125 0.42578125 0.8076171875 0.4609375 0.8173828125 0.4873046875 0.810546875 0.50390625 0.7880859375 0.5078125 0.7724609375 0.5078125 0.7431640625 0.4716796875 0.71484375 0.4501953125 0.716796875 0.4404296875 0.732421875 0.42578125 0.7392578125
3 0.06640625 0.9794921875 0.05859375 0.9443359375 0.0302734375 0.9296875 0.0107421875 0.9375 0.001953125 0.9482421875 0.001953125 0.9990234375 0.056640625 0.9990234375 0.06640625 0.9794921875
3 0.7802734375 0.802734375 0.7236328125 0.802734375 0.70703125 0.8134765625 0.693359375 0.8349609375 0.689453125 0.8623046875 0.6953125 0.8974609375 0.7080078125 0.923828125 0.75390625 0.9326171875 0.7666015625 0.923828125 0.810546875 0.9228515625 0.8125 0.9013671875 0.83203125 0.8779296875 0.83203125 0.8505859375 0.81640625 0.8212890625 0.7998046875 0.80859375 0.7802734375 0.802734375
3 0.7998046875 0.556640625 0.771484375 0.5908203125 0.76171875 0.6279296875 0.767578125 0.6708984375 0.78125 0.6943359375 0.7998046875 0.7109375 0.8193359375 0.71875 0.873046875 0.7236328125 0.919921875 0.6943359375 0.939453125 0.6474609375 0.93359375 0.6123046875 0.923828125 0.5908203125 0.8916015625 0.56640625 0.8544921875 0.55078125 0.8115234375 0.55078125 0.7998046875 0.556640625
3 1 0.3701171875 0.9755859375 0.341796875 0.9228515625 0.302734375 0.9091796875 0.296875 0.8623046875 0.296875 0.8330078125 0.30859375 0.814453125 0.3271484375 0.80078125 0.3701171875 0.80078125 0.4013671875 0.8125 0.4365234375 0.83984375 0.4833984375 0.8876953125 0.51953125 0.916015625 0.5205078125 1 0.4736328125 1 0.3701171875
3 0.5205078125 0.314453125 0.560546875 0.3212890625 0.5732421875 0.318359375 0.587890625 0.3037109375 0.587890625 0.2861328125 0.5693359375 0.2421875 0.5302734375 0.26171875 0.515625 0.2861328125 0.515625 0.3095703125 0.5205078125 0.314453125
3 0.3701171875 0.015625 0.341796875 0.0400390625 0.330078125 0.0576171875 0.31640625 0.1103515625 0.32421875 0.1357421875 0.3388671875 0.150390625 0.3681640625 0.1640625 0.39453125 0.1630859375 0.4267578125 0.154296875 0.4541015625 0.138671875 0.474609375 0.1064453125 0.47265625 0.0732421875 0.462890625 0.0439453125 0.4404296875 0.0234375 0.4091796875 0.013671875 0.3701171875 0.015625
3 0.212890625 0.0537109375 0.212890625 0.0888671875 0.2373046875 0.119140625 0.265625 0.1220703125 0.2861328125 0.111328125 0.3046875 0.0888671875 0.314453125 0.0498046875 0.3076171875 0.037109375 0.2861328125 0.0234375 0.2353515625 0.025390625 0.224609375 0.0322265625 0.212890625 0.0537109375
3 0.0986328125 0.103515625 0.0439453125 0.10546875 0.0068359375 0.12109375 0.001953125 0.1298828125 0.001953125 0.3251953125 0.0048828125 0.330078125 0.03125 0.3291015625 0.0693359375 0.318359375 0.1103515625 0.29296875 0.13671875 0.2587890625 0.158203125 0.2080078125 0.158203125 0.1650390625 0.146484375 0.1396484375 0.1337890625 0.123046875 0.0986328125 0.103515625
3 1 0.0029296875 0.9208984375 0.00390625 0.919921875 0.0498046875 0.931640625 0.0908203125 0.9697265625 0.12109375 1 0.1201171875 1 0.0029296875
3 0.96484375 0.2099609375 0.9765625 0.2353515625 1 0.2529296875 0.9970703125 0.14453125 0.96875 0.1728515625 0.96484375 0.2099609375