3 0.4326171875 0.953125 0.4169921875 0.9609375 0.40234375 0.9833984375 0.4033203125 1 0.533203125 0.9990234375 0.5087890625 0.96484375 0.4755859375 0.951171875 0.4326171875 0.953125
3 1 0.4267578125 0.9755859375 0.40625 0.9326171875 0.4140625 0.91796875 0.4384765625 0.91796875 0.4697265625 0.9296875 0.4951171875 0.9482421875 0.5078125 0.966796875 0.5087890625 1 0.5029296875 1 0.4267578125
3 0.69140625 0.3525390625 0.705078125 0.3798828125 0.7236328125 0.396484375 0.765625 0.4033203125 0.7939453125 0.388671875 0.80859375 0.3681640625 0.8125 0.3427734375 0.8046875 0.3037109375 0.7548828125 0.2734375 0.7294921875 0.265625 0.7099609375 0.267578125 0.69921875 0.2744140625 0.69140625 0.2978515625 0.69140625 0.3525390625
3 0.62890625 0.4697265625 0.6572265625 0.453125 0.66796875 0.4365234375 0.662109375 0.3759765625 0.6357421875 0.3515625 0.5986328125 0.3671875 0.587890625 0.3798828125 0.580078125 0.4072265625 0.583984375 0.4423828125 0.6142578125 0.470703125 0.62890625 0.4697265625
3 0.767578125 0.4833984375 0.7529296875 0.462890625 0.7255859375 0.458984375 0.708984375 0.4697265625 0.705078125 0.4970703125 0.7138671875 0.515625 0.744140625 0.5263671875 0.763671875 0.5185546875 0.767578125 0.4833984375
3 0.572265625 0.6318359375 0.55859375 0.5966796875 0.5146484375 0.580078125 0.505859375 0.5947265625 0.51171875 0.6279296875 0.5361328125 0.654296875 0.5546875 0.6552734375 0.564453125 0.6513671875 0.572265625 0.6318359375
3 0.318359375 0.4931640625 0.318359375 0.5224609375 0.33203125 0.5361328125 0.3505859375 0.572265625 0.3759765625 0.578125 0.3837890625 0.58984375 0.3984375 0.5888671875 0.423828125 0.5791015625 0.427734375 0.5634765625 0.44140625 0.5478515625 0.443359375 0.5244140625 0.4091796875 0.478515625 0.3896484375 0.462890625 0.3642578125 0.455078125 0.3486328125 0.4609375 0.32421875 0.4833984375 0.318359375 0.4931640625
3 0.16796875 0.2802734375 0.17578125 0.2412109375 0.1572265625 0.208984375 0.1376953125 0.19921875 0.1123046875 0.197265625 0.087890625 0.2158203125 0.07421875 0.2666015625 0.0927734375 0.294921875 0.1328125 0.3134765625 0.16796875 0.2802734375
3 0.283203125 0.2412109375 0.2890625 0.2255859375 0.287109375 0.1982421875 0.2685546875 0.173828125 0.2333984375 0.173828125 0.224609375 0.1845703125 0.21875 0.2138671875 0.2392578125 0.244140625 0.271484375 0.2509765625 0.283203125 0.2412109375
3 0.1015625 0.3994140625 0.1181640625 0.400390625 0.1513671875 0.44140625 0.1689453125 0.443359375 0.1884765625 0.435546875 0.201171875 0.4443359375 0.212890625 0.4326171875 0.21875 0.3994140625 0.208984375 0.3623046875 0.1689453125 0.333984375 0.1455078125 0.333984375 0.1396484375 0.328125 0.1220703125 0.33203125 0.123046875 0.3427734375 0.099609375 0.3564453125 0.1015625 0.3994140625
3 0.177734375 0.7138671875 0.19140625 0.6962890625 0.189453125 0.6767578125 0.197265625 0.6416015625 0.1826171875 0.623046875 0.1455078125 0.599609375 0.1220703125 0.61328125 0.11328125 0.6259765625 0.123046875 0.6904296875 0.1474609375 0.71484375 0.177734375 0.7138671875
3 0.556640625 0.2216796875 0.54296875 0.1728515625 0.5283203125 0.16015625 0.490234375 0.1943359375 0.4765625 0.2373046875 0.5009765625 0.26171875 0.537109375 0.2646484375 0.55078125 0.2568359375 0.556640625 0.2216796875
3 0.486328125 0.3564453125 0.5029296875 0.34375 0.51953125 0.3447265625 0.521484375 0.3251953125 0.509765625 0.2998046875 0.4794921875 0.279296875 0.4482421875 0.28515625 0.439453125 0.3076171875 0.443359375 0.3408203125 0.4638671875 0.35546875 0.486328125 0.3564453125