3 0.478515625 0.1201171875 0.4541015625 0.0859375 0.4267578125 0.0703125 0.3876953125 0.072265625 0.357421875 0.0947265625 0.3486328125 0.12109375 0.35546875 0.1611328125 0.3779296875 0.197265625 0.4033203125 0.203125 0.4560546875 0.203125 0.478515625 0.1728515625 0.478515625 0.1201171875
3 0.5576171875 0.2890625 0.5341796875 0.279296875 0.4951171875 0.279296875 0.4716796875 0.29296875 0.453125 0.3212890625 0.4482421875 0.349609375 0.45703125 0.3974609375 0.4814453125 0.423828125 0.5146484375 0.44140625 0.5517578125 0.44140625 0.5732421875 0.43359375 0.6015625 0.4091796875 0.611328125 0.3916015625 0.611328125 0.3564453125 0.59375 0.3251953125 0.5576171875 0.2890625
3 0.6513671875 0.23828125 0.669921875 0.2275390625 0.671875 0.1962890625 0.6552734375 0.17578125 0.6474609375 0.173828125 0.6162109375 0.19140625 0.615234375 0.2197265625 0.6240234375 0.23046875 0.6513671875 0.23828125
3 0.6943359375 0.529296875 0.708984375 0.5185546875 0.71484375 0.4833984375 0.6962890625 0.462890625 0.6748046875 0.4609375 0.6552734375 0.478515625 0.654296875 0.4990234375 0.6689453125 0.525390625 0.6943359375 0.529296875
3 0.654296875 0.5498046875 0.6484375 0.5146484375 0.6259765625 0.490234375 0.5419921875 0.5 0.517578125 0.5224609375 0.5048828125 0.5703125 0.5078125 0.5986328125 0.5244140625 0.625 0.5869140625 0.6484375 0.6220703125 0.646484375 0.642578125 0.6142578125 0.63671875 0.5830078125 0.654296875 0.5498046875
3 0.9208984375 0.134765625 0.8994140625 0.123046875 0.8642578125 0.115234375 0.8427734375 0.12109375 0.81640625 0.1572265625 0.8056640625 0.201171875 0.810546875 0.2548828125 0.8466796875 0.29296875 0.8876953125 0.310546875 0.9111328125 0.310546875 0.9365234375 0.302734375 0.95703125 0.2802734375 0.962890625 0.2509765625 0.955078125 0.1806640625 0.943359375 0.1572265625 0.9208984375 0.134765625
3 0.0908203125 0.228515625 0.119140625 0.2099609375 0.1171875 0.1728515625 0.0888671875 0.138671875 0.0615234375 0.138671875 0.0439453125 0.171875 0.0498046875 0.216796875 0.0908203125 0.228515625
3 0.1357421875 0 0.138671875 0.0166015625 0.1494140625 0.029296875 0.1708984375 0.041015625 0.2021484375 0.046875 0.2275390625 0.046875 0.2470703125 0.037109375 0.26953125 0.0048828125 0.2685546875 0 0.1357421875 0
3 0.134765625 0.5947265625 0.0986328125 0.556640625 0.0654296875 0.55078125 0.01171875 0.5986328125 0.013671875 0.6259765625 0.0009765625 0.634765625 0.00390625 0.6787109375 0.0224609375 0.701171875 0.0634765625 0.712890625 0.0869140625 0.701171875 0.130859375 0.6513671875 0.134765625 0.5947265625
3 0.0009765625 0.564453125 0.0234375 0.5419921875 0.041015625 0.5126953125 0.044921875 0.4658203125 0.029296875 0.4248046875 0.0009765625 0.380859375 0.0009765625 0.564453125
3 0.2333984375 0.84765625 0.25390625 0.8291015625 0.251953125 0.7978515625 0.2216796875 0.775390625 0.1923828125 0.78125 0.1767578125 0.8046875 0.1796875 0.8251953125 0.2021484375 0.849609375 0.2333984375 0.84765625
3 0.1591796875 0.857421875 0.1416015625 0.845703125 0.1220703125 0.837890625 0.0888671875 0.8359375 0.0244140625 0.849609375 0.0009765625 0.86328125 0.0009765625 1 0.25390625 0.9990234375 0.212890625 0.9169921875 0.1591796875 0.857421875
3 0.76171875 0.8408203125 0.7490234375 0.8203125 0.7333984375 0.806640625 0.7255859375 0.806640625 0.708984375 0.8193359375 0.6962890625 0.853515625 0.697265625 0.8759765625 0.7138671875 0.888671875 0.7314453125 0.890625 0.7578125 0.8720703125 0.76171875 0.8408203125
3 0.6484375 0.7353515625 0.6279296875 0.720703125 0.5849609375 0.720703125 0.5576171875 0.734375 0.55078125 0.7431640625 0.5439453125 0.791015625 0.5478515625 0.818359375 0.5966796875 0.853515625 0.6181640625 0.8515625 0.6259765625 0.857421875 0.6357421875 0.85546875 0.69140625 0.7998046875 0.669921875 0.7783203125 0.6484375 0.7353515625
3 0.8505859375 0.697265625 0.86328125 0.6865234375 0.873046875 0.6533203125 0.8349609375 0.607421875 0.810546875 0.6220703125 0.8056640625 0.642578125 0.806640625 0.6748046875 0.8193359375 0.693359375 0.8505859375 0.697265625
3 0.998046875 0.6455078125 0.9931640625 0.626953125 0.9580078125 0.62109375 0.9169921875 0.634765625 0.904296875 0.6494140625 0.8916015625 0.6953125 0.904296875 0.7451171875 0.9365234375 0.78125 0.9580078125 0.791015625 0.99609375 0.7900390625 0.998046875 0.6455078125
3 0.9453125 0.9990234375 0.935546875 0.9736328125 0.8994140625 0.94921875 0.8544921875 0.951171875 0.8193359375 0.962890625 0.7978515625 0.99609375 0.9453125 0.9990234375