3 0.7099609375 0.697265625 0.7333984375 0.7265625 0.7783203125 0.755859375 0.7978515625 0.763671875 0.8173828125 0.76171875 0.83203125 0.7392578125 0.8359375 0.6630859375 0.828125 0.6474609375 0.8056640625 0.62890625 0.7880859375 0.62109375 0.7568359375 0.623046875 0.7353515625 0.63671875 0.72265625 0.6533203125 0.7099609375 0.697265625
3 0.5771484375 0.65625 0.580078125 0.6787109375 0.5908203125 0.689453125 0.6748046875 0.697265625 0.701171875 0.6767578125 0.7109375 0.6455078125 0.7109375 0.6220703125 0.6962890625 0.59765625 0.6494140625 0.58203125 0.6240234375 0.583984375 0.58203125 0.6162109375 0.576171875 0.6298828125 0.5771484375 0.65625
3 0.1611328125 0.314453125 0.1865234375 0.3515625 0.2568359375 0.353515625 0.2822265625 0.345703125 0.30859375 0.3232421875 0.306640625 0.2724609375 0.2724609375 0.236328125 0.2138671875 0.232421875 0.169921875 0.2568359375 0.16015625 0.2880859375 0.1611328125 0.314453125
3 0.0009765625 0.337890625 0.0224609375 0.34765625 0.0673828125 0.349609375 0.0830078125 0.34375 0.107421875 0.3173828125 0.119140625 0.2880859375 0.119140625 0.2470703125 0.11328125 0.2294921875 0.0791015625 0.19921875 0.0576171875 0.19140625 0.0185546875 0.19140625 0 0.1982421875 0.0009765625 0.337890625
3 0.6416015625 0.13671875 0.6484375 0.1533203125 0.6650390625 0.166015625 0.6884765625 0.17578125 0.7119140625 0.17578125 0.7255859375 0.171875 0.74609375 0.1513671875 0.751953125 0.1181640625 0.7294921875 0.076171875 0.7080078125 0.06640625 0.6865234375 0.06640625 0.6484375 0.0986328125 0.6416015625 0.13671875
3 0.4736328125 0.01171875 0.4931640625 0.041015625 0.5302734375 0.056640625 0.6201171875 0.064453125 0.6611328125 0.041015625 0.677734375 0.0244140625 0.6875 0.0009765625 0.4736328125 0 0.4736328125 0.01171875
3 0.7548828125 0 0.7431640625 0.03515625 0.775390625 0.1083984375 0.7880859375 0.12109375 0.8173828125 0.125 0.8525390625 0.142578125 0.8818359375 0.1328125 0.900390625 0.1044921875 0.912109375 0.0400390625 0.908203125 0.0166015625 0.8955078125 0 0.7548828125 0
3 0.8369140625 0.802734375 0.861328125 0.8505859375 0.8916015625 0.876953125 0.9306640625 0.8984375 1 0.9189453125 0.9970703125 0.607421875 0.9482421875 0.60546875 0.9267578125 0.611328125 0.8857421875 0.62890625 0.857421875 0.6513671875 0.857421875 0.6728515625 0.83984375 0.7275390625 0.8369140625 0.802734375
3 0.5087890625 0.4921875 0.5146484375 0.505859375 0.5927734375 0.55078125 0.6220703125 0.546875 0.640625 0.5283203125 0.640625 0.4794921875 0.5947265625 0.4453125 0.5595703125 0.44140625 0.5263671875 0.453125 0.509765625 0.4775390625 0.5087890625 0.4921875
3 0.2958984375 0.66015625 0.30078125 0.6845703125 0.3125 0.7041015625 0.3310546875 0.71875 0.3603515625 0.724609375 0.3857421875 0.71875 0.40625 0.7021484375 0.421875 0.6767578125 0.427734375 0.6455078125 0.3955078125 0.6015625 0.3603515625 0.580078125 0.3447265625 0.580078125 0.3193359375 0.5859375 0.30859375 0.5947265625 0.296875 0.6220703125 0.2958984375 0.66015625
3 0.4169921875 0.5078125 0.4228515625 0.517578125 0.4443359375 0.51953125 0.4677734375 0.517578125 0.4892578125 0.5078125 0.498046875 0.4892578125 0.494140625 0.4560546875 0.4658203125 0.443359375 0.4462890625 0.443359375 0.4326171875 0.451171875 0.416015625 0.4697265625 0.4169921875 0.5078125
3 0.0166015625 0.74609375 0.0224609375 0.759765625 0.0634765625 0.76171875 0.0908203125 0.7734375 0.1064453125 0.767578125 0.1123046875 0.7734375 0.1181640625 0.765625 0.1357421875 0.76171875 0.1630859375 0.765625 0.2158203125 0.73046875 0.251953125 0.6884765625 0.26171875 0.6513671875 0.259765625 0.6259765625 0.234375 0.5888671875 0.2265625 0.5615234375 0.1865234375 0.52734375 0.1298828125 0.5078125 0.0849609375 0.515625 0.0537109375 0.53125 0.025390625 0.5595703125 0.017578125 0.5791015625 0.021484375 0.6552734375 0.015625 0.6826171875 0.0166015625 0.74609375
3 0.0009765625 0.583984375 0.021484375 0.5341796875 0.01953125 0.4970703125 0.0009765625 0.46875 0.0009765625 0.583984375
3 0.0009765625 0.875 0.0556640625 0.869140625 0.09375 0.8408203125 0.1015625 0.8271484375 0.1015625 0.8076171875 0.0791015625 0.771484375 0.0595703125 0.765625 0 0.7685546875 0.0009765625 0.875
3 0.1083984375 0.943359375 0.1201171875 1 0.4765625 0.9990234375 0.470703125 0.9443359375 0.447265625 0.8974609375 0.42578125 0.8701171875 0.3837890625 0.833984375 0.3193359375 0.80859375 0.2451171875 0.80859375 0.2060546875 0.818359375 0.1708984375 0.8359375 0.134765625 0.8681640625 0.1171875 0.8955078125 0.109375 0.9111328125 0.1083984375 0.943359375
3 0.0009765625 1 0.1015625 0.9970703125 0.087890625 0.9716796875 0.0615234375 0.94921875 0.0322265625 0.939453125 0.0009765625 0.939453125 0.0009765625 1
3 0.4912109375 0.87109375 0.5107421875 0.90625 0.5439453125 0.931640625 0.6044921875 0.9609375 0.6630859375 0.974609375 0.7314453125 0.962890625 0.7451171875 0.955078125 0.796875 0.8974609375 0.806640625 0.8623046875 0.8046875 0.8017578125 0.80078125 0.7919921875 0.7490234375 0.74609375 0.6904296875 0.716796875 0.5732421875 0.716796875 0.5341796875 0.740234375 0.509765625 0.7705078125 0.490234375 0.8408203125 0.4912109375 0.87109375
3 0.9033203125 1 0.923828125 0.9697265625 0.921875 0.9404296875 0.8974609375 0.90625 0.8642578125 0.890625 0.8369140625 0.888671875 0.810546875 0.9072265625 0.78515625 0.9443359375 0.779296875 0.9560546875 0.7802734375 0.982421875 0.7880859375 1 0.9033203125 1