3 0.806640625 0.4560546875 0.806640625 0.3955078125 0.7705078125 0.3671875 0.7275390625 0.35546875 0.6884765625 0.357421875 0.6474609375 0.396484375 0.65234375 0.4130859375 0.68359375 0.4541015625 0.7138671875 0.4765625 0.7685546875 0.4765625 0.806640625 0.4560546875
3 0.8271484375 0.248046875 0.7783203125 0.228515625 0.7548828125 0.23046875 0.734375 0.2490234375 0.716796875 0.2783203125 0.7158203125 0.30078125 0.7255859375 0.322265625 0.7783203125 0.35546875 0.8271484375 0.353515625 0.8515625 0.3349609375 0.85546875 0.3251953125 0.8515625 0.2744140625 0.8271484375 0.248046875
3 0.603515625 0.3759765625 0.6015625 0.3486328125 0.5712890625 0.322265625 0.4931640625 0.32421875 0.462890625 0.3466796875 0.4580078125 0.359375 0.458984375 0.3916015625 0.46875 0.4111328125 0.4912109375 0.431640625 0.5185546875 0.44140625 0.5673828125 0.43359375 0.595703125 0.4013671875 0.603515625 0.3759765625
3 0.3994140625 0.4765625 0.3876953125 0.470703125 0.3525390625 0.470703125 0.33984375 0.4775390625 0.330078125 0.4951171875 0.3193359375 0.537109375 0.318359375 0.5498046875 0.3310546875 0.568359375 0.3544921875 0.58203125 0.3759765625 0.583984375 0.3994140625 0.580078125 0.4248046875 0.56640625 0.43359375 0.5537109375 0.44140625 0.5205078125 0.3994140625 0.4765625
3 0.634765625 0.5986328125 0.6123046875 0.580078125 0.5771484375 0.5625 0.5498046875 0.5625 0.51171875 0.5947265625 0.5029296875 0.619140625 0.5078125 0.6552734375 0.5576171875 0.697265625 0.623046875 0.6884765625 0.634765625 0.6591796875 0.634765625 0.5986328125
3 0.8671875 0.7412109375 0.8466796875 0.71484375 0.8173828125 0.69921875 0.7568359375 0.69921875 0.7265625 0.7216796875 0.7138671875 0.75 0.712890625 0.7744140625 0.732421875 0.8076171875 0.7705078125 0.822265625 0.7978515625 0.830078125 0.8310546875 0.830078125 0.8603515625 0.81640625 0.873046875 0.7978515625 0.875 0.7607421875 0.8671875 0.7412109375
3 0.81640625 0.8642578125 0.7958984375 0.849609375 0.7392578125 0.853515625 0.7158203125 0.86328125 0.69140625 0.8837890625 0.6845703125 0.91015625 0.68359375 0.9287109375 0.69921875 0.9638671875 0.7431640625 0.994140625 0.8017578125 0.98828125 0.83203125 0.9619140625 0.841796875 0.9423828125 0.8359375 0.9052734375 0.81640625 0.8759765625 0.81640625 0.8642578125
3 0.869140625 0.6435546875 0.87109375 0.6259765625 0.861328125 0.5986328125 0.8369140625 0.576171875 0.7958984375 0.572265625 0.7666015625 0.591796875 0.76953125 0.6298828125 0.7998046875 0.66015625 0.8369140625 0.66796875 0.8564453125 0.658203125 0.869140625 0.6435546875
3 0.7958984375 0.560546875 0.81640625 0.5400390625 0.814453125 0.5166015625 0.7998046875 0.49609375 0.7548828125 0.49609375 0.7294921875 0.513671875 0.732421875 0.5419921875 0.7529296875 0.560546875 0.7958984375 0.560546875
3 0.615234375 0.2626953125 0.609375 0.2314453125 0.5908203125 0.21484375 0.5732421875 0.21484375 0.5458984375 0.2265625 0.5283203125 0.2421875 0.53515625 0.2685546875 0.5654296875 0.283203125 0.5966796875 0.28125 0.615234375 0.2626953125
3 0.3662109375 0.310546875 0.384765625 0.2900390625 0.3828125 0.2724609375 0.3544921875 0.24609375 0.3408203125 0.25 0.3154296875 0.275390625 0.31640625 0.2919921875 0.3369140625 0.310546875 0.3662109375 0.310546875
3 0.314453125 0.4833984375 0.306640625 0.4619140625 0.2724609375 0.435546875 0.2158203125 0.44140625 0.19921875 0.4541015625 0.1884765625 0.474609375 0.1875 0.4853515625 0.205078125 0.4892578125 0.2294921875 0.529296875 0.2666015625 0.544921875 0.2841796875 0.546875 0.2939453125 0.541015625 0.3125 0.5126953125 0.314453125 0.4833984375
3 0.158203125 0.8642578125 0.1396484375 0.83984375 0.1044921875 0.822265625 0.0576171875 0.822265625 0.0322265625 0.84765625 0.0126953125 0.85546875 0.01171875 0.8662109375 0.01953125 0.8740234375 0.029296875 0.9091796875 0.0439453125 0.92578125 0.0732421875 0.94140625 0.1220703125 0.9453125 0.15625 0.9072265625 0.158203125 0.8642578125
3 0.1572265625 0.58984375 0.171875 0.5791015625 0.177734375 0.5595703125 0.1552734375 0.525390625 0.1181640625 0.521484375 0.1005859375 0.5390625 0.1015625 0.5693359375 0.1220703125 0.587890625 0.1572265625 0.58984375
3 0.18359375 0.0283203125 0.185546875 0.0166015625 0.1787109375 0.00390625 0.1474609375 0.005859375 0.1142578125 0.029296875 0.0791015625 0.078125 0.0849609375 0.095703125 0.1064453125 0.099609375 0.1240234375 0.12109375 0.1767578125 0.134765625 0.1982421875 0.134765625 0.216796875 0.1162109375 0.23046875 0.0888671875 0.220703125 0.0517578125 0.2099609375 0.0390625 0.18359375 0.0283203125
3 0.0009765625 0 0 0.0517578125 0.0283203125 0.060546875 0.0498046875 0.05859375 0.0712890625 0.044921875 0.08984375 0.0087890625 0.0888671875 0 0.0009765625 0
3 0.3408203125 0 0.33984375 0.0107421875 0.3583984375 0.03125 0.4169921875 0.05078125 0.4267578125 0.06640625 0.4541015625 0.068359375 0.48046875 0.0517578125 0.482421875 0.0380859375 0.470703125 0.0224609375 0.4677734375 0 0.3408203125 0
3 0.984375 0.7001953125 0.9990234375 0.70703125 0.9990234375 0.6171875 0.9853515625 0.6171875 0.9765625 0.6259765625 0.9697265625 0.650390625 0.96875 0.6669921875 0.984375 0.7001953125
3 1 0.3291015625 0.9990234375 0.193359375 0.9599609375 0.17578125 0.9052734375 0.17578125 0.8671875 0.2001953125 0.8564453125 0.224609375 0.857421875 0.2509765625 0.876953125 0.2861328125 0.9150390625 0.32421875 0.9658203125 0.333984375 1 0.3291015625