3 0.1943359375 0.62890625 0.171875 0.6474609375 0.1640625 0.6630859375 0.16796875 0.7392578125 0.1826171875 0.76171875 0.2021484375 0.763671875 0.2216796875 0.755859375 0.2666015625 0.7265625 0.2900390625 0.697265625 0.27734375 0.6533203125 0.2646484375 0.63671875 0.2431640625 0.623046875 0.2119140625 0.62109375 0.1943359375 0.62890625
3 0.3037109375 0.59765625 0.2890625 0.6220703125 0.2890625 0.6455078125 0.298828125 0.6767578125 0.3251953125 0.697265625 0.4091796875 0.689453125 0.419921875 0.6787109375 0.4228515625 0.65625 0.423828125 0.6298828125 0.41796875 0.6162109375 0.3759765625 0.583984375 0.3505859375 0.58203125 0.3037109375 0.59765625
3 0.693359375 0.2724609375 0.69140625 0.3232421875 0.7177734375 0.345703125 0.7431640625 0.353515625 0.8134765625 0.3515625 0.8388671875 0.314453125 0.83984375 0.2880859375 0.830078125 0.2568359375 0.7861328125 0.232421875 0.7275390625 0.236328125 0.693359375 0.2724609375
3 0.88671875 0.2294921875 0.880859375 0.2470703125 0.880859375 0.2880859375 0.892578125 0.3173828125 0.9169921875 0.34375 0.9326171875 0.349609375 0.9775390625 0.34765625 0.9990234375 0.337890625 1 0.1982421875 0.9814453125 0.19140625 0.9423828125 0.19140625 0.9208984375 0.19921875 0.88671875 0.2294921875
3 0.248046875 0.1181640625 0.25390625 0.1513671875 0.2744140625 0.171875 0.2880859375 0.17578125 0.3115234375 0.17578125 0.3349609375 0.166015625 0.3515625 0.1533203125 0.3583984375 0.13671875 0.3515625 0.0986328125 0.3134765625 0.06640625 0.2919921875 0.06640625 0.2705078125 0.076171875 0.248046875 0.1181640625
3 0.3798828125 0.064453125 0.4697265625 0.056640625 0.5068359375 0.041015625 0.5263671875 0.01171875 0.5263671875 0 0.3125 0.0009765625 0.322265625 0.0244140625 0.3388671875 0.041015625 0.3798828125 0.064453125
3 0.1044921875 0 0.091796875 0.0166015625 0.087890625 0.0400390625 0.099609375 0.1044921875 0.1181640625 0.1328125 0.1474609375 0.142578125 0.1826171875 0.125 0.2119140625 0.12109375 0.224609375 0.1083984375 0.2568359375 0.03515625 0.2451171875 0 0.1044921875 0
3 0.0732421875 0.611328125 0.0517578125 0.60546875 0.0029296875 0.607421875 0 0.9189453125 0.0693359375 0.8984375 0.1083984375 0.876953125 0.138671875 0.8505859375 0.1630859375 0.802734375 0.16015625 0.7275390625 0.142578125 0.6728515625 0.142578125 0.6513671875 0.1142578125 0.62890625 0.0732421875 0.611328125
3 0.359375 0.4794921875 0.359375 0.5283203125 0.3779296875 0.546875 0.4072265625 0.55078125 0.4853515625 0.505859375 0.4912109375 0.4921875 0.490234375 0.4775390625 0.4736328125 0.453125 0.4404296875 0.44140625 0.4052734375 0.4453125 0.359375 0.4794921875
3 0.6396484375 0.580078125 0.6044921875 0.6015625 0.572265625 0.6455078125 0.578125 0.6767578125 0.59375 0.7021484375 0.6142578125 0.71875 0.6396484375 0.724609375 0.6689453125 0.71875 0.6875 0.7041015625 0.69921875 0.6845703125 0.7041015625 0.66015625 0.703125 0.6220703125 0.69140625 0.5947265625 0.6806640625 0.5859375 0.6552734375 0.580078125 0.6396484375 0.580078125
3 0.505859375 0.4560546875 0.501953125 0.4892578125 0.5107421875 0.5078125 0.5322265625 0.517578125 0.5556640625 0.51953125 0.5771484375 0.517578125 0.5830078125 0.5078125 0.583984375 0.4697265625 0.5673828125 0.451171875 0.5537109375 0.443359375 0.5341796875 0.443359375 0.505859375 0.4560546875
3 0.9462890625 0.53125 0.9150390625 0.515625 0.8701171875 0.5078125 0.8134765625 0.52734375 0.7734375 0.5615234375 0.765625 0.5888671875 0.740234375 0.6259765625 0.73828125 0.6513671875 0.748046875 0.6884765625 0.7841796875 0.73046875 0.8369140625 0.765625 0.8642578125 0.76171875 0.8818359375 0.765625 0.8876953125 0.7734375 0.8935546875 0.767578125 0.9091796875 0.7734375 0.9365234375 0.76171875 0.9775390625 0.759765625 0.9833984375 0.74609375 0.984375 0.6826171875 0.978515625 0.6552734375 0.982421875 0.5791015625 0.974609375 0.5595703125 0.9462890625 0.53125
3 0.9990234375 0.46875 0.98046875 0.4970703125 0.978515625 0.5341796875 0.9990234375 0.583984375 0.9990234375 0.46875
3 0.8984375 0.8271484375 0.90625 0.8408203125 0.9443359375 0.869140625 0.9990234375 0.875 1 0.7685546875 0.9404296875 0.765625 0.9208984375 0.771484375 0.8984375 0.8076171875 0.8984375 0.8271484375
3 0.7939453125 0.818359375 0.7548828125 0.80859375 0.6806640625 0.80859375 0.6162109375 0.833984375 0.57421875 0.8701171875 0.552734375 0.8974609375 0.529296875 0.9443359375 0.5234375 0.9990234375 0.8798828125 1 0.8916015625 0.943359375 0.890625 0.9111328125 0.8828125 0.8955078125 0.865234375 0.8681640625 0.8291015625 0.8359375 0.7939453125 0.818359375
3 0.8984375 0.9970703125 0.9990234375 1 0.9990234375 0.939453125 0.9677734375 0.939453125 0.9384765625 0.94921875 0.912109375 0.9716796875 0.8984375 0.9970703125
3 0.3095703125 0.716796875 0.2509765625 0.74609375 0.19921875 0.7919921875 0.1953125 0.8017578125 0.193359375 0.8623046875 0.203125 0.8974609375 0.2548828125 0.955078125 0.2685546875 0.962890625 0.3369140625 0.974609375 0.3955078125 0.9609375 0.4560546875 0.931640625 0.4892578125 0.90625 0.5087890625 0.87109375 0.509765625 0.8408203125 0.490234375 0.7705078125 0.4658203125 0.740234375 0.4267578125 0.716796875 0.3095703125 0.716796875
3 0.2119140625 1 0.2197265625 0.982421875 0.220703125 0.9560546875 0.21484375 0.9443359375 0.189453125 0.9072265625 0.1630859375 0.888671875 0.1357421875 0.890625 0.1025390625 0.90625 0.078125 0.9404296875 0.076171875 0.9697265625 0.0966796875 1 0.2119140625 1