3 0.7890625 0.7060546875 0.8046875 0.6787109375 0.802734375 0.6376953125 0.7578125 0.5732421875 0.7314453125 0.552734375 0.689453125 0.5478515625 0.6474609375 0.560546875 0.6123046875 0.58984375 0.599609375 0.6044921875 0.59375 0.6318359375 0.595703125 0.6767578125 0.607421875 0.6904296875 0.625 0.7353515625 0.6416015625 0.751953125 0.6669921875 0.76171875 0.7021484375 0.7578125 0.7724609375 0.720703125 0.7890625 0.7060546875
3 0.94140625 0.4775390625 0.92578125 0.4501953125 0.9052734375 0.43359375 0.845703125 0.4189453125 0.8095703125 0.4296875 0.7890625 0.4560546875 0.763671875 0.4755859375 0.75 0.5185546875 0.75 0.5361328125 0.77734375 0.5810546875 0.8076171875 0.611328125 0.8408203125 0.623046875 0.9072265625 0.603515625 0.92578125 0.5810546875 0.9453125 0.5224609375 0.94140625 0.4775390625
3 0.9443359375 0.40234375 0.966796875 0.3759765625 0.966796875 0.3447265625 0.9384765625 0.310546875 0.904296875 0.3056640625 0.873046875 0.3232421875 0.87109375 0.3720703125 0.8994140625 0.3984375 0.9443359375 0.40234375
3 0.8046875 0.3173828125 0.7802734375 0.29296875 0.7373046875 0.27734375 0.705078125 0.2783203125 0.6728515625 0.28515625 0.6396484375 0.3046875 0.61328125 0.3330078125 0.59765625 0.3759765625 0.59765625 0.4091796875 0.623046875 0.4580078125 0.6513671875 0.48828125 0.6748046875 0.49609375 0.7333984375 0.486328125 0.82421875 0.3876953125 0.822265625 0.3466796875 0.8046875 0.3173828125
3 0.5390625 0.1826171875 0.5126953125 0.189453125 0.49609375 0.2119140625 0.4921875 0.2275390625 0.4921875 0.2568359375 0.5283203125 0.28515625 0.5498046875 0.283203125 0.5595703125 0.267578125 0.57421875 0.2607421875 0.5859375 0.2392578125 0.5859375 0.2138671875 0.57421875 0.1923828125 0.5390625 0.1826171875
3 0.998046875 0.0517578125 0.998046875 0.0009765625 0.943359375 0.0009765625 0.93359375 0.0205078125 0.94140625 0.0556640625 0.9697265625 0.0703125 0.9892578125 0.0625 0.998046875 0.0517578125
3 0.310546875 0.1376953125 0.3046875 0.1025390625 0.2919921875 0.076171875 0.24609375 0.0673828125 0.2333984375 0.076171875 0.189453125 0.0771484375 0.1875 0.0986328125 0.16796875 0.1220703125 0.16796875 0.1494140625 0.18359375 0.1787109375 0.2001953125 0.19140625 0.2197265625 0.197265625 0.2763671875 0.197265625 0.29296875 0.1865234375 0.306640625 0.1650390625 0.310546875 0.1376953125
3 0.21875 0.3056640625 0.2001953125 0.2890625 0.1806640625 0.28125 0.126953125 0.2763671875 0.080078125 0.3056640625 0.060546875 0.3525390625 0.06640625 0.3876953125 0.076171875 0.4091796875 0.1083984375 0.43359375 0.1455078125 0.44921875 0.1884765625 0.44921875 0.2001953125 0.443359375 0.228515625 0.4091796875 0.23828125 0.3720703125 0.232421875 0.3291015625 0.21875 0.3056640625
3 0 0.6298828125 0.0244140625 0.658203125 0.0771484375 0.697265625 0.0908203125 0.703125 0.1376953125 0.703125 0.1669921875 0.69140625 0.185546875 0.6728515625 0.19921875 0.6298828125 0.19921875 0.5986328125 0.1875 0.5634765625 0.16015625 0.5166015625 0.1123046875 0.48046875 0.083984375 0.4794921875 0 0.5263671875 0 0.6298828125
3 0.412109375 0.7138671875 0.4306640625 0.7578125 0.4697265625 0.73828125 0.484375 0.7138671875 0.484375 0.6904296875 0.4794921875 0.685546875 0.439453125 0.6787109375 0.4267578125 0.681640625 0.412109375 0.6962890625 0.412109375 0.7138671875
3 0.67578125 0.8642578125 0.6611328125 0.849609375 0.6318359375 0.8359375 0.60546875 0.8369140625 0.5732421875 0.845703125 0.5458984375 0.861328125 0.525390625 0.8935546875 0.52734375 0.9267578125 0.537109375 0.9560546875 0.5595703125 0.9765625 0.5908203125 0.986328125 0.6298828125 0.984375 0.658203125 0.9599609375 0.669921875 0.9423828125 0.68359375 0.8896484375 0.67578125 0.8642578125
3 0.7138671875 0.888671875 0.6953125 0.9111328125 0.685546875 0.9501953125 0.6923828125 0.962890625 0.7138671875 0.9765625 0.7646484375 0.974609375 0.775390625 0.9677734375 0.787109375 0.9462890625 0.787109375 0.9111328125 0.7626953125 0.880859375 0.734375 0.8779296875 0.7138671875 0.888671875
3 0.998046875 0.6748046875 0.9951171875 0.669921875 0.96875 0.6708984375 0.9306640625 0.681640625 0.8896484375 0.70703125 0.86328125 0.7412109375 0.841796875 0.7919921875 0.841796875 0.8349609375 0.853515625 0.8603515625 0.8662109375 0.876953125 0.9013671875 0.896484375 0.9560546875 0.89453125 0.9931640625 0.87890625 0.998046875 0.8701171875 0.998046875 0.6748046875
3 0 0.9970703125 0.0791015625 0.99609375 0.080078125 0.9501953125 0.068359375 0.9091796875 0.0302734375 0.87890625 0 0.8798828125 0 0.9970703125
3 0.03125 0.8271484375 0.03515625 0.7900390625 0.0234375 0.7646484375 0 0.7470703125 0.0029296875 0.85546875 0.03125 0.8271484375