3 0.7275390625 0.2890625 0.6826171875 0.28125 0.6376953125 0.2890625 0.6044921875 0.302734375 0.5703125 0.3408203125 0.55859375 0.3798828125 0.560546875 0.4404296875 0.5859375 0.4951171875 0.6357421875 0.546875 0.6767578125 0.572265625 0.7236328125 0.58984375 0.7890625 0.5908203125 0.8505859375 0.564453125 0.87109375 0.5400390625 0.888671875 0.4873046875 0.884765625 0.4326171875 0.876953125 0.4072265625 0.8466796875 0.37109375 0.8076171875 0.3515625 0.7275390625 0.2890625
3 0.7841796875 0.134765625 0.7548828125 0.154296875 0.740234375 0.1728515625 0.73046875 0.2099609375 0.734375 0.2646484375 0.7509765625 0.28515625 0.7822265625 0.30078125 0.8427734375 0.3515625 0.8662109375 0.36328125 0.87890625 0.3623046875 0.8955078125 0.359375 0.931640625 0.3212890625 0.939453125 0.2333984375 0.9296875 0.1943359375 0.908203125 0.1591796875 0.8779296875 0.140625 0.8193359375 0.1328125 0.7841796875 0.134765625
3 0.6181640625 0.044921875 0.5732421875 0.0703125 0.55078125 0.1025390625 0.541015625 0.1533203125 0.544921875 0.2060546875 0.572265625 0.2490234375 0.6064453125 0.267578125 0.64453125 0.2666015625 0.6806640625 0.259765625 0.712890625 0.2353515625 0.75390625 0.1298828125 0.75390625 0.0986328125 0.744140625 0.0791015625 0.7158203125 0.0546875 0.6669921875 0.037109375 0.6181640625 0.044921875
3 0.373046875 0.0517578125 0.365234375 0.0771484375 0.3671875 0.1005859375 0.3828125 0.1337890625 0.4130859375 0.16015625 0.4326171875 0.166015625 0.478515625 0.1650390625 0.4873046875 0.162109375 0.505859375 0.1376953125 0.50390625 0.0771484375 0.49609375 0.0595703125 0.4501953125 0.017578125 0.4150390625 0.017578125 0.3896484375 0.029296875 0.373046875 0.0517578125
3 0.390625 0.3681640625 0.390625 0.3955078125 0.400390625 0.4130859375 0.4130859375 0.421875 0.443359375 0.4208984375 0.4755859375 0.41015625 0.486328125 0.3994140625 0.4921875 0.3642578125 0.4794921875 0.34375 0.4599609375 0.333984375 0.4208984375 0.333984375 0.40234375 0.3486328125 0.390625 0.3681640625
3 0.3447265625 0.82421875 0.3095703125 0.83203125 0.2880859375 0.845703125 0.2734375 0.8642578125 0.263671875 0.8916015625 0.265625 0.9306640625 0.28515625 0.9677734375 0.3056640625 0.986328125 0.33984375 0.9951171875 0.3681640625 0.98828125 0.3994140625 0.970703125 0.41796875 0.9501953125 0.4296875 0.9248046875 0.427734375 0.8857421875 0.408203125 0.8544921875 0.3779296875 0.83203125 0.3447265625 0.82421875
3 0.447265625 0.9755859375 0.4619140625 1 0.611328125 0.9990234375 0.611328125 0.9345703125 0.603515625 0.9150390625 0.5810546875 0.888671875 0.5478515625 0.87890625 0.5068359375 0.880859375 0.4814453125 0.892578125 0.4609375 0.9169921875 0.447265625 0.9755859375
3 0.625 0.9384765625 0.6279296875 1 0.806640625 0.9990234375 0.818359375 0.9287109375 0.806640625 0.9072265625 0.7744140625 0.880859375 0.7451171875 0.8671875 0.7138671875 0.8671875 0.6513671875 0.88671875 0.634765625 0.9072265625 0.625 0.9384765625
3 0.74609375 0.8193359375 0.7666015625 0.83984375 0.7900390625 0.8515625 0.8125 0.8525390625 0.8427734375 0.841796875 0.875 0.8056640625 0.869140625 0.7705078125 0.8232421875 0.724609375 0.7998046875 0.72265625 0.748046875 0.7529296875 0.73828125 0.7939453125 0.74609375 0.8193359375
3 0.9169921875 0.951171875 0.8818359375 0.951171875 0.8603515625 0.958984375 0.828125 0.9990234375 0.98046875 0.9990234375 0.9482421875 0.962890625 0.9169921875 0.951171875
3 0.0712890625 0.005859375 0.0546875 0.0400390625 0.0546875 0.1005859375 0.0849609375 0.1328125 0.1142578125 0.14453125 0.13671875 0.1435546875 0.162109375 0.1298828125 0.17578125 0.0966796875 0.17578125 0.0654296875 0.166015625 0.0283203125 0.1591796875 0.021484375 0.1279296875 0.013671875 0.1201171875 0.00390625 0.0712890625 0.005859375
3 0.125 0.4501953125 0.142578125 0.4287109375 0.140625 0.4013671875 0.1259765625 0.384765625 0.0908203125 0.384765625 0.076171875 0.4033203125 0.080078125 0.4365234375 0.0966796875 0.451171875 0.125 0.4501953125
3 0.126953125 0.8251953125 0.150390625 0.8115234375 0.150390625 0.7763671875 0.1279296875 0.759765625 0.1025390625 0.763671875 0.0859375 0.7802734375 0.091796875 0.8095703125 0.1005859375 0.818359375 0.126953125 0.8251953125
3 0.06640625 0.9814453125 0.08984375 0.9697265625 0.09375 0.9365234375 0.0791015625 0.912109375 0.0439453125 0.90625 0.0234375 0.9228515625 0.01953125 0.9501953125 0.0400390625 0.978515625 0.06640625 0.9814453125
3 0.23828125 0.9794921875 0.2216796875 0.962890625 0.1904296875 0.947265625 0.162109375 0.9736328125 0.15625 0.9873046875 0.1572265625 1 0.244140625 0.9990234375 0.23828125 0.9794921875