3 0.8212890625 0.3125 0.751953125 0.3095703125 0.71484375 0.3408203125 0.70703125 0.4755859375 0.7177734375 0.4921875 0.7509765625 0.513671875 0.7861328125 0.5234375 0.8349609375 0.51953125 0.873046875 0.4853515625 0.87890625 0.4404296875 0.890625 0.4052734375 0.888671875 0.3701171875 0.8662109375 0.33984375 0.8212890625 0.3125
3 1 0.4052734375 0.9921875 0.3818359375 0.9755859375 0.3671875 0.9375 0.3642578125 0.9228515625 0.37109375 0.904296875 0.3935546875 0.888671875 0.4462890625 0.896484375 0.4755859375 0.9111328125 0.490234375 0.9541015625 0.49609375 0.9716796875 0.48828125 0.990234375 0.4697265625 1 0.4443359375 1 0.4052734375
3 0.908203125 0.7021484375 0.908203125 0.7412109375 0.93359375 0.8017578125 0.9658203125 0.828125 0.9990234375 0.837890625 1 0.6337890625 0.97265625 0.6337890625 0.9404296875 0.6484375 0.919921875 0.6728515625 0.908203125 0.7021484375
3 1 0.0556640625 0.8662109375 0.01171875 0.818359375 0.0087890625 0.7919921875 0.01953125 0.763671875 0.0478515625 0.74609375 0.1005859375 0.748046875 0.1708984375 0.775390625 0.2197265625 0.8193359375 0.251953125 0.8662109375 0.265625 0.8974609375 0.265625 0.9248046875 0.2578125 0.970703125 0.2236328125 1 0.1767578125 1 0.0556640625
3 0.6875 0.0478515625 0.6689453125 0.033203125 0.6552734375 0.02734375 0.62109375 0.0283203125 0.5927734375 0.04296875 0.568359375 0.0712890625 0.5625 0.0908203125 0.56640625 0.1318359375 0.576171875 0.1533203125 0.6005859375 0.17578125 0.6318359375 0.1875 0.6650390625 0.1875 0.689453125 0.1708984375 0.708984375 0.1396484375 0.705078125 0.0771484375 0.6875 0.0478515625
3 0.529296875 0.2119140625 0.51171875 0.2216796875 0.484375 0.2626953125 0.4921875 0.3232421875 0.5068359375 0.337890625 0.5322265625 0.345703125 0.5634765625 0.341796875 0.5966796875 0.330078125 0.63671875 0.3056640625 0.63671875 0.2568359375 0.6181640625 0.23046875 0.5869140625 0.212890625 0.529296875 0.2119140625
3 0.689453125 0.3447265625 0.6689453125 0.328125 0.630859375 0.3251953125 0.5556640625 0.353515625 0.541015625 0.3681640625 0.537109375 0.3818359375 0.546875 0.4228515625 0.5703125 0.4716796875 0.6044921875 0.50390625 0.6455078125 0.50390625 0.6728515625 0.494140625 0.6875 0.4775390625 0.70703125 0.4189453125 0.70703125 0.3818359375 0.689453125 0.3447265625
3 0.6025390625 0.5546875 0.6279296875 0.560546875 0.66015625 0.5439453125 0.6591796875 0.517578125 0.609375 0.5146484375 0.5986328125 0.515625 0.59375 0.5224609375 0.595703125 0.5478515625 0.6025390625 0.5546875
3 0.5146484375 0.404296875 0.4814453125 0.39453125 0.462890625 0.3955078125 0.439453125 0.4169921875 0.4140625 0.4658203125 0.408203125 0.4990234375 0.412109375 0.5166015625 0.4365234375 0.544921875 0.4814453125 0.560546875 0.5146484375 0.55078125 0.55078125 0.5244140625 0.55859375 0.5087890625 0.55859375 0.4755859375 0.54296875 0.4306640625 0.5146484375 0.404296875
3 0.5185546875 0.67578125 0.4814453125 0.66015625 0.44921875 0.6591796875 0.4208984375 0.66796875 0.40234375 0.6845703125 0.390625 0.7080078125 0.388671875 0.7353515625 0.4072265625 0.767578125 0.4501953125 0.794921875 0.4697265625 0.796875 0.4970703125 0.787109375 0.525390625 0.7587890625 0.541015625 0.7333984375 0.541015625 0.7099609375 0.5185546875 0.67578125
3 0.51953125 0.8369140625 0.5419921875 0.8515625 0.5634765625 0.84765625 0.587890625 0.8193359375 0.583984375 0.7919921875 0.5634765625 0.76953125 0.5546875 0.7685546875 0.5322265625 0.779296875 0.515625 0.7998046875 0.51953125 0.8369140625
3 0.6171875 0.9697265625 0.5947265625 0.953125 0.578125 0.9541015625 0.55078125 0.9716796875 0.544921875 0.9970703125 0.6162109375 0.998046875 0.62109375 0.9873046875 0.6171875 0.9697265625
3 0.306640625 0.8017578125 0.294921875 0.8505859375 0.3154296875 0.87890625 0.3486328125 0.890625 0.3681640625 0.890625 0.3876953125 0.880859375 0.404296875 0.8623046875 0.40625 0.8291015625 0.396484375 0.8095703125 0.3759765625 0.791015625 0.333984375 0.7861328125 0.306640625 0.8017578125
3 0.193359375 0.6318359375 0.1708984375 0.64453125 0.154296875 0.6650390625 0.146484375 0.6865234375 0.146484375 0.7197265625 0.1533203125 0.736328125 0.2001953125 0.748046875 0.2255859375 0.748046875 0.259765625 0.7197265625 0.267578125 0.6748046875 0.2392578125 0.63671875 0.2236328125 0.630859375 0.193359375 0.6318359375
3 0.232421875 0.3505859375 0.2265625 0.3857421875 0.234375 0.4013671875 0.2607421875 0.42578125 0.2783203125 0.42578125 0.306640625 0.3935546875 0.314453125 0.3525390625 0.2978515625 0.333984375 0.2578125 0.3330078125 0.2412109375 0.337890625 0.232421875 0.3505859375
3 0.3056640625 0.595703125 0.3203125 0.5849609375 0.322265625 0.5654296875 0.3115234375 0.552734375 0.294921875 0.5498046875 0.27734375 0.5634765625 0.275390625 0.5732421875 0.2880859375 0.591796875 0.3056640625 0.595703125
3 0 0.6494140625 0.0322265625 0.646484375 0.0634765625 0.654296875 0.0849609375 0.6484375 0.09375 0.6376953125 0.09375 0.6220703125 0.083984375 0.6025390625 0.0859375 0.5791015625 0.078125 0.5634765625 0.0576171875 0.546875 0 0.5419921875 0 0.6494140625
3 0.328125 0.9951171875 0.310546875 0.9580078125 0.2900390625 0.939453125 0.2685546875 0.9296875 0.23828125 0.9287109375 0.1943359375 0.947265625 0.169921875 0.9716796875 0.162109375 0.9951171875 0.328125 0.9951171875
3 0.1484375 0.7998046875 0.12890625 0.8544921875 0.1328125 0.8779296875 0.1552734375 0.896484375 0.1767578125 0.89453125 0.2099609375 0.880859375 0.21875 0.8681640625 0.22265625 0.8427734375 0.21875 0.8095703125 0.2080078125 0.79296875 0.166015625 0.7900390625 0.1484375 0.7998046875
3 0.1171875 0.9658203125 0.1005859375 0.951171875 0.083984375 0.9521484375 0.05859375 0.9697265625 0.05078125 0.9951171875 0.1220703125 0.998046875 0.125 0.9814453125 0.1171875 0.9658203125
3 0.3232421875 0.75 0.33984375 0.7353515625 0.341796875 0.7177734375 0.3291015625 0.697265625 0.31640625 0.6943359375 0.30078125 0.7060546875 0.294921875 0.7333984375 0.3076171875 0.748046875 0.3232421875 0.75