3 0.048828125 0.5244140625 0.03515625 0.4912109375 0.0009765625 0.466796875 0 0.5966796875 0.0166015625 0.59765625 0.0390625 0.5830078125 0.046875 0.5673828125 0.048828125 0.5244140625
3 0.4970703125 0 0.4912109375 0.033203125 0.4921875 0.0517578125 0.5048828125 0.0703125 0.5302734375 0.08203125 0.5615234375 0.08203125 0.5859375 0.0673828125 0.59375 0.0244140625 0.5732421875 0 0.4970703125 0
3 0.7021484375 0.30859375 0.7255859375 0.30078125 0.732421875 0.2900390625 0.734375 0.2705078125 0.7265625 0.2451171875 0.6962890625 0.1953125 0.6572265625 0.1875 0.6318359375 0.19140625 0.611328125 0.2060546875 0.5966796875 0.234375 0.603515625 0.2763671875 0.6201171875 0.294921875 0.6474609375 0.30859375 0.7021484375 0.30859375
3 0.529296875 0.3857421875 0.5576171875 0.416015625 0.5927734375 0.419921875 0.6201171875 0.412109375 0.6328125 0.4013671875 0.6484375 0.3642578125 0.6240234375 0.337890625 0.5634765625 0.33203125 0.546875 0.3427734375 0.5302734375 0.37109375 0.529296875 0.3857421875
3 0.4814453125 0.236328125 0.4736328125 0.255859375 0.484375 0.2861328125 0.5029296875 0.294921875 0.5302734375 0.291015625 0.541015625 0.2744140625 0.537109375 0.2470703125 0.5166015625 0.232421875 0.4814453125 0.236328125
3 0.3486328125 0.435546875 0.3447265625 0.4453125 0.345703125 0.4638671875 0.3720703125 0.48828125 0.4052734375 0.494140625 0.419921875 0.4853515625 0.4033203125 0.44140625 0.3681640625 0.427734375 0.3486328125 0.435546875
3 0.5166015625 0.67578125 0.5390625 0.6513671875 0.544921875 0.6357421875 0.537109375 0.6103515625 0.521484375 0.5908203125 0.4755859375 0.556640625 0.4521484375 0.55859375 0.4365234375 0.572265625 0.4208984375 0.576171875 0.4111328125 0.6015625 0.41015625 0.6162109375 0.421875 0.6240234375 0.427734375 0.6494140625 0.4638671875 0.66796875 0.4775390625 0.681640625 0.5068359375 0.681640625 0.5166015625 0.67578125
3 0.6865234375 0.8671875 0.705078125 0.9072265625 0.7333984375 0.92578125 0.7841796875 0.912109375 0.802734375 0.8876953125 0.80078125 0.8623046875 0.791015625 0.8427734375 0.7587890625 0.82421875 0.7197265625 0.83203125 0.6865234375 0.8671875
3 0.7490234375 0.728515625 0.755859375 0.7607421875 0.7861328125 0.78125 0.8154296875 0.775390625 0.826171875 0.7666015625 0.826171875 0.7314453125 0.8017578125 0.712890625 0.7744140625 0.7109375 0.7587890625 0.716796875 0.7490234375 0.728515625
3 0.6435546875 0.900390625 0.6572265625 0.876953125 0.66796875 0.8779296875 0.671875 0.8603515625 0.666015625 0.8544921875 0.666015625 0.8310546875 0.6376953125 0.791015625 0.6005859375 0.78125 0.5673828125 0.787109375 0.5556640625 0.798828125 0.564453125 0.8115234375 0.556640625 0.8310546875 0.55859375 0.8486328125 0.599609375 0.8818359375 0.6005859375 0.8984375 0.6435546875 0.900390625
3 0.28515625 0.8525390625 0.3095703125 0.876953125 0.3740234375 0.88671875 0.38671875 0.8779296875 0.400390625 0.8544921875 0.376953125 0.8173828125 0.3583984375 0.802734375 0.3232421875 0.810546875 0.3037109375 0.80859375 0.2861328125 0.822265625 0.28515625 0.8525390625
3 0.7431640625 0.44921875 0.7353515625 0.462890625 0.73828125 0.4990234375 0.7626953125 0.5234375 0.8056640625 0.509765625 0.83984375 0.4716796875 0.8271484375 0.45703125 0.7783203125 0.443359375 0.7431640625 0.44921875
3 0.64453125 0.5361328125 0.6591796875 0.556640625 0.6923828125 0.560546875 0.71484375 0.5517578125 0.720703125 0.5205078125 0.7001953125 0.490234375 0.6748046875 0.478515625 0.6552734375 0.48046875 0.65625 0.4970703125 0.6435546875 0.513671875 0.64453125 0.5361328125