3 0.560546875 0.7412109375 0.552734375 0.7705078125 0.5546875 0.7939453125 0.568359375 0.8232421875 0.5908203125 0.83984375 0.6142578125 0.8515625 0.65625 0.8505859375 0.6806640625 0.841796875 0.6953125 0.8291015625 0.708984375 0.7822265625 0.708984375 0.7490234375 0.6826171875 0.71484375 0.5947265625 0.697265625 0.578125 0.7119140625 0.560546875 0.7412109375
3 0.3310546875 0.615234375 0.28515625 0.6435546875 0.2734375 0.6689453125 0.2734375 0.6943359375 0.27734375 0.7119140625 0.3037109375 0.734375 0.3408203125 0.751953125 0.37109375 0.7529296875 0.4013671875 0.7265625 0.4296875 0.7158203125 0.439453125 0.6982421875 0.44140625 0.6650390625 0.427734375 0.6357421875 0.4130859375 0.623046875 0.3544921875 0.609375 0.3310546875 0.615234375
3 0.375 0.7529296875 0.369140625 0.7666015625 0.37109375 0.7861328125 0.3994140625 0.814453125 0.4267578125 0.828125 0.482421875 0.8291015625 0.494140625 0.8193359375 0.501953125 0.7958984375 0.501953125 0.7509765625 0.4912109375 0.73828125 0.4560546875 0.72265625 0.4306640625 0.71875 0.4072265625 0.728515625 0.375 0.7529296875
3 0.3486328125 0.791015625 0.3173828125 0.791015625 0.2958984375 0.802734375 0.26953125 0.8349609375 0.26171875 0.8583984375 0.263671875 0.8974609375 0.279296875 0.9306640625 0.3017578125 0.955078125 0.3232421875 0.966796875 0.369140625 0.9736328125 0.4228515625 0.958984375 0.443359375 0.9306640625 0.44921875 0.9111328125 0.46484375 0.8974609375 0.466796875 0.8759765625 0.4384765625 0.845703125 0.3818359375 0.802734375 0.3486328125 0.791015625
3 0.0126953125 0.7109375 0.001953125 0.7216796875 0.00390625 0.9248046875 0.0517578125 0.94140625 0.091796875 0.9404296875 0.1396484375 0.921875 0.18359375 0.8740234375 0.197265625 0.8447265625 0.1875 0.7763671875 0.1552734375 0.740234375 0.1318359375 0.728515625 0.0458984375 0.7109375 0.0126953125 0.7109375
3 0.001953125 0.4326171875 0.0048828125 0.439453125 0.029296875 0.4384765625 0.09375 0.4072265625 0.109375 0.3447265625 0.111328125 0.3056640625 0.103515625 0.2783203125 0.0654296875 0.22265625 0.0439453125 0.205078125 0.0048828125 0.201171875 0.001953125 0.4326171875
3 0.318359375 0.1552734375 0.3427734375 0.173828125 0.375 0.1728515625 0.400390625 0.1337890625 0.400390625 0.1201171875 0.392578125 0.1025390625 0.3740234375 0.087890625 0.3486328125 0.0859375 0.31640625 0.1064453125 0.314453125 0.1455078125 0.318359375 0.1552734375
3 0.8125 0.2392578125 0.8271484375 0.248046875 0.845703125 0.2490234375 0.8818359375 0.234375 0.900390625 0.2099609375 0.89453125 0.1611328125 0.8720703125 0.14453125 0.8369140625 0.15234375 0.8125 0.1845703125 0.806640625 0.2138671875 0.8125 0.2392578125
3 0.8671875 0.4013671875 0.8544921875 0.392578125 0.8291015625 0.39453125 0.8056640625 0.37890625 0.7900390625 0.37890625 0.7763671875 0.3828125 0.751953125 0.4091796875 0.751953125 0.4326171875 0.759765625 0.4462890625 0.751953125 0.4560546875 0.751953125 0.4833984375 0.7763671875 0.52734375 0.8017578125 0.5390625 0.814453125 0.5380859375 0.8408203125 0.533203125 0.8642578125 0.51953125 0.880859375 0.5009765625 0.884765625 0.4736328125 0.876953125 0.4560546875 0.861328125 0.4423828125 0.873046875 0.4248046875 0.8671875 0.4013671875
3 1 0.5087890625 0.9443359375 0.505859375 0.9033203125 0.5234375 0.853515625 0.5634765625 0.837890625 0.5869140625 0.833984375 0.6396484375 0.8515625 0.6923828125 0.9072265625 0.75 0.9462890625 0.77734375 1 0.7880859375 1 0.5087890625
3 0.8662109375 0.748046875 0.8173828125 0.736328125 0.7861328125 0.73828125 0.765625 0.7509765625 0.7421875 0.8037109375 0.7421875 0.8896484375 0.7529296875 0.90625 0.7861328125 0.9296875 0.8232421875 0.9453125 0.8515625 0.9443359375 0.8681640625 0.939453125 0.921875 0.8916015625 0.9375 0.8583984375 0.94921875 0.8466796875 0.94921875 0.8310546875 0.931640625 0.8193359375 0.90625 0.7783203125 0.8662109375 0.748046875