3 0.9345703125 0.013671875 0.8984375 0.0439453125 0.8955078125 0.052734375 0.900390625 0.0966796875 0.9345703125 0.142578125 0.9775390625 0.15625 1 0.1416015625 0.9970703125 0.0234375 0.9736328125 0.013671875 0.9345703125 0.013671875
3 0.748046875 0.6904296875 0.744140625 0.6728515625 0.7255859375 0.642578125 0.7119140625 0.638671875 0.6943359375 0.623046875 0.6552734375 0.62109375 0.6396484375 0.626953125 0.62109375 0.6435546875 0.6064453125 0.681640625 0.607421875 0.7080078125 0.6171875 0.7314453125 0.6494140625 0.759765625 0.6884765625 0.765625 0.7119140625 0.759765625 0.7421875 0.7275390625 0.748046875 0.6904296875
3 0.673828125 0.8564453125 0.6611328125 0.83984375 0.6298828125 0.82421875 0.5927734375 0.830078125 0.5625 0.8583984375 0.5576171875 0.896484375 0.55859375 0.9091796875 0.5791015625 0.923828125 0.6318359375 0.927734375 0.6455078125 0.921875 0.658203125 0.9052734375 0.673828125 0.8720703125 0.673828125 0.8564453125
3 0.5634765625 0.55859375 0.609375 0.4892578125 0.60546875 0.4677734375 0.583984375 0.4248046875 0.5595703125 0.408203125 0.4931640625 0.4296875 0.474609375 0.4560546875 0.4716796875 0.474609375 0.47265625 0.4990234375 0.4921875 0.5361328125 0.4921875 0.5478515625 0.5029296875 0.5625 0.5244140625 0.572265625 0.5517578125 0.568359375 0.5634765625 0.55859375
3 0.40234375 0.5751953125 0.396484375 0.5615234375 0.3662109375 0.537109375 0.3349609375 0.525390625 0.2998046875 0.525390625 0.2802734375 0.53515625 0.2568359375 0.56640625 0.259765625 0.6220703125 0.3056640625 0.673828125 0.3349609375 0.681640625 0.3623046875 0.6796875 0.3984375 0.6474609375 0.408203125 0.6201171875 0.40234375 0.5751953125
3 0.267578125 0.2451171875 0.2490234375 0.212890625 0.2197265625 0.197265625 0.1787109375 0.203125 0.16015625 0.2236328125 0.1552734375 0.240234375 0.15625 0.2607421875 0.169921875 0.2822265625 0.1884765625 0.2890625 0.2373046875 0.28515625 0.2548828125 0.27734375 0.263671875 0.2666015625 0.267578125 0.2451171875
3 0.685546875 0.2060546875 0.67578125 0.1923828125 0.677734375 0.1787109375 0.66796875 0.1630859375 0.66796875 0.1318359375 0.6494140625 0.130859375 0.6376953125 0.146484375 0.6181640625 0.158203125 0.5791015625 0.169921875 0.5654296875 0.208984375 0.5703125 0.2470703125 0.6025390625 0.28515625 0.6318359375 0.29296875 0.6611328125 0.275390625 0.681640625 0.2509765625 0.6875 0.2255859375 0.685546875 0.2060546875
3 0.5126953125 0.13671875 0.4931640625 0.130859375 0.4638671875 0.150390625 0.462890625 0.1767578125 0.4794921875 0.205078125 0.5107421875 0.2109375 0.5224609375 0.208984375 0.533203125 0.1962890625 0.53125 0.1533203125 0.5126953125 0.13671875
3 0.775390625 0.3994140625 0.783203125 0.3662109375 0.7998046875 0.36328125 0.806640625 0.3505859375 0.8037109375 0.337890625 0.796875 0.3466796875 0.7939453125 0.328125 0.78125 0.3251953125 0.787109375 0.3056640625 0.7783203125 0.2890625 0.7255859375 0.27734375 0.6904296875 0.279296875 0.650390625 0.3134765625 0.6435546875 0.333984375 0.642578125 0.3583984375 0.654296875 0.3955078125 0.7001953125 0.423828125 0.7216796875 0.4296875 0.7431640625 0.427734375 0.7666015625 0.408203125 0.775390625 0.3994140625
3 0.337890625 0.0185546875 0.328125 0.0029296875 0.2646484375 0 0.271484375 0.0595703125 0.28515625 0.0849609375 0.2998046875 0.087890625 0.3291015625 0.072265625 0.341796875 0.0556640625 0.341796875 0.0439453125 0.337890625 0.0185546875
3 0.2626953125 0 0.2607421875 0.013671875 0.2529296875 0.00390625 0.2373046875 0.00390625 0.2138671875 0.013671875 0.19921875 0.0283203125 0.1943359375 0.046875 0.1953125 0.0654296875 0.2119140625 0.087890625 0.2412109375 0.091796875 0.259765625 0.0771484375 0.2685546875 0.060546875 0.2783203125 0.080078125 0.2998046875 0.087890625 0.337890625 0.0634765625 0.341796875 0.0341796875 0.3251953125 0 0.2626953125 0
3 0.6376953125 0 0.6728515625 0.033203125 0.7021484375 0.041015625 0.7314453125 0.02734375 0.7421875 0.0068359375 0.7412109375 0 0.6376953125 0