3 0.8076171875 0.6328125 0.7724609375 0.6328125 0.7607421875 0.638671875 0.732421875 0.6728515625 0.73828125 0.7177734375 0.7568359375 0.73828125 0.7763671875 0.748046875 0.8193359375 0.74609375 0.8447265625 0.73828125 0.8544921875 0.708984375 0.84765625 0.6689453125 0.8330078125 0.6484375 0.8076171875 0.6328125
3 0.87109375 0.8525390625 0.8486328125 0.798828125 0.8193359375 0.7890625 0.78515625 0.7978515625 0.7734375 0.8369140625 0.779296875 0.8681640625 0.7880859375 0.880859375 0.8427734375 0.8984375 0.8603515625 0.888671875 0.8701171875 0.873046875 0.87109375 0.8525390625
3 0.697265625 0.8076171875 0.6845703125 0.79296875 0.6669921875 0.78515625 0.6181640625 0.79296875 0.591796875 0.8349609375 0.591796875 0.8564453125 0.6015625 0.8740234375 0.6337890625 0.890625 0.6865234375 0.876953125 0.7060546875 0.8515625 0.697265625 0.8076171875
3 0.6845703125 0.751953125 0.7041015625 0.736328125 0.705078125 0.7177734375 0.6923828125 0.69921875 0.6787109375 0.6953125 0.6640625 0.7041015625 0.65625 0.7275390625 0.6669921875 0.74609375 0.6845703125 0.751953125
3 0.7119140625 0.59375 0.7236328125 0.576171875 0.72265625 0.5634765625 0.7021484375 0.548828125 0.6865234375 0.5546875 0.677734375 0.5654296875 0.677734375 0.5810546875 0.6904296875 0.595703125 0.7119140625 0.59375
3 0.470703125 0.6865234375 0.458984375 0.7099609375 0.458984375 0.7353515625 0.466796875 0.7509765625 0.5029296875 0.7890625 0.5263671875 0.796875 0.5458984375 0.796875 0.5732421875 0.783203125 0.6015625 0.7587890625 0.6103515625 0.736328125 0.611328125 0.7177734375 0.603515625 0.6943359375 0.5810546875 0.669921875 0.5654296875 0.662109375 0.5224609375 0.66015625 0.4990234375 0.66796875 0.470703125 0.6865234375
3 0.4814453125 0.412109375 0.458984375 0.4326171875 0.4453125 0.4580078125 0.443359375 0.5126953125 0.4541015625 0.529296875 0.4970703125 0.556640625 0.5302734375 0.560546875 0.5595703125 0.546875 0.57421875 0.5341796875 0.5888671875 0.5 0.583984375 0.4736328125 0.56640625 0.4521484375 0.546875 0.4091796875 0.5341796875 0.400390625 0.5009765625 0.40234375 0.4814453125 0.412109375
3 0.7392578125 0.42578125 0.7724609375 0.390625 0.771484375 0.3603515625 0.7509765625 0.3359375 0.7041015625 0.333984375 0.685546875 0.3525390625 0.69140625 0.3916015625 0.7177734375 0.42578125 0.7392578125 0.42578125
3 0.3046875 0.3544921875 0.2890625 0.3935546875 0.29296875 0.4248046875 0.3125 0.4794921875 0.3271484375 0.49609375 0.3486328125 0.50390625 0.3876953125 0.505859375 0.4091796875 0.498046875 0.439453125 0.4541015625 0.4619140625 0.390625 0.455078125 0.3642578125 0.4306640625 0.34765625 0.3701171875 0.326171875 0.3427734375 0.326171875 0.3232421875 0.333984375 0.3046875 0.3544921875
3 0.3330078125 0.033203125 0.310546875 0.0517578125 0.29296875 0.0849609375 0.291015625 0.1416015625 0.3125 0.1748046875 0.3349609375 0.189453125 0.3681640625 0.189453125 0.3994140625 0.177734375 0.423828125 0.1552734375 0.4365234375 0.119140625 0.4375 0.0908203125 0.42578125 0.0634765625 0.3974609375 0.037109375 0.3798828125 0.029296875 0.3330078125 0.033203125
3 0 0.1748046875 0.033203125 0.2294921875 0.0751953125 0.259765625 0.1259765625 0.267578125 0.1904296875 0.248046875 0.232421875 0.2119140625 0.251953125 0.1728515625 0.2548828125 0.154296875 0.25390625 0.1025390625 0.236328125 0.0478515625 0.1943359375 0.013671875 0.1689453125 0.0078125 0.1396484375 0.01171875 0.0244140625 0.044921875 0 0.0595703125 0 0.1748046875
3 0.109375 0.3798828125 0.109375 0.4052734375 0.12109375 0.4384765625 0.123046875 0.4736328125 0.130859375 0.4931640625 0.1630859375 0.51953125 0.1962890625 0.525390625 0.2509765625 0.513671875 0.28515625 0.4892578125 0.2939453125 0.462890625 0.28515625 0.4072265625 0.287109375 0.3544921875 0.28125 0.3388671875 0.2529296875 0.314453125 0.1787109375 0.314453125 0.1416015625 0.3359375 0.1171875 0.3603515625 0.109375 0.3798828125
3 0 0.4462890625 0.0078125 0.4677734375 0.0263671875 0.48828125 0.0439453125 0.49609375 0.0810546875 0.494140625 0.103515625 0.4755859375 0.1083984375 0.458984375 0.10546875 0.4189453125 0.087890625 0.3837890625 0.0732421875 0.37109375 0.0361328125 0.365234375 0.0078125 0.3857421875 0 0.4072265625 0 0.4462890625
3 0.0908203125 0.740234375 0.08984375 0.6982421875 0.0703125 0.6611328125 0.0400390625 0.638671875 0.0009765625 0.634765625 0.0009765625 0.83984375 0.0322265625 0.830078125 0.0625 0.8056640625 0.08203125 0.7744140625 0.0908203125 0.740234375
3 0.4560546875 1 0.451171875 0.9755859375 0.4228515625 0.955078125 0.4033203125 0.955078125 0.37890625 0.9775390625 0.3818359375 1 0.4560546875 1
3 0.8369140625 1 0.830078125 0.9736328125 0.8037109375 0.947265625 0.7548828125 0.927734375 0.7255859375 0.931640625 0.6982421875 0.94921875 0.669921875 0.9951171875 0.6708984375 1 0.8369140625 1
3 0.9482421875 1 0.94140625 0.9697265625 0.9111328125 0.951171875 0.8876953125 0.958984375 0.875 0.9794921875 0.8740234375 1 0.9482421875 1
3 0.9287109375 0.654296875 0.9990234375 0.650390625 1 0.5419921875 0.9365234375 0.548828125 0.9140625 0.5771484375 0.916015625 0.6025390625 0.90625 0.6220703125 0.908203125 0.6435546875 0.9287109375 0.654296875
3 0.4853515625 0.82421875 0.482421875 0.7958984375 0.4658203125 0.779296875 0.4423828125 0.76953125 0.419921875 0.7861328125 0.412109375 0.8017578125 0.4140625 0.8271484375 0.4443359375 0.853515625 0.4697265625 0.849609375 0.4853515625 0.82421875
3 0.3857421875 0.5625 0.4052734375 0.544921875 0.40625 0.5244140625 0.3994140625 0.517578125 0.3544921875 0.515625 0.337890625 0.5244140625 0.337890625 0.5419921875 0.3603515625 0.55859375 0.3857421875 0.5625
3 0.4658203125 0.2109375 0.4306640625 0.2109375 0.4072265625 0.216796875 0.37890625 0.2373046875 0.36328125 0.2607421875 0.361328125 0.3017578125 0.4091796875 0.333984375 0.4697265625 0.34765625 0.5078125 0.3271484375 0.5166015625 0.279296875 0.51171875 0.2529296875 0.4853515625 0.21875 0.4658203125 0.2109375