3 1 0.3056640625 0.9951171875 0.3046875 0.9560546875 0.32421875 0.91015625 0.3759765625 0.896484375 0.4267578125 0.89453125 0.4736328125 0.912109375 0.5302734375 0.92578125 0.5517578125 0.9697265625 0.59765625 0.9990234375 0.611328125 1 0.3056640625
3 0.72265625 0.7861328125 0.724609375 0.8212890625 0.740234375 0.8505859375 0.7724609375 0.880859375 0.8017578125 0.896484375 0.8544921875 0.890625 0.8798828125 0.880859375 0.91015625 0.8564453125 0.93359375 0.8193359375 0.9365234375 0.798828125 0.93359375 0.7529296875 0.919921875 0.7197265625 0.8896484375 0.6953125 0.8505859375 0.68359375 0.8095703125 0.685546875 0.7587890625 0.71484375 0.734375 0.7451171875 0.72265625 0.7861328125
3 0.6396484375 0.396484375 0.6025390625 0.39453125 0.578125 0.4208984375 0.572265625 0.4423828125 0.576171875 0.4638671875 0.5986328125 0.4921875 0.6162109375 0.501953125 0.6337890625 0.5078125 0.6572265625 0.505859375 0.6845703125 0.470703125 0.685546875 0.4501953125 0.677734375 0.4267578125 0.6591796875 0.40625 0.6396484375 0.396484375
3 0.7744140625 0.05859375 0.748046875 0.0908203125 0.7421875 0.1103515625 0.7421875 0.1318359375 0.759765625 0.1669921875 0.8037109375 0.189453125 0.8271484375 0.189453125 0.8623046875 0.17578125 0.8828125 0.1533203125 0.8916015625 0.1328125 0.888671875 0.1083984375 0.865234375 0.0751953125 0.8154296875 0.048828125 0.7919921875 0.048828125 0.7744140625 0.05859375
3 0.8271484375 0.24609375 0.826171875 0.2177734375 0.8095703125 0.201171875 0.7705078125 0.197265625 0.748046875 0.2177734375 0.75 0.2451171875 0.7705078125 0.263671875 0.8017578125 0.263671875 0.8173828125 0.2578125 0.8271484375 0.24609375
3 0.8134765625 0.521484375 0.8271484375 0.50390625 0.826171875 0.4833984375 0.8076171875 0.470703125 0.7861328125 0.47265625 0.771484375 0.4892578125 0.771484375 0.5087890625 0.7861328125 0.5234375 0.8134765625 0.521484375
3 0.5869140625 0.833984375 0.5537109375 0.830078125 0.5283203125 0.83203125 0.51953125 0.8388671875 0.513671875 0.8857421875 0.521484375 0.9091796875 0.5361328125 0.92578125 0.5693359375 0.92578125 0.6015625 0.8955078125 0.6083984375 0.880859375 0.607421875 0.8525390625 0.5869140625 0.833984375
3 0.2890625 0.8095703125 0.2890625 0.8330078125 0.298828125 0.8583984375 0.3232421875 0.876953125 0.3466796875 0.876953125 0.3740234375 0.853515625 0.3994140625 0.875 0.4287109375 0.875 0.453125 0.8603515625 0.4619140625 0.837890625 0.458984375 0.8076171875 0.4423828125 0.791015625 0.4208984375 0.783203125 0.3916015625 0.783203125 0.3740234375 0.80078125 0.3564453125 0.779296875 0.3271484375 0.7734375 0.3095703125 0.78125 0.2890625 0.8095703125
3 0.2392578125 0.67578125 0.2001953125 0.67578125 0.1806640625 0.68359375 0.16796875 0.6943359375 0.162109375 0.7099609375 0.162109375 0.7451171875 0.1728515625 0.76171875 0.2255859375 0.76953125 0.2578125 0.7509765625 0.2626953125 0.73046875 0.26171875 0.6962890625 0.2392578125 0.67578125
3 0.169921875 0.1708984375 0.1982421875 0.21484375 0.2509765625 0.22265625 0.2822265625 0.21875 0.3310546875 0.23046875 0.37890625 0.1904296875 0.388671875 0.1748046875 0.384765625 0.1689453125 0.408203125 0.1474609375 0.4169921875 0.125 0.416015625 0.1044921875 0.40234375 0.0771484375 0.3935546875 0.068359375 0.3798828125 0.07421875 0.3740234375 0.0625 0.3486328125 0.046875 0.2880859375 0.037109375 0.2236328125 0.046875 0.1962890625 0.05859375 0.177734375 0.0830078125 0.169921875 0.1708984375
3 0.6611328125 0.037109375 0.6845703125 0.005859375 0.6845703125 0 0.541015625 0.0009765625 0.5546875 0.0244140625 0.5732421875 0.0390625 0.6123046875 0.048828125 0.6318359375 0.048828125 0.6611328125 0.037109375
3 0.8583984375 0 0.853515625 0.0107421875 0.853515625 0.0244140625 0.865234375 0.0439453125 0.9033203125 0.06640625 0.9404296875 0.06640625 0.9599609375 0.037109375 0.9609375 0.0224609375 0.9501953125 0 0.8583984375 0
3 0.0009765625 0 0 0.1123046875 0.0068359375 0.1171875 0.0341796875 0.11328125 0.0615234375 0.10546875 0.0869140625 0.08984375 0.107421875 0.0634765625 0.1181640625 0.029296875 0.1181640625 0 0.0009765625 0