3 0.5185546875 0.708984375 0.4814453125 0.73046875 0.43359375 0.7861328125 0.42578125 0.8525390625 0.431640625 0.8720703125 0.4580078125 0.900390625 0.5185546875 0.912109375 0.5380859375 0.904296875 0.580078125 0.8662109375 0.5947265625 0.830078125 0.595703125 0.8017578125 0.583984375 0.7822265625 0.55859375 0.7607421875 0.544921875 0.7197265625 0.5185546875 0.708984375
3 0.357421875 0.5419921875 0.345703125 0.5771484375 0.345703125 0.6142578125 0.359375 0.6376953125 0.369140625 0.6748046875 0.3896484375 0.689453125 0.4208984375 0.69140625 0.4423828125 0.68359375 0.5068359375 0.63671875 0.52734375 0.6064453125 0.5302734375 0.58984375 0.52734375 0.5556640625 0.4970703125 0.505859375 0.4228515625 0.498046875 0.3837890625 0.513671875 0.357421875 0.5419921875
3 0.7099609375 0.3984375 0.6953125 0.4130859375 0.677734375 0.4619140625 0.6953125 0.5146484375 0.7021484375 0.521484375 0.7294921875 0.52734375 0.7861328125 0.51953125 0.80859375 0.4990234375 0.8173828125 0.4765625 0.81640625 0.4501953125 0.806640625 0.4267578125 0.7587890625 0.384765625 0.7314453125 0.384765625 0.7099609375 0.3984375
3 0.921875 0.2529296875 0.91796875 0.2724609375 0.90234375 0.2958984375 0.896484375 0.3232421875 0.8984375 0.3564453125 0.9189453125 0.380859375 0.9501953125 0.380859375 0.9765625 0.3564453125 0.9833984375 0.3359375 0.984375 0.2939453125 0.974609375 0.2568359375 0.9658203125 0.2421875 0.9423828125 0.23828125 0.921875 0.2529296875
3 0.896484375 0.6943359375 0.875 0.7353515625 0.865234375 0.7705078125 0.865234375 0.7998046875 0.875 0.8310546875 0.9033203125 0.861328125 0.9326171875 0.87109375 0.9755859375 0.859375 0.9990234375 0.837890625 1 0.6748046875 0.9853515625 0.666015625 0.9599609375 0.662109375 0.9208984375 0.66796875 0.896484375 0.6943359375
3 0.2783203125 0.193359375 0.2001953125 0.232421875 0.1796875 0.2900390625 0.17578125 0.3193359375 0.17578125 0.3701171875 0.189453125 0.3916015625 0.19140625 0.4189453125 0.2353515625 0.419921875 0.2958984375 0.404296875 0.3505859375 0.404296875 0.388671875 0.3740234375 0.419921875 0.3291015625 0.4326171875 0.27734375 0.43359375 0.2373046875 0.427734375 0.2197265625 0.3798828125 0.18359375 0.3642578125 0.1796875 0.2783203125 0.193359375
3 0.1826171875 0 0.154296875 0.0595703125 0.15234375 0.1083984375 0.158203125 0.1357421875 0.1806640625 0.166015625 0.2119140625 0.1796875 0.2451171875 0.181640625 0.3603515625 0.15234375 0.376953125 0.1416015625 0.435546875 0.0693359375 0.4482421875 0.0234375 0.4482421875 0 0.1826171875 0
3 0 0.1416015625 0.025390625 0.1787109375 0.0361328125 0.18359375 0.0712890625 0.185546875 0.0830078125 0.1796875 0.107421875 0.1513671875 0.1123046875 0.123046875 0.109375 0.0791015625 0.0869140625 0.056640625 0.0498046875 0.05859375 0.0107421875 0.08203125 0 0.0947265625 0 0.1416015625
3 0.0556640625 0.255859375 0.044921875 0.2705078125 0.029296875 0.3154296875 0.009765625 0.3447265625 0.009765625 0.3564453125 0.0341796875 0.3828125 0.0869140625 0.390625 0.119140625 0.3662109375 0.1318359375 0.326171875 0.12890625 0.2880859375 0.119140625 0.2685546875 0.0966796875 0.251953125 0.0751953125 0.248046875 0.0556640625 0.255859375
3 0.0009765625 0.55859375 0.0234375 0.5439453125 0.0830078125 0.466796875 0.08203125 0.4404296875 0.0673828125 0.416015625 0.0166015625 0.39453125 0 0.3955078125 0.0009765625 0.55859375
3 0.04296875 0.5458984375 0.02734375 0.5751953125 0.02734375 0.5869140625 0.037109375 0.5966796875 0.0546875 0.6396484375 0.0791015625 0.666015625 0.1103515625 0.666015625 0.1259765625 0.658203125 0.138671875 0.6396484375 0.1435546875 0.607421875 0.140625 0.5693359375 0.1259765625 0.5546875 0.0966796875 0.541015625 0.0576171875 0.53515625 0.04296875 0.5458984375
3 0.162109375 0.8564453125 0.146484375 0.8798828125 0.140625 0.9033203125 0.142578125 0.9287109375 0.1591796875 0.9453125 0.2041015625 0.94140625 0.234375 0.9150390625 0.2431640625 0.890625 0.244140625 0.8779296875 0.236328125 0.8623046875 0.2197265625 0.84375 0.1787109375 0.84375 0.162109375 0.8564453125
3 0.041015625 0.8818359375 0.0576171875 0.900390625 0.1142578125 0.908203125 0.12890625 0.8955078125 0.1474609375 0.849609375 0.134765625 0.7958984375 0.0908203125 0.787109375 0.04296875 0.8134765625 0.037109375 0.8505859375 0.041015625 0.8818359375
3 0.037109375 0.9306640625 0.033203125 0.9873046875 0.0439453125 0.994140625 0.0693359375 0.990234375 0.1015625 0.9658203125 0.1142578125 0.943359375 0.115234375 0.9248046875 0.1044921875 0.912109375 0.0673828125 0.90625 0.0478515625 0.91015625 0.037109375 0.9306640625
3 0.0107421875 0.9765625 0.0234375 0.9619140625 0.0302734375 0.93359375 0.02734375 0.8544921875 0.015625 0.8310546875 0.0009765625 0.82421875 0.0009765625 0.978515625 0.0107421875 0.9765625
3 0.9169921875 1 0.916015625 0.9794921875 0.90625 0.9599609375 0.8857421875 0.94140625 0.8720703125 0.9375 0.8173828125 0.947265625 0.7900390625 0.974609375 0.7646484375 0.9765625 0.759765625 0.9853515625 0.7607421875 1 0.9169921875 1
3 0.91796875 0.5849609375 0.9296875 0.6083984375 0.9404296875 0.6171875 0.9521484375 0.6171875 0.9990234375 0.607421875 1 0.5068359375 0.9560546875 0.51171875 0.9306640625 0.5234375 0.916015625 0.5556640625 0.91796875 0.5849609375
3 0.841796875 0.0986328125 0.83203125 0.1298828125 0.845703125 0.1455078125 0.8515625 0.1669921875 0.84375 0.2080078125 0.8486328125 0.212890625 0.9111328125 0.1875 0.927734375 0.1708984375 0.9423828125 0.138671875 0.9638671875 0.123046875 0.9990234375 0.109375 1 0.0009765625 0.9482421875 0 0.9287109375 0.0078125 0.875 0.0498046875 0.841796875 0.0986328125