3 0.193359375 0.9345703125 0.181640625 0.9111328125 0.1611328125 0.89453125 0.138671875 0.8876953125 0.1005859375 0.892578125 0.0703125 0.9287109375 0.07421875 0.9755859375 0.0947265625 0.998046875 0.1669921875 0.998046875 0.193359375 0.9638671875 0.193359375 0.9345703125
3 0.494140625 0.9892578125 0.50390625 0.9638671875 0.5 0.9306640625 0.4775390625 0.904296875 0.44140625 0.8935546875 0.4169921875 0.896484375 0.39453125 0.9169921875 0.384765625 0.9462890625 0.38671875 0.9794921875 0.4033203125 0.998046875 0.4833984375 0.998046875 0.494140625 0.9892578125
3 0.4638671875 0.85546875 0.4990234375 0.87109375 0.5400390625 0.861328125 0.55859375 0.8408203125 0.5703125 0.8017578125 0.5703125 0.7802734375 0.55859375 0.7490234375 0.5380859375 0.73046875 0.51171875 0.7255859375 0.4873046875 0.7265625 0.4658203125 0.736328125 0.4453125 0.7607421875 0.435546875 0.7861328125 0.435546875 0.8193359375 0.44140625 0.8330078125 0.4638671875 0.85546875
3 0.6240234375 0.884765625 0.6611328125 0.89453125 0.6884765625 0.888671875 0.7041015625 0.880859375 0.73828125 0.8408203125 0.744140625 0.8154296875 0.7421875 0.7783203125 0.7099609375 0.740234375 0.69140625 0.7353515625 0.6669921875 0.734375 0.6220703125 0.751953125 0.607421875 0.7646484375 0.59375 0.7900390625 0.59375 0.8447265625 0.599609375 0.8623046875 0.6240234375 0.884765625
3 0.6005859375 0.509765625 0.6259765625 0.509765625 0.658203125 0.4833984375 0.666015625 0.4658203125 0.66796875 0.4345703125 0.6513671875 0.40234375 0.6337890625 0.388671875 0.611328125 0.3818359375 0.5849609375 0.3828125 0.55859375 0.4052734375 0.548828125 0.4287109375 0.548828125 0.4501953125 0.560546875 0.4775390625 0.5810546875 0.5 0.6005859375 0.509765625
3 0.55859375 0.5341796875 0.521484375 0.5087890625 0.4970703125 0.51171875 0.484375 0.5341796875 0.4921875 0.5595703125 0.5126953125 0.57421875 0.5380859375 0.5703125 0.560546875 0.5498046875 0.55859375 0.5341796875
3 0.35546875 0.4912109375 0.35546875 0.4697265625 0.34765625 0.4560546875 0.318359375 0.4404296875 0.2939453125 0.44140625 0.275390625 0.4677734375 0.27734375 0.5009765625 0.3017578125 0.5234375 0.3349609375 0.521484375 0.34765625 0.5107421875 0.35546875 0.4912109375
3 0.0703125 0.5009765625 0.03125 0.4833984375 0.0166015625 0.48828125 0.001953125 0.5068359375 0.001953125 0.5556640625 0.0244140625 0.5703125 0.0693359375 0.5546875 0.08203125 0.5400390625 0.0703125 0.5009765625
3 0.0244140625 0.5703125 0.0634765625 0.55859375 0.08203125 0.5419921875 0.08203125 0.5244140625 0.072265625 0.5009765625 0.09375 0.4853515625 0.095703125 0.4638671875 0.0849609375 0.4453125 0.064453125 0.4365234375 0.0439453125 0.435546875 0.029296875 0.4462890625 0.02734375 0.4677734375 0.033203125 0.4794921875 0.00390625 0.4990234375 0.001953125 0.5556640625 0.0244140625 0.5703125
3 0.8466796875 0.310546875 0.8720703125 0.3046875 0.900390625 0.2763671875 0.912109375 0.2529296875 0.912109375 0.2314453125 0.908203125 0.2158203125 0.8876953125 0.1953125 0.84375 0.1865234375 0.8154296875 0.1875 0.7978515625 0.197265625 0.783203125 0.2412109375 0.787109375 0.2646484375 0.798828125 0.2841796875 0.8154296875 0.30078125 0.8466796875 0.310546875
3 1 0.2802734375 0.9814453125 0.283203125 0.9541015625 0.310546875 0.9345703125 0.3125 0.916015625 0.3349609375 0.91796875 0.3740234375 0.927734375 0.4052734375 0.9619140625 0.4375 0.9931640625 0.455078125 1 0.4541015625 1 0.2802734375
3 0.8642578125 0.759765625 0.896484375 0.7255859375 0.90234375 0.7138671875 0.90234375 0.6748046875 0.896484375 0.6572265625 0.8828125 0.6494140625 0.8408203125 0.6484375 0.814453125 0.6630859375 0.80859375 0.7119140625 0.810546875 0.7392578125 0.8193359375 0.75390625 0.8369140625 0.76171875 0.8642578125 0.759765625
3 1 0.9169921875 0.98046875 0.9365234375 0.966796875 0.9638671875 0.9716796875 0.998046875 1 0.9970703125 1 0.9169921875
3 0.966796875 0.6748046875 0.98046875 0.7119140625 0.9990234375 0.732421875 1 0.6064453125 0.974609375 0.6337890625 0.966796875 0.6748046875
3 0.76953125 0.0458984375 0.779296875 0.0244140625 0.779296875 0.0009765625 0.6435546875 0 0.64453125 0.0302734375 0.6708984375 0.064453125 0.6982421875 0.076171875 0.7294921875 0.078125 0.7490234375 0.0703125 0.76953125 0.0458984375
3 0.8515625 0.0556640625 0.845703125 0.0302734375 0.822265625 0.0126953125 0.7978515625 0.013671875 0.787109375 0.0322265625 0.787109375 0.0576171875 0.7939453125 0.0703125 0.8076171875 0.078125 0.8330078125 0.07421875 0.8515625 0.0556640625