3 0.59375 0.1728515625 0.587890625 0.1884765625 0.5859375 0.2197265625 0.595703125 0.2607421875 0.6220703125 0.287109375 0.6533203125 0.302734375 0.6923828125 0.296875 0.7119140625 0.287109375 0.73828125 0.2568359375 0.7470703125 0.22265625 0.736328125 0.1630859375 0.7099609375 0.130859375 0.6923828125 0.123046875 0.6728515625 0.12109375 0.6396484375 0.12890625 0.59375 0.1728515625
3 0.8525390625 0.083984375 0.8330078125 0.080078125 0.80859375 0.1142578125 0.791015625 0.1708984375 0.79296875 0.1904296875 0.810546875 0.2236328125 0.8466796875 0.248046875 0.8974609375 0.25390625 0.9345703125 0.23828125 0.9501953125 0.216796875 0.947265625 0.1591796875 0.900390625 0.0849609375 0.8837890625 0.072265625 0.8525390625 0.083984375
3 0.8193359375 0.388671875 0.8203125 0.3603515625 0.7958984375 0.337890625 0.7685546875 0.337890625 0.744140625 0.3623046875 0.74609375 0.3974609375 0.7607421875 0.41015625 0.7822265625 0.416015625 0.8076171875 0.4140625 0.8193359375 0.388671875
3 0.939453125 0.1064453125 0.96875 0.1591796875 0.9990234375 0.1875 1 0.0009765625 0.9892578125 0 0.943359375 0.0439453125 0.93359375 0.0791015625 0.939453125 0.1064453125
3 0.947265625 0.3349609375 0.96484375 0.3779296875 0.9990234375 0.40625 0.9990234375 0.236328125 0.9794921875 0.244140625 0.9609375 0.2646484375 0.947265625 0.2978515625 0.947265625 0.3349609375
3 0.9482421875 0.658203125 0.9990234375 0.654296875 1 0.5478515625 0.9912109375 0.546875 0.9521484375 0.560546875 0.931640625 0.5791015625 0.92578125 0.6220703125 0.93359375 0.6474609375 0.9482421875 0.658203125
3 0.982421875 0.4814453125 0.9775390625 0.466796875 0.9560546875 0.455078125 0.9208984375 0.458984375 0.90234375 0.4775390625 0.888671875 0.5068359375 0.89453125 0.5322265625 0.9248046875 0.55859375 0.9814453125 0.541015625 0.9990234375 0.529296875 1 0.4931640625 0.982421875 0.4814453125
3 0.2919921875 0.05859375 0.29296875 0.0341796875 0.2763671875 0 0.150390625 0.0009765625 0.158203125 0.0634765625 0.171875 0.0849609375 0.1962890625 0.10546875 0.2509765625 0.11328125 0.2734375 0.0927734375 0.2919921875 0.05859375
3 0.3447265625 0.048828125 0.3115234375 0.0546875 0.291015625 0.0771484375 0.27734375 0.1181640625 0.27734375 0.1376953125 0.2978515625 0.162109375 0.3857421875 0.185546875 0.4013671875 0.1796875 0.427734375 0.1474609375 0.4306640625 0.125 0.423828125 0.0908203125 0.404296875 0.0751953125 0.3955078125 0.05859375 0.3779296875 0.048828125 0.3447265625 0.048828125
3 0.259765625 0.1435546875 0.2373046875 0.12890625 0.2001953125 0.119140625 0.177734375 0.1396484375 0.17578125 0.1552734375 0.189453125 0.1845703125 0.2138671875 0.203125 0.2509765625 0.205078125 0.263671875 0.1884765625 0.2646484375 0.177734375 0.259765625 0.1435546875
3 0.48046875 0.3701171875 0.4423828125 0.333984375 0.3994140625 0.333984375 0.373046875 0.3583984375 0.37109375 0.4033203125 0.3916015625 0.4296875 0.4130859375 0.443359375 0.4423828125 0.4453125 0.4716796875 0.435546875 0.4892578125 0.408203125 0.490234375 0.3916015625 0.48046875 0.3701171875
3 0.3056640625 0.625 0.30078125 0.5986328125 0.2763671875 0.57421875 0.2470703125 0.572265625 0.22265625 0.5927734375 0.224609375 0.6376953125 0.2470703125 0.658203125 0.2802734375 0.658203125 0.296875 0.6455078125 0.3056640625 0.625
3 0.6455078125 0.599609375 0.6220703125 0.599609375 0.6015625 0.6220703125 0.595703125 0.6962890625 0.611328125 0.7255859375 0.6572265625 0.771484375 0.7216796875 0.7734375 0.7529296875 0.767578125 0.771484375 0.7548828125 0.8056640625 0.66015625 0.80078125 0.6376953125 0.7880859375 0.625 0.7509765625 0.607421875 0.6865234375 0.599609375 0.6650390625 0.609375 0.6455078125 0.599609375
3 0.7421875 0.8251953125 0.7294921875 0.8046875 0.7099609375 0.798828125 0.6513671875 0.80078125 0.634765625 0.8134765625 0.640625 0.8505859375 0.6513671875 0.86328125 0.6728515625 0.873046875 0.7197265625 0.873046875 0.7412109375 0.849609375 0.7421875 0.8251953125
3 0.8955078125 1 0.9150390625 0.994140625 0.9609375 0.9580078125 0.96875 0.9365234375 0.9736328125 0.8828125 0.955078125 0.8408203125 0.9189453125 0.8125 0.8486328125 0.810546875 0.80078125 0.8486328125 0.78515625 0.8759765625 0.78125 0.8994140625 0.80078125 0.9736328125 0.8134765625 0.98828125 0.8466796875 1 0.8955078125 1
3 0.8876953125 0.60546875 0.88671875 0.5888671875 0.8662109375 0.572265625 0.8369140625 0.57421875 0.81640625 0.5947265625 0.818359375 0.6142578125 0.8330078125 0.62890625 0.8505859375 0.634765625 0.8759765625 0.626953125 0.8876953125 0.60546875
3 0.080078125 0.8525390625 0.087890625 0.8701171875 0.08984375 0.9033203125 0.1123046875 0.92578125 0.1376953125 0.94140625 0.1767578125 0.94921875 0.2158203125 0.94140625 0.2607421875 0.919921875 0.29296875 0.8837890625 0.3076171875 0.837890625 0.298828125 0.8017578125 0.279296875 0.7724609375 0.2509765625 0.74609375 0.2216796875 0.736328125 0.1787109375 0.734375 0.1416015625 0.748046875 0.091796875 0.7939453125 0.083984375 0.8076171875 0.080078125 0.8525390625
3 0.11328125 0.5751953125 0.0849609375 0.556640625 0.0458984375 0.544921875 0.0009765625 0.51953125 0 0.7744140625 0.0244140625 0.78125 0.0302734375 0.7890625 0.0458984375 0.787109375 0.109375 0.7431640625 0.1318359375 0.701171875 0.12890625 0.6044921875 0.11328125 0.5751953125
3 0 0.5009765625 0.0458984375 0.53515625 0.0771484375 0.544921875 0.1142578125 0.541015625 0.1328125 0.5224609375 0.1376953125 0.49609375 0.1328125 0.4560546875 0.0771484375 0.390625 0.0634765625 0.38671875 0 0.4228515625 0 0.5009765625
3 0.060546875 0.3681640625 0.0693359375 0.3359375 0.064453125 0.2939453125 0.046875 0.2685546875 0.0009765625 0.255859375 0.0009765625 0.41015625 0.0205078125 0.40625 0.05078125 0.3818359375 0.060546875 0.3681640625
3 0.0009765625 0 0 0.1806640625 0.0634765625 0.212890625 0.0908203125 0.216796875 0.109375 0.2060546875 0.1181640625 0.171875 0.1171875 0.1474609375 0.078125 0.0751953125 0.0546875 0.0439453125 0.044921875 0.0166015625 0.0322265625 0 0.0009765625 0