3 0.3916015625 0.37109375 0.3486328125 0.33984375 0.3017578125 0.357421875 0.28515625 0.3740234375 0.263671875 0.4111328125 0.265625 0.4287109375 0.2861328125 0.44921875 0.318359375 0.4560546875 0.3466796875 0.455078125 0.3759765625 0.439453125 0.39453125 0.4208984375 0.404296875 0.3935546875 0.3916015625 0.37109375
3 0.8056640625 0.296875 0.7822265625 0.287109375 0.7509765625 0.287109375 0.720703125 0.2958984375 0.697265625 0.3369140625 0.69921875 0.3564453125 0.7138671875 0.376953125 0.7421875 0.3818359375 0.7666015625 0.3828125 0.7822265625 0.376953125 0.818359375 0.3486328125 0.822265625 0.3193359375 0.8056640625 0.296875
3 0.7666015625 0.41015625 0.7314453125 0.42578125 0.71875 0.4384765625 0.712890625 0.4501953125 0.71484375 0.4736328125 0.7294921875 0.4921875 0.748046875 0.4990234375 0.7822265625 0.498046875 0.80859375 0.4775390625 0.81640625 0.4423828125 0.8037109375 0.41796875 0.7666015625 0.41015625
3 0.9541015625 0.654296875 0.9423828125 0.6484375 0.9130859375 0.6484375 0.8896484375 0.658203125 0.86328125 0.6826171875 0.853515625 0.7158203125 0.8720703125 0.73828125 0.88671875 0.7451171875 0.9208984375 0.74609375 0.9404296875 0.740234375 0.96484375 0.7216796875 0.970703125 0.6748046875 0.9541015625 0.654296875
3 0.7861328125 0.591796875 0.7431640625 0.595703125 0.712890625 0.6181640625 0.703125 0.6337890625 0.701171875 0.6533203125 0.724609375 0.6845703125 0.7685546875 0.68359375 0.802734375 0.6650390625 0.818359375 0.6279296875 0.8056640625 0.599609375 0.7861328125 0.591796875
3 0.7431640625 0.74609375 0.728515625 0.7626953125 0.7265625 0.7861328125 0.73828125 0.8095703125 0.765625 0.8154296875 0.7802734375 0.81640625 0.810546875 0.7861328125 0.806640625 0.7568359375 0.7880859375 0.7421875 0.7431640625 0.74609375
3 0.6787109375 0.65625 0.6650390625 0.650390625 0.6396484375 0.65234375 0.615234375 0.6767578125 0.6171875 0.7041015625 0.638671875 0.7158203125 0.6669921875 0.716796875 0.68359375 0.7060546875 0.69140625 0.6923828125 0.69140625 0.6748046875 0.6787109375 0.65625
3 0.3291015625 0.544921875 0.3203125 0.5595703125 0.326171875 0.5869140625 0.3369140625 0.599609375 0.34765625 0.6025390625 0.3916015625 0.599609375 0.412109375 0.5791015625 0.408203125 0.5458984375 0.3818359375 0.5234375 0.3291015625 0.544921875
3 0.3251953125 0.69921875 0.2939453125 0.6953125 0.2783203125 0.705078125 0.2548828125 0.705078125 0.236328125 0.7216796875 0.23046875 0.7529296875 0.236328125 0.7646484375 0.267578125 0.7783203125 0.2880859375 0.77734375 0.318359375 0.7587890625 0.3359375 0.7314453125 0.333984375 0.7099609375 0.3251953125 0.69921875
3 0.171875 0.6826171875 0.1796875 0.6728515625 0.1796875 0.6513671875 0.169921875 0.6279296875 0.1572265625 0.6171875 0.1376953125 0.615234375 0.1201171875 0.62109375 0.1142578125 0.6484375 0.0810546875 0.642578125 0.0654296875 0.6484375 0.0390625 0.6845703125 0.048828125 0.7236328125 0.0556640625 0.73046875 0.0986328125 0.728515625 0.115234375 0.7529296875 0.1591796875 0.75 0.17578125 0.7392578125 0.185546875 0.7197265625 0.185546875 0.7021484375 0.171875 0.6826171875
3 0.5986328125 0.001953125 0.5517578125 0.001953125 0.517578125 0.0205078125 0.517578125 0.0634765625 0.5283203125 0.07421875 0.5546875 0.0830078125 0.5751953125 0.083984375 0.611328125 0.0615234375 0.62109375 0.0283203125 0.6103515625 0.0078125 0.5986328125 0.001953125
3 0.9228515625 0 0.8984375 0.0048828125 0.9150390625 0.0234375 0.94921875 0.0341796875 0.9951171875 0.03125 0.998046875 0.0048828125 0.9931640625 0 0.9228515625 0
3 0.9150390625 0.068359375 0.88671875 0.0947265625 0.88671875 0.1396484375 0.9130859375 0.15625 0.931640625 0.1591796875 0.9638671875 0.16015625 0.99609375 0.1298828125 0.99609375 0.0869140625 0.9697265625 0.06640625 0.9150390625 0.068359375
3 0.79296875 0.0302734375 0.8115234375 0.046875 0.83203125 0.0498046875 0.8447265625 0.05078125 0.87890625 0.0302734375 0.8759765625 0.001953125 0.791015625 0.0048828125 0.79296875 0.0302734375
3 0 0.5751953125 0.0224609375 0.57421875 0.048828125 0.5556640625 0.05078125 0.5224609375 0.0302734375 0.48828125 0 0.4873046875 0 0.5751953125
3 0.2802734375 0 0.267578125 0.0048828125 0.26953125 0.0224609375 0.2841796875 0.037109375 0.3046875 0.0458984375 0.3134765625 0.046875 0.330078125 0.0341796875 0.34375 0.0107421875 0.3408203125 0.001953125 0.2802734375 0
3 0.8818359375 0.365234375 0.86328125 0.3779296875 0.861328125 0.4033203125 0.875 0.4208984375 0.8974609375 0.421875 0.9140625 0.4111328125 0.92578125 0.3837890625 0.9150390625 0.3671875 0.8818359375 0.365234375