3 0.50390625 0.8955078125 0.4765625 0.9599609375 0.470703125 0.9990234375 0.8544921875 1 0.861328125 0.9306640625 0.833984375 0.8720703125 0.7744140625 0.82421875 0.7294921875 0.8046875 0.697265625 0.7998046875 0.5986328125 0.806640625 0.5380859375 0.84765625 0.50390625 0.8955078125
3 0.2421875 0.7412109375 0.2578125 0.7685546875 0.2763671875 0.779296875 0.2998046875 0.779296875 0.3271484375 0.76953125 0.353515625 0.7392578125 0.361328125 0.7197265625 0.357421875 0.6982421875 0.3291015625 0.66796875 0.296875 0.6591796875 0.2587890625 0.66796875 0.240234375 0.6943359375 0.2421875 0.7412109375
3 1 0.1357421875 0.982421875 0.1337890625 0.8916015625 0.138671875 0.8779296875 0.14453125 0.818359375 0.2060546875 0.80859375 0.2353515625 0.8046875 0.2998046875 0.80859375 0.3330078125 0.818359375 0.3564453125 0.8525390625 0.40625 0.9130859375 0.4375 0.9482421875 0.4375 1 0.4228515625 1 0.1357421875
3 0.0390625 0.1083984375 0.052734375 0.1572265625 0.0771484375 0.18359375 0.0927734375 0.19140625 0.1630859375 0.2109375 0.2138671875 0.212890625 0.2529296875 0.19921875 0.30078125 0.1474609375 0.314453125 0.1103515625 0.318359375 0.0556640625 0.302734375 0.0009765625 0.0751953125 0 0.041015625 0.0693359375 0.0390625 0.1083984375
3 1 0.0009765625 0.921875 0.0009765625 0.90625 0.0498046875 0.90625 0.0712890625 0.9189453125 0.09765625 0.9599609375 0.109375 1 0.1123046875 1 0.0009765625
3 0.8359375 0.7373046875 0.8359375 0.7548828125 0.861328125 0.7822265625 0.857421875 0.8095703125 0.873046875 0.8427734375 0.8974609375 0.861328125 0.9306640625 0.86328125 0.958984375 0.8251953125 0.95703125 0.7880859375 0.931640625 0.7587890625 0.92578125 0.7294921875 0.884765625 0.6962890625 0.8662109375 0.69921875 0.849609375 0.7158203125 0.8359375 0.7373046875
3 1 0.5947265625 0.9658203125 0.59375 0.9365234375 0.60546875 0.91015625 0.6337890625 0.888671875 0.6748046875 0.896484375 0.6943359375 0.94921875 0.7568359375 0.9677734375 0.7734375 0.9873046875 0.78125 1 0.7802734375 1 0.5947265625
3 0.35546875 0.7490234375 0.310546875 0.7841796875 0.310546875 0.8017578125 0.3310546875 0.84375 0.3623046875 0.83984375 0.408203125 0.8056640625 0.421875 0.7666015625 0.3984375 0.7236328125 0.3779296875 0.73046875 0.3662109375 0.7265625 0.35546875 0.7490234375
3 0 0.9013671875 0.0126953125 0.9140625 0.0595703125 0.91015625 0.078125 0.8896484375 0.080078125 0.8466796875 0.07421875 0.8232421875 0.0634765625 0.8046875 0.041015625 0.7939453125 0.0263671875 0.794921875 0.0166015625 0.806640625 0 0.8134765625 0 0.9013671875
3 0.23046875 0.5185546875 0.2431640625 0.552734375 0.2822265625 0.560546875 0.2958984375 0.5546875 0.3046875 0.5419921875 0.306640625 0.5087890625 0.30078125 0.4873046875 0.2734375 0.4716796875 0.2568359375 0.470703125 0.244140625 0.4775390625 0.23046875 0.5185546875
3 0.498046875 0.6396484375 0.490234375 0.6689453125 0.49609375 0.7177734375 0.5185546875 0.740234375 0.5712890625 0.748046875 0.5986328125 0.73828125 0.6337890625 0.73828125 0.64453125 0.7275390625 0.666015625 0.6728515625 0.666015625 0.6552734375 0.65234375 0.6416015625 0.6357421875 0.6015625 0.583984375 0.5810546875 0.5693359375 0.58203125 0.5302734375 0.6015625 0.498046875 0.6396484375