3 0.423828125 0.0498046875 0.4541015625 0.0859375 0.4912109375 0.09765625 0.5341796875 0.099609375 0.5654296875 0.0859375 0.591796875 0.0615234375 0.595703125 0.0009765625 0.4091796875 0 0.408203125 0.0107421875 0.423828125 0.0498046875
3 0.392578125 0.1904296875 0.392578125 0.2314453125 0.4150390625 0.28125 0.4580078125 0.306640625 0.4912109375 0.310546875 0.5224609375 0.296875 0.54296875 0.2724609375 0.552734375 0.2431640625 0.552734375 0.2119140625 0.546875 0.1982421875 0.5185546875 0.173828125 0.4609375 0.1552734375 0.4091796875 0.162109375 0.3984375 0.1728515625 0.392578125 0.1904296875
3 0.5703125 0.2666015625 0.56640625 0.2958984375 0.576171875 0.3232421875 0.5888671875 0.337890625 0.6123046875 0.349609375 0.6396484375 0.349609375 0.6611328125 0.33984375 0.689453125 0.3134765625 0.701171875 0.2861328125 0.69921875 0.2568359375 0.689453125 0.2373046875 0.6708984375 0.22265625 0.65234375 0.2197265625 0.6025390625 0.2265625 0.58203125 0.2451171875 0.5703125 0.2666015625
3 1 0.2666015625 0.9658203125 0.267578125 0.9345703125 0.283203125 0.900390625 0.3310546875 0.90234375 0.3681640625 0.9140625 0.3955078125 0.9345703125 0.416015625 0.9638671875 0.431640625 1 0.4306640625 1 0.2666015625
3 0.3232421875 0.396484375 0.310546875 0.4052734375 0.306640625 0.4208984375 0.29296875 0.4287109375 0.29296875 0.4833984375 0.3193359375 0.509765625 0.3994140625 0.513671875 0.44140625 0.4775390625 0.44140625 0.4423828125 0.423828125 0.4033203125 0.4150390625 0.392578125 0.392578125 0.3857421875 0.3759765625 0.384765625 0.3466796875 0.3984375 0.3232421875 0.396484375
3 0 0.7353515625 0.0244140625 0.736328125 0.0693359375 0.724609375 0.1083984375 0.705078125 0.134765625 0.6767578125 0.162109375 0.6181640625 0.171875 0.5595703125 0.154296875 0.5029296875 0.1220703125 0.4609375 0.0849609375 0.439453125 0.01171875 0.4287109375 0 0.4306640625 0 0.7353515625
3 0.0390625 0.3857421875 0.048828125 0.3232421875 0.041015625 0.2900390625 0.00390625 0.2392578125 0 0.4052734375 0.0166015625 0.40625 0.0390625 0.3857421875
3 0.208984375 0.6181640625 0.208984375 0.6533203125 0.22265625 0.6865234375 0.2744140625 0.71484375 0.3076171875 0.71484375 0.3349609375 0.705078125 0.3515625 0.6904296875 0.361328125 0.6650390625 0.361328125 0.6220703125 0.3515625 0.5869140625 0.3388671875 0.572265625 0.294921875 0.5498046875 0.2685546875 0.55078125 0.2353515625 0.57421875 0.208984375 0.6181640625
3 0.037109375 0.8232421875 0.037109375 0.8388671875 0.05078125 0.8759765625 0.0654296875 0.8828125 0.0869140625 0.90625 0.1181640625 0.908203125 0.1474609375 0.8984375 0.1796875 0.8544921875 0.1796875 0.8154296875 0.142578125 0.7626953125 0.0751953125 0.767578125 0.060546875 0.7783203125 0.037109375 0.8232421875
3 0.1298828125 0.923828125 0.11328125 0.9501953125 0.099609375 0.9990234375 0.373046875 0.9990234375 0.3515625 0.9541015625 0.3056640625 0.904296875 0.2841796875 0.888671875 0.244140625 0.8779296875 0.2138671875 0.876953125 0.1962890625 0.8828125 0.1298828125 0.923828125
3 0.333984375 0.8701171875 0.328125 0.8896484375 0.33203125 0.9130859375 0.3515625 0.9423828125 0.3759765625 0.96484375 0.4072265625 0.958984375 0.41796875 0.9423828125 0.416015625 0.9013671875 0.390625 0.8505859375 0.3779296875 0.859375 0.3525390625 0.849609375 0.333984375 0.8701171875
3 0.521484375 0.9580078125 0.509765625 0.9990234375 0.6884765625 1 0.6796875 0.9384765625 0.6552734375 0.9140625 0.6328125 0.9072265625 0.5849609375 0.908203125 0.5478515625 0.927734375 0.521484375 0.9580078125
3 0.623046875 0.7509765625 0.6376953125 0.76953125 0.6826171875 0.78125 0.712890625 0.7646484375 0.72265625 0.7392578125 0.724609375 0.7119140625 0.7060546875 0.689453125 0.6953125 0.6865234375 0.6533203125 0.689453125 0.6171875 0.7177734375 0.623046875 0.7509765625
3 0.87890625 0.6455078125 0.8994140625 0.666015625 0.9404296875 0.662109375 0.953125 0.6455078125 0.955078125 0.6162109375 0.92578125 0.5966796875 0.9033203125 0.595703125 0.87890625 0.6181640625 0.87890625 0.6455078125
3 0.474609375 0.6025390625 0.5048828125 0.638671875 0.5673828125 0.640625 0.57421875 0.6142578125 0.56640625 0.6005859375 0.560546875 0.5595703125 0.5537109375 0.55078125 0.52734375 0.5419921875 0.5009765625 0.541015625 0.466796875 0.5615234375 0.474609375 0.6025390625
3 0.11328125 0.2900390625 0.109375 0.3427734375 0.125 0.3759765625 0.1533203125 0.40234375 0.2216796875 0.404296875 0.25390625 0.3642578125 0.259765625 0.3173828125 0.24609375 0.2783203125 0.21875 0.2353515625 0.203125 0.2236328125 0.1572265625 0.224609375 0.126953125 0.2587890625 0.11328125 0.2900390625