3 0.0263671875 0.013671875 0.0029296875 0.0234375 0 0.1416015625 0.0224609375 0.15625 0.0654296875 0.142578125 0.099609375 0.0966796875 0.1044921875 0.052734375 0.1015625 0.0439453125 0.0654296875 0.013671875 0.0263671875 0.013671875
3 0.3505859375 0.759765625 0.3828125 0.7314453125 0.392578125 0.7080078125 0.3935546875 0.681640625 0.37890625 0.6435546875 0.3603515625 0.626953125 0.3447265625 0.62109375 0.3056640625 0.623046875 0.2880859375 0.638671875 0.2744140625 0.642578125 0.255859375 0.6728515625 0.251953125 0.6904296875 0.2578125 0.7275390625 0.2880859375 0.759765625 0.3115234375 0.765625 0.3505859375 0.759765625
3 0.4423828125 0.896484375 0.4375 0.8583984375 0.4072265625 0.830078125 0.3701171875 0.82421875 0.3388671875 0.83984375 0.326171875 0.8564453125 0.326171875 0.8720703125 0.341796875 0.9052734375 0.3544921875 0.921875 0.3681640625 0.927734375 0.4208984375 0.923828125 0.44140625 0.9091796875 0.4423828125 0.896484375
3 0.5078125 0.5361328125 0.52734375 0.4990234375 0.5283203125 0.474609375 0.525390625 0.4560546875 0.5068359375 0.4296875 0.4404296875 0.408203125 0.416015625 0.4248046875 0.39453125 0.4677734375 0.390625 0.4892578125 0.4365234375 0.55859375 0.4482421875 0.568359375 0.4755859375 0.572265625 0.4970703125 0.5625 0.5078125 0.5478515625 0.5078125 0.5361328125
3 0.740234375 0.6220703125 0.7431640625 0.56640625 0.7197265625 0.53515625 0.7001953125 0.525390625 0.6650390625 0.525390625 0.6337890625 0.537109375 0.603515625 0.5615234375 0.59765625 0.5751953125 0.591796875 0.6201171875 0.6015625 0.6474609375 0.6376953125 0.6796875 0.6650390625 0.681640625 0.6943359375 0.673828125 0.740234375 0.6220703125
3 0.8447265625 0.240234375 0.83984375 0.2236328125 0.8212890625 0.203125 0.7802734375 0.197265625 0.7509765625 0.212890625 0.732421875 0.2451171875 0.736328125 0.2666015625 0.7451171875 0.27734375 0.7626953125 0.28515625 0.8115234375 0.2890625 0.830078125 0.2822265625 0.84375 0.2607421875 0.8447265625 0.240234375
3 0.3388671875 0.275390625 0.3681640625 0.29296875 0.3974609375 0.28515625 0.4296875 0.2470703125 0.4345703125 0.208984375 0.4208984375 0.169921875 0.3818359375 0.158203125 0.3623046875 0.146484375 0.3505859375 0.130859375 0.33203125 0.1318359375 0.33203125 0.1630859375 0.322265625 0.1787109375 0.32421875 0.1923828125 0.314453125 0.2060546875 0.3125 0.2255859375 0.318359375 0.2509765625 0.3388671875 0.275390625
3 0.46875 0.1533203125 0.466796875 0.1962890625 0.4775390625 0.208984375 0.4892578125 0.2109375 0.5205078125 0.205078125 0.537109375 0.1767578125 0.5361328125 0.150390625 0.5068359375 0.130859375 0.4873046875 0.13671875 0.46875 0.1533203125
3 0.216796875 0.3662109375 0.224609375 0.3994140625 0.2333984375 0.408203125 0.2568359375 0.427734375 0.2783203125 0.4296875 0.2998046875 0.423828125 0.345703125 0.3955078125 0.357421875 0.3583984375 0.3564453125 0.333984375 0.349609375 0.3134765625 0.3095703125 0.279296875 0.2744140625 0.27734375 0.2216796875 0.2890625 0.212890625 0.3056640625 0.21875 0.3251953125 0.2060546875 0.328125 0.203125 0.3466796875 0.1962890625 0.337890625 0.193359375 0.3505859375 0.2001953125 0.36328125 0.216796875 0.3662109375
3 0.658203125 0.0439453125 0.658203125 0.0556640625 0.6708984375 0.072265625 0.7001953125 0.087890625 0.71484375 0.0849609375 0.728515625 0.0595703125 0.7353515625 0 0.671875 0.0029296875 0.662109375 0.0185546875 0.658203125 0.0439453125
3 0.6748046875 0 0.658203125 0.0341796875 0.662109375 0.0634765625 0.7001953125 0.087890625 0.7216796875 0.080078125 0.7314453125 0.060546875 0.740234375 0.0771484375 0.7587890625 0.091796875 0.7880859375 0.087890625 0.8046875 0.0654296875 0.8056640625 0.046875 0.80078125 0.0283203125 0.7861328125 0.013671875 0.7626953125 0.00390625 0.7470703125 0.00390625 0.7392578125 0.013671875 0.7373046875 0 0.6748046875 0
3 0.2587890625 0 0.2578125 0.0068359375 0.2685546875 0.02734375 0.2978515625 0.041015625 0.3271484375 0.033203125 0.3623046875 0 0.2587890625 0