3 0.744140625 0.6123046875 0.7265625 0.5771484375 0.7099609375 0.560546875 0.6494140625 0.52734375 0.5869140625 0.52734375 0.5439453125 0.541015625 0.5146484375 0.55859375 0.4453125 0.6240234375 0.43359375 0.6455078125 0.42578125 0.6884765625 0.43359375 0.7392578125 0.4658203125 0.78515625 0.4892578125 0.798828125 0.52734375 0.8076171875 0.5732421875 0.806640625 0.6025390625 0.796875 0.6826171875 0.736328125 0.7314453125 0.7109375 0.744140625 0.6962890625 0.75 0.6611328125 0.744140625 0.6123046875
3 0.7060546875 0.755859375 0.6806640625 0.76953125 0.64453125 0.8076171875 0.64453125 0.8583984375 0.65234375 0.8740234375 0.6826171875 0.892578125 0.7109375 0.9013671875 0.7626953125 0.8828125 0.79296875 0.8349609375 0.796875 0.7958984375 0.783203125 0.7587890625 0.7705078125 0.75 0.7353515625 0.74609375 0.7060546875 0.755859375
3 0.5166015625 0.88671875 0.4384765625 0.9296875 0.4052734375 0.935546875 0.3466796875 0.978515625 0.337890625 0.9990234375 0.7060546875 1 0.70703125 0.9833984375 0.701171875 0.9619140625 0.685546875 0.9404296875 0.6435546875 0.904296875 0.5986328125 0.888671875 0.5166015625 0.88671875
3 0.76171875 0.9345703125 0.755859375 0.9462890625 0.755859375 0.9775390625 0.763671875 0.9990234375 0.8154296875 1 0.837890625 0.9775390625 0.83984375 0.9443359375 0.8291015625 0.919921875 0.8134765625 0.912109375 0.7900390625 0.912109375 0.76171875 0.9345703125
3 0.3583984375 0.375 0.3271484375 0.3828125 0.3125 0.3955078125 0.287109375 0.4404296875 0.287109375 0.4619140625 0.3115234375 0.5 0.3349609375 0.515625 0.369140625 0.5224609375 0.4052734375 0.515625 0.431640625 0.4912109375 0.4453125 0.4345703125 0.43359375 0.4052734375 0.4208984375 0.392578125 0.3974609375 0.380859375 0.3583984375 0.375
3 0.4130859375 0.23046875 0.396484375 0.2451171875 0.388671875 0.2685546875 0.404296875 0.3154296875 0.4375 0.3349609375 0.4755859375 0.333984375 0.494140625 0.3193359375 0.5 0.3056640625 0.501953125 0.2822265625 0.4921875 0.2548828125 0.4638671875 0.224609375 0.4130859375 0.23046875
3 0.3212890625 0.2109375 0.2939453125 0.19921875 0.2548828125 0.201171875 0.2197265625 0.216796875 0.197265625 0.2373046875 0.189453125 0.2626953125 0.19140625 0.2841796875 0.2138671875 0.314453125 0.271484375 0.3427734375 0.3037109375 0.341796875 0.3251953125 0.33203125 0.34375 0.3134765625 0.353515625 0.2880859375 0.353515625 0.2548828125 0.345703125 0.2373046875 0.3212890625 0.2109375
3 0.23828125 0.3759765625 0.220703125 0.3486328125 0.1943359375 0.32421875 0.1396484375 0.32421875 0.1005859375 0.33984375 0.07421875 0.3603515625 0.056640625 0.3955078125 0.052734375 0.4599609375 0.05859375 0.4716796875 0.048828125 0.5166015625 0.0634765625 0.533203125 0.0869140625 0.54296875 0.09375 0.5537109375 0.1298828125 0.55078125 0.1474609375 0.529296875 0.1806640625 0.513671875 0.2041015625 0.513671875 0.234375 0.4736328125 0.2421875 0.4189453125 0.23828125 0.3759765625
3 0.3388671875 0 0.291015625 0.0361328125 0.28515625 0.0498046875 0.2890625 0.0869140625 0.310546875 0.1103515625 0.3125 0.1298828125 0.3193359375 0.138671875 0.3330078125 0.14453125 0.3544921875 0.140625 0.369140625 0.1572265625 0.3955078125 0.15625 0.421875 0.1416015625 0.4453125 0.1064453125 0.447265625 0.0673828125 0.431640625 0.0205078125 0.4150390625 0.0078125 0.3388671875 0
3 0.8046875 0.1630859375 0.802734375 0.2060546875 0.833984375 0.2294921875 0.8662109375 0.228515625 0.890625 0.2080078125 0.89453125 0.1865234375 0.888671875 0.1650390625 0.8642578125 0.14453125 0.8271484375 0.14453125 0.8046875 0.1630859375
3 0 0.7509765625 0.04296875 0.7138671875 0.064453125 0.6669921875 0.060546875 0.6396484375 0.0068359375 0.591796875 0 0.5927734375 0 0.7509765625