3 0.1142578125 1 0.1015625 0.9267578125 0.0908203125 0.916015625 0.0732421875 0.908203125 0.0498046875 0.908203125 0.0126953125 0.91796875 0.00390625 0.9267578125 0.0048828125 1 0.1142578125 1
3 0.3896484375 0.83984375 0.3291015625 0.810546875 0.2294921875 0.810546875 0.1943359375 0.828125 0.142578125 0.8818359375 0.130859375 0.9619140625 0.1328125 0.9990234375 0.4228515625 1 0.4365234375 0.939453125 0.435546875 0.9150390625 0.41796875 0.8759765625 0.3896484375 0.83984375
3 0.1572265625 0.0546875 0.1220703125 0.04296875 0.0791015625 0.041015625 0.0341796875 0.056640625 0.00390625 0.0791015625 0.001953125 0.2294921875 0.0068359375 0.302734375 0.0537109375 0.3203125 0.0908203125 0.3203125 0.1337890625 0.30859375 0.1689453125 0.287109375 0.1953125 0.2607421875 0.2119140625 0.220703125 0.212890625 0.1767578125 0.189453125 0.0888671875 0.1572265625 0.0546875
3 0.7470703125 0.24609375 0.7216796875 0.240234375 0.6806640625 0.248046875 0.666015625 0.2666015625 0.66015625 0.2900390625 0.66796875 0.3271484375 0.7060546875 0.361328125 0.7255859375 0.361328125 0.7490234375 0.34765625 0.775390625 0.3193359375 0.7802734375 0.294921875 0.78125 0.2802734375 0.7724609375 0.26171875 0.7470703125 0.24609375
3 0.8173828125 0.001953125 0.794921875 0.0341796875 0.798828125 0.0517578125 0.8134765625 0.0703125 0.8466796875 0.08203125 0.8955078125 0.078125 0.912109375 0.0634765625 0.9150390625 0.044921875 0.916015625 0.0166015625 0.9013671875 0.001953125 0.8173828125 0.001953125
3 0.5009765625 0.236328125 0.4833984375 0.244140625 0.47265625 0.2587890625 0.4765625 0.2822265625 0.484375 0.2978515625 0.4951171875 0.3046875 0.5458984375 0.3046875 0.560546875 0.2900390625 0.5615234375 0.28125 0.55859375 0.2529296875 0.5478515625 0.240234375 0.5009765625 0.236328125
3 0.6845703125 0.494140625 0.6435546875 0.5 0.6015625 0.5380859375 0.583984375 0.5732421875 0.587890625 0.6103515625 0.6064453125 0.63671875 0.6552734375 0.66796875 0.6923828125 0.662109375 0.736328125 0.6435546875 0.7431640625 0.552734375 0.7421875 0.5341796875 0.7294921875 0.505859375 0.6845703125 0.494140625
3 0.9462890625 0.482421875 0.8896484375 0.5078125 0.84765625 0.5400390625 0.806640625 0.6025390625 0.80078125 0.7060546875 0.82421875 0.7744140625 0.8681640625 0.83203125 0.8974609375 0.8515625 0.9287109375 0.861328125 0.9990234375 0.857421875 1 0.4716796875 0.9931640625 0.470703125 0.9462890625 0.482421875
3 0.7802734375 0.861328125 0.7666015625 0.84375 0.7373046875 0.837890625 0.69921875 0.8681640625 0.697265625 0.8896484375 0.71875 0.9150390625 0.7314453125 0.927734375 0.7548828125 0.93359375 0.7861328125 0.95703125 0.8291015625 0.958984375 0.8623046875 0.9296875 0.857421875 0.8916015625 0.8212890625 0.861328125 0.7802734375 0.861328125
3 0.7802734375 1 0.779296875 0.9814453125 0.76953125 0.9619140625 0.6826171875 0.890625 0.6689453125 0.892578125 0.6181640625 0.923828125 0.595703125 0.9638671875 0.5966796875 1 0.7802734375 1
3 0.7880859375 0.310546875 0.73828125 0.3701171875 0.728515625 0.3994140625 0.7451171875 0.4140625 0.7822265625 0.421875 0.81640625 0.4013671875 0.8447265625 0.349609375 0.845703125 0.3349609375 0.8349609375 0.32421875 0.7880859375 0.310546875