3 0.203125 0.3134765625 0.208984375 0.3486328125 0.2763671875 0.416015625 0.3154296875 0.435546875 0.357421875 0.4384765625 0.4248046875 0.40625 0.447265625 0.3837890625 0.45703125 0.3505859375 0.44921875 0.2666015625 0.4287109375 0.23828125 0.3955078125 0.212890625 0.3642578125 0.19921875 0.2939453125 0.193359375 0.2568359375 0.205078125 0.240234375 0.2177734375 0.20703125 0.2724609375 0.203125 0.3134765625
3 0.3583984375 0.150390625 0.4052734375 0.162109375 0.43359375 0.1611328125 0.4833984375 0.130859375 0.501953125 0.0966796875 0.5078125 0.0439453125 0.4921875 0.0068359375 0.4638671875 0.001953125 0.2978515625 0.00390625 0.283203125 0.0322265625 0.28125 0.0576171875 0.29296875 0.1025390625 0.30859375 0.1240234375 0.3193359375 0.134765625 0.3583984375 0.150390625
3 0.697265625 0.1494140625 0.7294921875 0.146484375 0.7548828125 0.13671875 0.8134765625 0.09375 0.84765625 0.0537109375 0.861328125 0.0068359375 0.8544921875 0.001953125 0.54296875 0.0048828125 0.552734375 0.0439453125 0.57421875 0.0830078125 0.5986328125 0.109375 0.6474609375 0.140625 0.697265625 0.1494140625
3 0.1875 0.6123046875 0.19921875 0.6455078125 0.2197265625 0.666015625 0.2548828125 0.677734375 0.298828125 0.6767578125 0.3271484375 0.66796875 0.36328125 0.6357421875 0.37890625 0.6064453125 0.37890625 0.5712890625 0.35546875 0.5205078125 0.3232421875 0.48828125 0.2978515625 0.478515625 0.2568359375 0.48046875 0.2177734375 0.494140625 0.1953125 0.5166015625 0.185546875 0.5654296875 0.1875 0.6123046875
3 0.3935546875 0.458984375 0.384765625 0.4716796875 0.388671875 0.4970703125 0.4052734375 0.509765625 0.42578125 0.5107421875 0.447265625 0.4892578125 0.443359375 0.4638671875 0.4248046875 0.451171875 0.3935546875 0.458984375
3 0.001953125 0.6669921875 0.0048828125 0.673828125 0.025390625 0.6728515625 0.0517578125 0.669921875 0.0732421875 0.646484375 0.1240234375 0.623046875 0.150390625 0.5693359375 0.14453125 0.5048828125 0.115234375 0.4560546875 0.080078125 0.4189453125 0.080078125 0.3740234375 0.0595703125 0.361328125 0.0263671875 0.373046875 0.00390625 0.3935546875 0.001953125 0.6669921875
3 0.4375 0.9697265625 0.43359375 0.9130859375 0.40234375 0.8662109375 0.3916015625 0.859375 0.3408203125 0.85546875 0.2978515625 0.869140625 0.2861328125 0.88671875 0.255859375 0.9033203125 0.236328125 0.9384765625 0.2353515625 1 0.431640625 0.9990234375 0.4375 0.9697265625
3 0.716796875 0.9619140625 0.7109375 0.9072265625 0.6708984375 0.861328125 0.6044921875 0.837890625 0.59375 0.8447265625 0.5908203125 0.85546875 0.5712890625 0.86328125 0.533203125 0.8994140625 0.525390625 0.9541015625 0.5341796875 1 0.703125 0.9990234375 0.716796875 0.9619140625
3 1 0.6455078125 0.9990234375 0.443359375 0.970703125 0.4677734375 0.958984375 0.4912109375 0.955078125 0.5517578125 0.96875 0.6044921875 1 0.6455078125
3 0.9970703125 0.240234375 0.9658203125 0.2421875 0.9345703125 0.2578125 0.912109375 0.2880859375 0.908203125 0.3076171875 0.912109375 0.3427734375 0.9296875 0.3642578125 0.9599609375 0.3828125 0.98046875 0.3837890625 1 0.3798828125 0.9970703125 0.240234375
3 0.8642578125 0.140625 0.841796875 0.1572265625 0.83984375 0.1845703125 0.8544921875 0.19921875 0.87890625 0.2001953125 0.89453125 0.1845703125 0.89453125 0.1611328125 0.8837890625 0.142578125 0.8642578125 0.140625