3 0.0048828125 0 0.00390625 0.0732421875 0.0126953125 0.08203125 0.0498046875 0.091796875 0.0732421875 0.091796875 0.0908203125 0.083984375 0.1015625 0.0732421875 0.1142578125 0 0.0048828125 0
3 0.4365234375 0.060546875 0.4228515625 0 0.1328125 0.0009765625 0.130859375 0.0380859375 0.142578125 0.1181640625 0.1943359375 0.171875 0.2294921875 0.189453125 0.3291015625 0.189453125 0.3896484375 0.16015625 0.41796875 0.1240234375 0.435546875 0.0849609375 0.4365234375 0.060546875
3 0.2119140625 0.779296875 0.1953125 0.7392578125 0.1689453125 0.712890625 0.1337890625 0.69140625 0.0908203125 0.6796875 0.0537109375 0.6796875 0.0068359375 0.697265625 0.001953125 0.7705078125 0.00390625 0.9208984375 0.0341796875 0.943359375 0.0791015625 0.958984375 0.1220703125 0.95703125 0.1572265625 0.9453125 0.189453125 0.9111328125 0.212890625 0.8232421875 0.2119140625 0.779296875
3 0.7802734375 0.705078125 0.775390625 0.6806640625 0.7490234375 0.65234375 0.7255859375 0.638671875 0.7060546875 0.638671875 0.66796875 0.6728515625 0.66015625 0.7099609375 0.666015625 0.7333984375 0.6806640625 0.751953125 0.7216796875 0.759765625 0.7470703125 0.75390625 0.7724609375 0.73828125 0.78125 0.7197265625 0.7802734375 0.705078125
3 0.9150390625 0.955078125 0.912109375 0.9365234375 0.8955078125 0.921875 0.8466796875 0.91796875 0.8134765625 0.9296875 0.798828125 0.9482421875 0.794921875 0.9658203125 0.8173828125 0.998046875 0.9013671875 0.998046875 0.916015625 0.9833984375 0.9150390625 0.955078125
3 0.5615234375 0.71875 0.560546875 0.7099609375 0.5458984375 0.6953125 0.4951171875 0.6953125 0.484375 0.7021484375 0.4765625 0.7177734375 0.47265625 0.7412109375 0.4833984375 0.755859375 0.5009765625 0.763671875 0.5478515625 0.759765625 0.55859375 0.7470703125 0.5615234375 0.71875
3 0.7431640625 0.447265625 0.736328125 0.3564453125 0.6923828125 0.337890625 0.6552734375 0.33203125 0.6064453125 0.36328125 0.587890625 0.3896484375 0.583984375 0.4267578125 0.6015625 0.4619140625 0.6435546875 0.5 0.6845703125 0.505859375 0.7294921875 0.494140625 0.7421875 0.4658203125 0.7431640625 0.447265625
3 0.9990234375 0.142578125 0.9287109375 0.138671875 0.8974609375 0.1484375 0.8681640625 0.16796875 0.82421875 0.2255859375 0.80078125 0.2939453125 0.806640625 0.3974609375 0.84765625 0.4599609375 0.8896484375 0.4921875 0.9462890625 0.517578125 0.9931640625 0.529296875 1 0.5283203125 0.9990234375 0.142578125
3 0.8623046875 0.0703125 0.8291015625 0.041015625 0.7861328125 0.04296875 0.7548828125 0.06640625 0.7314453125 0.072265625 0.71875 0.0849609375 0.697265625 0.1103515625 0.69921875 0.1318359375 0.7373046875 0.162109375 0.7666015625 0.15625 0.7802734375 0.138671875 0.8212890625 0.138671875 0.857421875 0.1083984375 0.8623046875 0.0703125
3 0.5966796875 0 0.595703125 0.0361328125 0.6181640625 0.076171875 0.6689453125 0.107421875 0.6826171875 0.109375 0.76953125 0.0380859375 0.779296875 0.0185546875 0.7802734375 0 0.5966796875 0
3 0.8447265625 0.650390625 0.81640625 0.5986328125 0.7822265625 0.578125 0.7451171875 0.5859375 0.728515625 0.6005859375 0.73828125 0.6298828125 0.7880859375 0.689453125 0.8349609375 0.67578125 0.845703125 0.6650390625 0.8447265625 0.650390625