3 0.1845703125 0.306640625 0.2255859375 0.283203125 0.255859375 0.2509765625 0.265625 0.2158203125 0.265625 0.1767578125 0.25390625 0.1435546875 0.2119140625 0.095703125 0.189453125 0.0810546875 0.1162109375 0.08203125 0.0947265625 0.08984375 0.06640625 0.1220703125 0.05078125 0.1611328125 0.056640625 0.2138671875 0.076171875 0.2587890625 0.1103515625 0.291015625 0.1533203125 0.30859375 0.1845703125 0.306640625
3 0.208984375 0.0322265625 0.208984375 0.0439453125 0.24609375 0.1025390625 0.2939453125 0.1328125 0.3896484375 0.1328125 0.43359375 0.1064453125 0.45703125 0.0439453125 0.482421875 0.0009765625 0.2255859375 0 0.208984375 0.0322265625
3 0.453125 0.0947265625 0.4658203125 0.126953125 0.4970703125 0.138671875 0.5361328125 0.13671875 0.5615234375 0.123046875 0.60546875 0.0849609375 0.615234375 0.0654296875 0.580078125 0.0009765625 0.4970703125 0 0.484375 0.0126953125 0.455078125 0.0693359375 0.453125 0.0947265625
3 0.5888671875 0 0.587890625 0.0068359375 0.6015625 0.0361328125 0.6259765625 0.060546875 0.6826171875 0.072265625 0.7119140625 0.064453125 0.736328125 0.0458984375 0.74609375 0.0009765625 0.5888671875 0
3 0.796875 0.2099609375 0.791015625 0.2431640625 0.8056640625 0.26171875 0.8408203125 0.265625 0.865234375 0.2529296875 0.8828125 0.2021484375 0.8662109375 0.1796875 0.85546875 0.1748046875 0.8232421875 0.181640625 0.796875 0.2099609375
3 0.34375 0.2451171875 0.341796875 0.2802734375 0.3583984375 0.30078125 0.3740234375 0.306640625 0.3955078125 0.3046875 0.42578125 0.2783203125 0.427734375 0.2470703125 0.404296875 0.2216796875 0.3623046875 0.224609375 0.34375 0.2451171875
3 0.5888671875 0.490234375 0.6103515625 0.490234375 0.6279296875 0.482421875 0.666015625 0.4443359375 0.66796875 0.4091796875 0.662109375 0.3916015625 0.6494140625 0.376953125 0.62890625 0.3701171875 0.5927734375 0.373046875 0.5703125 0.3916015625 0.5546875 0.4189453125 0.5625 0.4677734375 0.5712890625 0.48046875 0.5888671875 0.490234375
3 0.125 0.6748046875 0.126953125 0.7216796875 0.1533203125 0.7421875 0.1904296875 0.736328125 0.201171875 0.7158203125 0.19921875 0.6533203125 0.1884765625 0.63671875 0.1796875 0.6357421875 0.1494140625 0.640625 0.125 0.6748046875
3 0.0595703125 0.97265625 0.1201171875 0.9765625 0.1591796875 0.9609375 0.1953125 0.9130859375 0.197265625 0.8720703125 0.189453125 0.8408203125 0.1572265625 0.80078125 0.1171875 0.7802734375 0.0380859375 0.78515625 0.013671875 0.8056640625 0 0.8427734375 0.001953125 0.9150390625 0.0380859375 0.962890625 0.0595703125 0.97265625
3 0.349609375 0.9365234375 0.341796875 0.9501953125 0.341796875 0.9853515625 0.3486328125 1 0.455078125 0.9990234375 0.435546875 0.9443359375 0.4228515625 0.931640625 0.40625 0.9267578125 0.3740234375 0.92578125 0.349609375 0.9365234375
3 0.7431640625 0.96875 0.708984375 0.9501953125 0.6650390625 0.94921875 0.6318359375 0.9609375 0.595703125 0.9990234375 0.76171875 0.9990234375 0.7431640625 0.96875
3 1 0.9912109375 0.9619140625 0.951171875 0.9443359375 0.939453125 0.92578125 0.9365234375 0.9033203125 0.9375 0.8720703125 0.953125 0.8408203125 0.97265625 0.81640625 0.9990234375 1 0.9990234375 1 0.9912109375
3 0.7763671875 0.947265625 0.8154296875 0.94921875 0.8447265625 0.943359375 0.912109375 0.8955078125 0.916015625 0.8642578125 0.908203125 0.8291015625 0.8818359375 0.810546875 0.833984375 0.7939453125 0.8076171875 0.794921875 0.7783203125 0.810546875 0.75 0.8505859375 0.748046875 0.9033203125 0.759765625 0.9326171875 0.7763671875 0.947265625
3 0.591796875 0.7568359375 0.583984375 0.8037109375 0.5966796875 0.81640625 0.6435546875 0.818359375 0.662109375 0.7958984375 0.66015625 0.7626953125 0.6455078125 0.748046875 0.630859375 0.7431640625 0.6044921875 0.74609375 0.591796875 0.7568359375
3 0.3876953125 0.81640625 0.3671875 0.8408203125 0.3671875 0.8662109375 0.3818359375 0.884765625 0.4072265625 0.888671875 0.42578125 0.8740234375 0.427734375 0.8427734375 0.408203125 0.8173828125 0.3876953125 0.81640625
3 0.7900390625 0.748046875 0.8310546875 0.740234375 0.8603515625 0.720703125 0.875 0.7001953125 0.876953125 0.6611328125 0.869140625 0.6357421875 0.8251953125 0.591796875 0.8046875 0.5869140625 0.7822265625 0.5859375 0.7333984375 0.599609375 0.701171875 0.6435546875 0.697265625 0.6630859375 0.712890625 0.7099609375 0.7509765625 0.7421875 0.7900390625 0.748046875
3 0.9052734375 0.423828125 0.9208984375 0.40234375 0.947265625 0.3876953125 0.951171875 0.3466796875 0.947265625 0.3154296875 0.9404296875 0.3046875 0.9130859375 0.28515625 0.875 0.2763671875 0.8525390625 0.279296875 0.8359375 0.2958984375 0.828125 0.3486328125 0.814453125 0.3876953125 0.822265625 0.4033203125 0.8408203125 0.41796875 0.8779296875 0.431640625 0.9052734375 0.423828125
3 1 0.1513671875 0.9443359375 0.154296875 0.90234375 0.1826171875 0.890625 0.2060546875 0.884765625 0.2412109375 0.888671875 0.2568359375 0.9052734375 0.2734375 0.9462890625 0.294921875 0.9736328125 0.291015625 1 0.2783203125 1 0.1513671875
3 0.7939453125 0.10546875 0.8154296875 0.1171875 0.8623046875 0.115234375 0.8857421875 0.095703125 0.9130859375 0.0859375 0.9521484375 0.056640625 0.9990234375 0.033203125 1 0.0009765625 0.8193359375 0 0.798828125 0.0361328125 0.78515625 0.0927734375 0.7939453125 0.10546875
3 0.0732421875 0 0.072265625 0.0048828125 0.078125 0.0244140625 0.0908203125 0.0390625 0.1181640625 0.044921875 0.1494140625 0.037109375 0.181640625 0.0087890625 0.1796875 0.0009765625 0.0732421875 0