3 0.8828125 0.7998046875 0.900390625 0.8095703125 0.90234375 0.8232421875 0.9208984375 0.8515625 0.98046875 0.8525390625 1 0.8505859375 0.9990234375 0.578125 0.9580078125 0.58203125 0.9208984375 0.59765625 0.876953125 0.6396484375 0.861328125 0.6787109375 0.86328125 0.7177734375 0.8828125 0.7998046875
3 0.7802734375 0.693359375 0.748046875 0.7177734375 0.734375 0.7587890625 0.716796875 0.7802734375 0.71875 0.8095703125 0.7431640625 0.845703125 0.7880859375 0.8671875 0.814453125 0.8662109375 0.845703125 0.8486328125 0.8671875 0.8076171875 0.869140625 0.7919921875 0.85546875 0.7685546875 0.833984375 0.7529296875 0.837890625 0.7275390625 0.8017578125 0.6953125 0.7802734375 0.693359375
3 0.8271484375 0.4296875 0.78515625 0.4599609375 0.78125 0.5107421875 0.796875 0.5419921875 0.8115234375 0.5546875 0.8349609375 0.568359375 0.859375 0.5673828125 0.8837890625 0.560546875 0.900390625 0.5439453125 0.912109375 0.5244140625 0.91796875 0.4697265625 0.9072265625 0.44921875 0.8818359375 0.435546875 0.8662109375 0.4296875 0.8271484375 0.4296875
3 0.201171875 0.1904296875 0.193359375 0.2216796875 0.1953125 0.2490234375 0.20703125 0.2705078125 0.2314453125 0.287109375 0.28125 0.2900390625 0.2998046875 0.28125 0.322265625 0.2568359375 0.330078125 0.2373046875 0.330078125 0.2080078125 0.3056640625 0.166015625 0.2490234375 0.158203125 0.2177734375 0.173828125 0.201171875 0.1904296875
3 0.0859375 0.0830078125 0.091796875 0.1064453125 0.1220703125 0.134765625 0.1640625 0.1435546875 0.1865234375 0.138671875 0.208984375 0.1123046875 0.21484375 0.0791015625 0.203125 0.0576171875 0.1845703125 0.048828125 0.1455078125 0.048828125 0.1025390625 0.05859375 0.0859375 0.0830078125
3 0.1826171875 0.03515625 0.208984375 0.0166015625 0.212890625 0.0009765625 0.017578125 0.0009765625 0.0419921875 0.02734375 0.0712890625 0.041015625 0.12109375 0.0439453125 0.1826171875 0.03515625
3 0 0.2275390625 0.0166015625 0.25 0.041015625 0.2548828125 0.0732421875 0.24609375 0.091796875 0.2314453125 0.09765625 0.1923828125 0.08984375 0.1748046875 0.0654296875 0.150390625 0.0498046875 0.142578125 0.0263671875 0.142578125 0 0.1591796875 0 0.2275390625
3 0 0.4990234375 0.005859375 0.4990234375 0.0556640625 0.474609375 0.080078125 0.4345703125 0.078125 0.3876953125 0.06640625 0.3681640625 0.0341796875 0.34375 0.0107421875 0.3359375 0 0.3369140625 0 0.4990234375
3 0.4990234375 0.7265625 0.4560546875 0.7421875 0.427734375 0.7646484375 0.40625 0.7998046875 0.404296875 0.8447265625 0.416015625 0.8662109375 0.4521484375 0.896484375 0.4912109375 0.919921875 0.515625 0.9208984375 0.5439453125 0.91015625 0.580078125 0.8740234375 0.591796875 0.8427734375 0.59375 0.8037109375 0.583984375 0.7763671875 0.5654296875 0.755859375 0.5263671875 0.732421875 0.4990234375 0.7265625
3 0.2392578125 0.84765625 0.216796875 0.8681640625 0.203125 0.8974609375 0.203125 0.9326171875 0.216796875 0.9619140625 0.2412109375 0.9765625 0.267578125 0.9775390625 0.3037109375 0.96484375 0.33203125 0.9326171875 0.341796875 0.9091796875 0.34375 0.8779296875 0.337890625 0.8662109375 0.3076171875 0.841796875 0.2626953125 0.83984375 0.2392578125 0.84765625
3 0.3681640625 1 0.44140625 0.9990234375 0.47265625 0.9755859375 0.478515625 0.9599609375 0.4765625 0.9326171875 0.4326171875 0.8984375 0.4033203125 0.896484375 0.36328125 0.9306640625 0.36328125 0.9912109375 0.3681640625 1
3 0.705078125 0.9833984375 0.6923828125 0.96875 0.6630859375 0.955078125 0.6201171875 0.9609375 0.6005859375 0.97265625 0.58203125 0.9990234375 0.708984375 0.9990234375 0.705078125 0.9833984375
3 1 0.8701171875 0.9404296875 0.875 0.9150390625 0.8828125 0.888671875 0.9189453125 0.88671875 0.9404296875 0.89453125 0.9638671875 0.9345703125 1 1 0.9990234375 1 0.8701171875