3 0.953125 0.7236328125 0.908203125 0.7802734375 0.88671875 0.8232421875 0.880859375 0.8740234375 0.888671875 0.8974609375 0.921875 0.9462890625 0.9619140625 0.982421875 0.9990234375 0.994140625 0.9970703125 0.689453125 0.9755859375 0.701171875 0.953125 0.7236328125
3 0.7255859375 0.466796875 0.7001953125 0.466796875 0.681640625 0.4794921875 0.66796875 0.4990234375 0.654296875 0.5400390625 0.65625 0.5634765625 0.67578125 0.5986328125 0.6923828125 0.61328125 0.7119140625 0.619140625 0.7275390625 0.619140625 0.7568359375 0.60546875 0.7861328125 0.560546875 0.783203125 0.5068359375 0.7548828125 0.4765625 0.7255859375 0.466796875
3 0.5927734375 0.52734375 0.5322265625 0.529296875 0.5078125 0.5517578125 0.494140625 0.5830078125 0.498046875 0.6337890625 0.5302734375 0.66796875 0.5556640625 0.677734375 0.5849609375 0.677734375 0.6181640625 0.666015625 0.6455078125 0.619140625 0.64453125 0.5654296875 0.6201171875 0.541015625 0.5927734375 0.52734375
3 0.4658203125 0.64453125 0.4228515625 0.6484375 0.396484375 0.6689453125 0.388671875 0.6826171875 0.38671875 0.7255859375 0.40234375 0.7490234375 0.4228515625 0.763671875 0.4775390625 0.76171875 0.505859375 0.7392578125 0.5146484375 0.72265625 0.51171875 0.6787109375 0.4990234375 0.6640625 0.4658203125 0.64453125
3 0.2802734375 0.736328125 0.2353515625 0.736328125 0.201171875 0.7646484375 0.18359375 0.8037109375 0.181640625 0.8232421875 0.189453125 0.8486328125 0.2138671875 0.873046875 0.2724609375 0.87890625 0.30859375 0.8544921875 0.3271484375 0.81640625 0.32421875 0.7861328125 0.3017578125 0.748046875 0.2802734375 0.736328125
3 0.2080078125 0.216796875 0.1787109375 0.216796875 0.1533203125 0.232421875 0.130859375 0.2607421875 0.126953125 0.2998046875 0.1474609375 0.33203125 0.1669921875 0.33984375 0.2001953125 0.341796875 0.232421875 0.3193359375 0.2470703125 0.275390625 0.24609375 0.2412109375 0.2373046875 0.232421875 0.2080078125 0.216796875
3 0.0244140625 0.0859375 0.00390625 0.0927734375 0.001953125 0.2626953125 0.0068359375 0.27734375 0.0478515625 0.279296875 0.0908203125 0.2578125 0.107421875 0.2392578125 0.1337890625 0.185546875 0.119140625 0.1474609375 0.1083984375 0.13671875 0.0244140625 0.0859375
3 0.0078125 0.0380859375 0.0322265625 0.0703125 0.1494140625 0.14453125 0.1669921875 0.150390625 0.2041015625 0.150390625 0.2451171875 0.13671875 0.2890625 0.1005859375 0.3046875 0.0732421875 0.3056640625 0.060546875 0.2978515625 0 0.005859375 0.0009765625 0.0078125 0.0380859375
3 0.4267578125 0.0859375 0.4814453125 0.0859375 0.5146484375 0.078125 0.5595703125 0.046875 0.5927734375 0.00390625 0.330078125 0.0009765625 0.3818359375 0.05859375 0.4267578125 0.0859375
3 0.6220703125 0 0.578125 0.0615234375 0.5859375 0.1220703125 0.578125 0.1474609375 0.6455078125 0.181640625 0.6748046875 0.1796875 0.7119140625 0.1640625 0.7509765625 0.158203125 0.830078125 0.0791015625 0.8388671875 0.044921875 0.8369140625 0 0.6220703125 0
3 0.3232421875 0.15234375 0.2880859375 0.158203125 0.263671875 0.1787109375 0.2578125 0.1923828125 0.2578125 0.2119140625 0.267578125 0.2353515625 0.2978515625 0.251953125 0.3271484375 0.25 0.3564453125 0.21484375 0.353515625 0.1767578125 0.3408203125 0.16015625 0.3232421875 0.15234375
3 0.8544921875 0.921875 0.7880859375 0.927734375 0.7333984375 0.96484375 0.708984375 0.9970703125 0.9404296875 1 0.93359375 0.9794921875 0.8955078125 0.939453125 0.8544921875 0.921875
3 0.962890625 0.7119140625 0.91015625 0.7763671875 0.884765625 0.8271484375 0.880859375 0.8779296875 0.904296875 0.9248046875 0.9423828125 0.966796875 0.9794921875 0.9921875 0.9990234375 0.994140625 1 0.6904296875 0.9951171875 0.689453125 0.962890625 0.7119140625
3 0.0283203125 0.69140625 0.0048828125 0.685546875 0.001953125 0.7978515625 0.0068359375 0.80078125 0.0302734375 0.7890625 0.0693359375 0.73828125 0.068359375 0.7236328125 0.0537109375 0.708984375 0.0283203125 0.69140625