3 0.5791015625 0.39453125 0.6064453125 0.404296875 0.62890625 0.3916015625 0.66015625 0.3486328125 0.642578125 0.3017578125 0.6259765625 0.28515625 0.5888671875 0.263671875 0.5712890625 0.265625 0.55078125 0.2861328125 0.5439453125 0.318359375 0.544921875 0.3466796875 0.560546875 0.3759765625 0.5791015625 0.39453125
3 0.6513671875 0.818359375 0.6806640625 0.822265625 0.703125 0.8056640625 0.712890625 0.7822265625 0.712890625 0.7509765625 0.7041015625 0.720703125 0.6630859375 0.697265625 0.6435546875 0.69921875 0.623046875 0.7138671875 0.6181640625 0.7421875 0.6171875 0.7666015625 0.623046875 0.7822265625 0.6513671875 0.818359375
3 0.5224609375 0.80859375 0.5576171875 0.81640625 0.58203125 0.8037109375 0.58984375 0.7666015625 0.57421875 0.7314453125 0.5615234375 0.71875 0.5498046875 0.712890625 0.5263671875 0.71484375 0.5078125 0.7294921875 0.5009765625 0.748046875 0.501953125 0.7822265625 0.5224609375 0.80859375
3 0.2783203125 0.96484375 0.3251953125 0.970703125 0.345703125 0.9541015625 0.3515625 0.9423828125 0.3515625 0.9130859375 0.341796875 0.8896484375 0.3173828125 0.86328125 0.2841796875 0.853515625 0.26171875 0.8720703125 0.2548828125 0.88671875 0.25390625 0.9208984375 0.259765625 0.9404296875 0.2783203125 0.96484375
3 0.31640625 0.7685546875 0.3349609375 0.802734375 0.3720703125 0.818359375 0.400390625 0.8056640625 0.408203125 0.7861328125 0.404296875 0.7431640625 0.3818359375 0.712890625 0.3662109375 0.703125 0.3466796875 0.701171875 0.3154296875 0.724609375 0.31640625 0.7685546875
3 0.1845703125 0.765625 0.18359375 0.7802734375 0.2138671875 0.810546875 0.2431640625 0.806640625 0.2578125 0.7880859375 0.25390625 0.7431640625 0.2373046875 0.728515625 0.2138671875 0.7265625 0.1904296875 0.73828125 0.1845703125 0.765625
3 0.283203125 0.6669921875 0.2939453125 0.68359375 0.3076171875 0.69140625 0.3251953125 0.69140625 0.34375 0.6787109375 0.349609375 0.6650390625 0.34765625 0.6396484375 0.3232421875 0.615234375 0.2958984375 0.6171875 0.2841796875 0.638671875 0.283203125 0.6669921875
3 0.3974609375 0.34765625 0.400390625 0.3916015625 0.4208984375 0.412109375 0.4541015625 0.408203125 0.4765625 0.3818359375 0.455078125 0.3291015625 0.4404296875 0.3203125 0.4130859375 0.326171875 0.400390625 0.3369140625 0.3974609375 0.34765625
3 0.2685546875 0.3359375 0.2900390625 0.333984375 0.30078125 0.3251953125 0.3046875 0.2939453125 0.294921875 0.2783203125 0.294921875 0.2548828125 0.2783203125 0.236328125 0.2470703125 0.23046875 0.2353515625 0.236328125 0.2216796875 0.267578125 0.22265625 0.2880859375 0.2412109375 0.318359375 0.2685546875 0.3359375
3 0.384765625 0.1376953125 0.37890625 0.1201171875 0.3515625 0.1142578125 0.357421875 0.0810546875 0.3515625 0.0654296875 0.3154296875 0.0390625 0.2763671875 0.048828125 0.26953125 0.0556640625 0.271484375 0.0986328125 0.2470703125 0.115234375 0.25 0.1591796875 0.2607421875 0.17578125 0.2802734375 0.185546875 0.2978515625 0.185546875 0.3173828125 0.171875 0.3271484375 0.1796875 0.3486328125 0.1796875 0.3720703125 0.169921875 0.3828125 0.1572265625 0.384765625 0.1376953125
3 0.916015625 0.5751953125 0.9384765625 0.611328125 0.9716796875 0.62109375 0.9921875 0.6103515625 0.998046875 0.5986328125 0.998046875 0.5517578125 0.9794921875 0.517578125 0.9365234375 0.517578125 0.92578125 0.5283203125 0.9169921875 0.5546875 0.916015625 0.5751953125
3 1 0.9228515625 0.9951171875 0.8984375 0.9765625 0.9150390625 0.9658203125 0.94921875 0.96875 0.9951171875 0.9951171875 0.998046875 1 0.9931640625 1 0.9228515625
3 0.8408203125 0.931640625 0.83984375 0.9638671875 0.8701171875 0.99609375 0.9130859375 0.99609375 0.93359375 0.9697265625 0.931640625 0.9150390625 0.9052734375 0.88671875 0.8603515625 0.88671875 0.84375 0.9130859375 0.8408203125 0.931640625
3 0.9697265625 0.79296875 0.953125 0.8115234375 0.9501953125 0.83203125 0.94921875 0.8447265625 0.9697265625 0.87890625 0.998046875 0.8759765625 0.9951171875 0.791015625 0.9697265625 0.79296875
3 0.4248046875 0 0.42578125 0.0224609375 0.4443359375 0.048828125 0.4775390625 0.05078125 0.51171875 0.0302734375 0.5126953125 0 0.4248046875 0
3 0.9541015625 0.3046875 0.953125 0.3134765625 0.9658203125 0.330078125 0.9892578125 0.34375 0.998046875 0.3408203125 1 0.2802734375 0.9951171875 0.267578125 0.9775390625 0.26953125 0.962890625 0.2841796875 0.9541015625 0.3046875
3 0.5966796875 0.861328125 0.5791015625 0.875 0.578125 0.8974609375 0.5888671875 0.9140625 0.6162109375 0.92578125 0.6328125 0.9150390625 0.634765625 0.8818359375 0.6220703125 0.86328125 0.5966796875 0.861328125