3 0.5849609375 0.96875 0.564453125 0.9951171875 0.6962890625 1 0.7294921875 0.998046875 0.7314453125 0.9921875 0.7158203125 0.974609375 0.6865234375 0.95703125 0.6298828125 0.953125 0.5849609375 0.96875
3 0.7607421875 0.91796875 0.7392578125 0.9296875 0.728515625 0.9482421875 0.73046875 0.9755859375 0.7470703125 0.998046875 0.8681640625 0.998046875 0.8701171875 0.982421875 0.859375 0.9423828125 0.8134765625 0.91796875 0.7607421875 0.91796875
3 0.888671875 0.9365234375 0.888671875 0.9794921875 0.8955078125 0.998046875 1 0.9970703125 0.9990234375 0.869140625 0.9599609375 0.87109375 0.9287109375 0.88671875 0.8984375 0.9150390625 0.888671875 0.9365234375
3 0.9990234375 0.63671875 0.9658203125 0.6328125 0.9384765625 0.638671875 0.9208984375 0.650390625 0.892578125 0.6845703125 0.8828125 0.7060546875 0.880859375 0.7314453125 0.884765625 0.7451171875 0.9150390625 0.783203125 0.9326171875 0.791015625 0.9697265625 0.791015625 1 0.7822265625 0.9990234375 0.63671875
3 0.7783203125 0.572265625 0.826171875 0.5185546875 0.837890625 0.4912109375 0.8388671875 0.46875 0.8232421875 0.447265625 0.8056640625 0.439453125 0.7333984375 0.439453125 0.6884765625 0.451171875 0.64453125 0.4853515625 0.630859375 0.5224609375 0.634765625 0.5556640625 0.6533203125 0.580078125 0.6728515625 0.58984375 0.7412109375 0.58984375 0.7607421875 0.583984375 0.7783203125 0.572265625
3 0.4306640625 0.51171875 0.408203125 0.5400390625 0.412109375 0.5791015625 0.4208984375 0.583984375 0.4619140625 0.58203125 0.490234375 0.5576171875 0.4951171875 0.529296875 0.4833984375 0.5078125 0.4482421875 0.505859375 0.4306640625 0.51171875
3 0.037109375 0.7177734375 0.033203125 0.7431640625 0.0390625 0.7548828125 0.0556640625 0.765625 0.0947265625 0.767578125 0.12109375 0.7490234375 0.1279296875 0.71875 0.1025390625 0.697265625 0.0712890625 0.6953125 0.037109375 0.7177734375
3 0.142578125 0.7158203125 0.13671875 0.7509765625 0.1455078125 0.76171875 0.1708984375 0.7734375 0.2138671875 0.76953125 0.236328125 0.7529296875 0.2373046875 0.71484375 0.2158203125 0.69140625 0.1787109375 0.69140625 0.142578125 0.7158203125
3 0.6494140625 0.044921875 0.6669921875 0.060546875 0.6865234375 0.06640625 0.7294921875 0.0625 0.7744140625 0.046875 0.806640625 0.0205078125 0.8134765625 0.00390625 0.607421875 0.0009765625 0.6298828125 0.046875 0.6494140625 0.044921875
3 0.8759765625 0.4921875 0.8359375 0.5263671875 0.826171875 0.5791015625 0.8681640625 0.599609375 0.8994140625 0.595703125 0.943359375 0.5478515625 0.9462890625 0.51953125 0.939453125 0.5048828125 0.9208984375 0.490234375 0.8759765625 0.4921875
3 0.0439453125 0.828125 0.0205078125 0.80859375 0 0.8076171875 0.0009765625 0.892578125 0.0146484375 0.890625 0.0390625 0.8701171875 0.0439453125 0.828125