3 0.48046875 0.9814453125 0.4794921875 1 0.591796875 0.9990234375 0.595703125 0.9580078125 0.587890625 0.9423828125 0.5654296875 0.92578125 0.546875 0.9248046875 0.5126953125 0.935546875 0.498046875 0.9501953125 0.48046875 0.9814453125
3 0.6767578125 0.80859375 0.6572265625 0.818359375 0.646484375 0.8408203125 0.65234375 0.8681640625 0.6630859375 0.876953125 0.6982421875 0.88671875 0.7568359375 0.884765625 0.775390625 0.8544921875 0.775390625 0.8310546875 0.7587890625 0.80859375 0.73046875 0.8017578125 0.6767578125 0.80859375
3 0.6328125 0.7490234375 0.634765625 0.7763671875 0.6513671875 0.798828125 0.7119140625 0.798828125 0.7333984375 0.791015625 0.7421875 0.7802734375 0.732421875 0.7255859375 0.7197265625 0.712890625 0.693359375 0.7119140625 0.6572265625 0.72265625 0.6328125 0.7490234375
3 0.896484375 0.7060546875 0.876953125 0.6728515625 0.8505859375 0.65625 0.82421875 0.6533203125 0.7802734375 0.671875 0.744140625 0.7041015625 0.740234375 0.7158203125 0.74609375 0.7568359375 0.755859375 0.7802734375 0.7802734375 0.802734375 0.8134765625 0.814453125 0.8349609375 0.814453125 0.8662109375 0.798828125 0.884765625 0.7763671875 0.900390625 0.7392578125 0.896484375 0.7060546875
3 0.7890625 0.6025390625 0.7509765625 0.548828125 0.7099609375 0.529296875 0.671875 0.5302734375 0.6435546875 0.54296875 0.619140625 0.5654296875 0.595703125 0.6025390625 0.58984375 0.6279296875 0.6015625 0.6806640625 0.6298828125 0.703125 0.6533203125 0.708984375 0.6904296875 0.70703125 0.7392578125 0.689453125 0.783203125 0.6513671875 0.791015625 0.6298828125 0.7890625 0.6025390625
3 0 0.7841796875 0.0126953125 0.78515625 0.0380859375 0.775390625 0.060546875 0.7568359375 0.07421875 0.7216796875 0.07421875 0.6982421875 0.0595703125 0.666015625 0.0166015625 0.640625 0 0.6396484375 0 0.7841796875
3 0.029296875 0.8662109375 0.013671875 0.9091796875 0.0234375 0.9443359375 0.0458984375 0.9609375 0.0673828125 0.9609375 0.0849609375 0.953125 0.11328125 0.9150390625 0.11328125 0.8857421875 0.1015625 0.8623046875 0.0791015625 0.84765625 0.056640625 0.8486328125 0.029296875 0.8662109375
3 0.939453125 0.1826171875 0.931640625 0.1650390625 0.9033203125 0.14453125 0.8525390625 0.125 0.8251953125 0.1171875 0.794921875 0.1181640625 0.7802734375 0.123046875 0.765625 0.1376953125 0.748046875 0.1689453125 0.7421875 0.2236328125 0.75 0.2431640625 0.7880859375 0.28125 0.8115234375 0.29296875 0.8486328125 0.291015625 0.8916015625 0.275390625 0.916015625 0.2548828125 0.9375 0.2216796875 0.939453125 0.1826171875
3 0.7705078125 0.330078125 0.7529296875 0.3203125 0.72265625 0.3173828125 0.7041015625 0.3203125 0.681640625 0.3369140625 0.66796875 0.3759765625 0.6796875 0.4013671875 0.6982421875 0.416015625 0.7197265625 0.423828125 0.7568359375 0.423828125 0.7744140625 0.416015625 0.7890625 0.3994140625 0.796875 0.3720703125 0.787109375 0.3466796875 0.7705078125 0.330078125
3 0.9130859375 0.013671875 0.8876953125 0.00390625 0.865234375 0.0048828125 0.8408203125 0.0078125 0.80859375 0.0322265625 0.79296875 0.0595703125 0.791015625 0.0869140625 0.8017578125 0.1015625 0.8408203125 0.119140625 0.8876953125 0.134765625 0.9189453125 0.13671875 0.93359375 0.1220703125 0.943359375 0.0966796875 0.939453125 0.0439453125 0.9130859375 0.013671875
3 0.78515625 0.5126953125 0.775390625 0.5302734375 0.775390625 0.5498046875 0.783203125 0.5693359375 0.8095703125 0.59765625 0.8447265625 0.603515625 0.8701171875 0.587890625 0.87890625 0.5751953125 0.87890625 0.5322265625 0.8525390625 0.49609375 0.81640625 0.4912109375 0.78515625 0.5126953125