3 0.3955078125 0.921875 0.4306640625 0.9296875 0.5009765625 0.919921875 0.5302734375 0.908203125 0.5546875 0.8857421875 0.5703125 0.8447265625 0.568359375 0.7978515625 0.55859375 0.7763671875 0.5166015625 0.736328125 0.4775390625 0.724609375 0.4345703125 0.73046875 0.4052734375 0.74609375 0.380859375 0.7705078125 0.3544921875 0.818359375 0.357421875 0.8642578125 0.373046875 0.9013671875 0.3955078125 0.921875
3 0.9091796875 1 0.9296875 0.9755859375 0.931640625 0.9521484375 0.923828125 0.9248046875 0.9033203125 0.90234375 0.8642578125 0.89453125 0.7998046875 0.919921875 0.787109375 0.9306640625 0.7744140625 0.962890625 0.7734375 0.9873046875 0.7802734375 1 0.9091796875 1
3 0.3076171875 0.251953125 0.3310546875 0.255859375 0.3583984375 0.251953125 0.3935546875 0.23046875 0.41015625 0.2060546875 0.4140625 0.1865234375 0.412109375 0.1494140625 0.3984375 0.1162109375 0.3857421875 0.1015625 0.3544921875 0.08984375 0.3232421875 0.08984375 0.2919921875 0.103515625 0.2578125 0.1357421875 0.2470703125 0.173828125 0.248046875 0.2001953125 0.2705078125 0.232421875 0.3076171875 0.251953125
3 0.5087890625 0 0.5068359375 0.0078125 0.505859375 0.0361328125 0.515625 0.0615234375 0.5458984375 0.0859375 0.6181640625 0.095703125 0.650390625 0.0732421875 0.662109375 0.0517578125 0.6640625 0.0146484375 0.6591796875 0 0.5087890625 0
3 0.7705078125 0.30078125 0.802734375 0.2763671875 0.802734375 0.2607421875 0.791015625 0.2353515625 0.7666015625 0.22265625 0.7177734375 0.23046875 0.7060546875 0.25390625 0.7109375 0.2880859375 0.7314453125 0.3046875 0.7705078125 0.30078125
3 0.6630859375 0.5 0.7099609375 0.5 0.7294921875 0.494140625 0.744140625 0.4755859375 0.7421875 0.4560546875 0.7060546875 0.3984375 0.6572265625 0.412109375 0.6416015625 0.43359375 0.640625 0.4892578125 0.6455078125 0.494140625 0.6630859375 0.5
3 0.05859375 0.3623046875 0.05859375 0.3310546875 0.037109375 0.2841796875 0.0146484375 0.26171875 0.0009765625 0.2578125 0.0029296875 0.421875 0.05078125 0.3818359375 0.05859375 0.3623046875
3 0.5869140625 1 0.591796875 0.9697265625 0.5654296875 0.935546875 0.4951171875 0.93359375 0.4384765625 0.953125 0.42578125 0.9658203125 0.4189453125 0.990234375 0.4189453125 1 0.5869140625 1
3 0.9736328125 0.197265625 0.9990234375 0.205078125 0.9990234375 0.08203125 0.96484375 0.1025390625 0.9501953125 0.13671875 0.94921875 0.1591796875 0.9609375 0.1845703125 0.9736328125 0.197265625
3 0.9990234375 0.51171875 0.9990234375 0.37890625 0.9755859375 0.384765625 0.953125 0.4052734375 0.9501953125 0.4296875 0.95703125 0.4716796875 0.9794921875 0.501953125 0.9990234375 0.51171875
3 0.8642578125 0.84765625 0.880859375 0.8271484375 0.87890625 0.8017578125 0.8603515625 0.7890625 0.8291015625 0.791015625 0.8134765625 0.806640625 0.814453125 0.8251953125 0.8408203125 0.849609375 0.8642578125 0.84765625
3 0.7822265625 0.6171875 0.79296875 0.5986328125 0.79296875 0.5869140625 0.7822265625 0.57421875 0.7587890625 0.572265625 0.7431640625 0.5859375 0.744140625 0.6064453125 0.7548828125 0.6171875 0.7822265625 0.6171875
3 0.6611328125 0.76171875 0.671875 0.7490234375 0.671875 0.7314453125 0.6611328125 0.720703125 0.6396484375 0.72265625 0.6240234375 0.734375 0.623046875 0.7490234375 0.6357421875 0.76171875 0.6611328125 0.76171875
3 0.2900390625 0.595703125 0.30859375 0.5849609375 0.31640625 0.5673828125 0.3125 0.5380859375 0.2880859375 0.525390625 0.2353515625 0.52734375 0.22265625 0.5380859375 0.2197265625 0.55078125 0.22265625 0.5888671875 0.2451171875 0.6015625 0.2900390625 0.595703125
3 0.8759765625 0.587890625 0.884765625 0.5712890625 0.880859375 0.5556640625 0.8681640625 0.544921875 0.8466796875 0.548828125 0.8408203125 0.560546875 0.841796875 0.5791015625 0.8583984375 0.591796875 0.8759765625 0.587890625
3 0.8564453125 0.5390625 0.865234375 0.5283203125 0.861328125 0.5087890625 0.8505859375 0.50390625 0.8369140625 0.5078125 0.8291015625 0.51953125 0.828125 0.5302734375 0.8408203125 0.541015625 0.8564453125 0.5390625