3 0.0048828125 0.435546875 0.03125 0.4150390625 0.046875 0.3701171875 0.04296875 0.3134765625 0.025390625 0.2841796875 0.0078125 0.2685546875 0.001953125 0.2705078125 0 0.3037109375 0.0048828125 0.435546875
3 0.0517578125 0.271484375 0.0703125 0.2607421875 0.08203125 0.2392578125 0.08203125 0.1865234375 0.0576171875 0.140625 0.017578125 0.1298828125 0.001953125 0.1318359375 0.001953125 0.2529296875 0.0244140625 0.26953125 0.0517578125 0.271484375
3 0.0205078125 0.111328125 0.0634765625 0.111328125 0.0849609375 0.1015625 0.11328125 0.0712890625 0.12890625 0.0400390625 0.130859375 0.0009765625 0.0029296875 0 0.001953125 0.1044921875 0.0205078125 0.111328125
3 0.2939453125 0.1171875 0.3154296875 0.107421875 0.349609375 0.0791015625 0.361328125 0.0615234375 0.3671875 0.0341796875 0.36328125 0.0009765625 0.2177734375 0 0.208984375 0.0302734375 0.208984375 0.0673828125 0.216796875 0.0849609375 0.2548828125 0.115234375 0.2685546875 0.119140625 0.2939453125 0.1171875
3 0.5146484375 0.35546875 0.548828125 0.3115234375 0.560546875 0.2666015625 0.560546875 0.1943359375 0.552734375 0.1767578125 0.53125 0.1611328125 0.5087890625 0.162109375 0.4814453125 0.173828125 0.427734375 0.2216796875 0.416015625 0.2392578125 0.41015625 0.2587890625 0.41015625 0.3271484375 0.419921875 0.3466796875 0.4443359375 0.365234375 0.4775390625 0.369140625 0.5146484375 0.35546875
3 0.4208984375 0.587890625 0.4599609375 0.591796875 0.48828125 0.5693359375 0.494140625 0.5517578125 0.4921875 0.5166015625 0.470703125 0.5048828125 0.4423828125 0.509765625 0.41796875 0.5380859375 0.416015625 0.5791015625 0.4208984375 0.587890625
3 0.2451171875 0.9609375 0.2568359375 0.966796875 0.2822265625 0.962890625 0.3046875 0.9287109375 0.302734375 0.8974609375 0.28125 0.8720703125 0.2509765625 0.87890625 0.232421875 0.9052734375 0.234375 0.9443359375 0.2451171875 0.9609375
3 0.23828125 0.8544921875 0.2490234375 0.86328125 0.2841796875 0.857421875 0.30859375 0.8212890625 0.30859375 0.7841796875 0.28515625 0.7626953125 0.2470703125 0.763671875 0.23046875 0.7861328125 0.2265625 0.8291015625 0.23828125 0.8544921875
3 0.93359375 0.3134765625 0.939453125 0.3330078125 0.955078125 0.3505859375 0.953125 0.3701171875 0.9990234375 0.392578125 0.99609375 0.1865234375 0.9794921875 0.193359375 0.953125 0.2255859375 0.9375 0.2705078125 0.93359375 0.3134765625
3 0.4208984375 0.173828125 0.4736328125 0.1640625 0.5078125 0.1240234375 0.509765625 0.0791015625 0.4951171875 0.060546875 0.48046875 0.0537109375 0.4521484375 0.056640625 0.404296875 0.1005859375 0.400390625 0.1318359375 0.4208984375 0.173828125
3 0.1298828125 0.9609375 0.109375 0.9853515625 0.107421875 0.9990234375 0.1923828125 1 0.19140625 0.9794921875 0.171875 0.9560546875 0.1298828125 0.9609375