3 0.5576171875 0.73046875 0.541015625 0.6787109375 0.5048828125 0.640625 0.4736328125 0.630859375 0.4482421875 0.6328125 0.4306640625 0.640625 0.41015625 0.6669921875 0.40625 0.7119140625 0.4140625 0.7607421875 0.4580078125 0.80859375 0.5009765625 0.8359375 0.5283203125 0.83984375 0.548828125 0.8271484375 0.55859375 0.8076171875 0.5576171875 0.73046875
3 0.3623046875 1 0.3662109375 0.966796875 0.361328125 0.9423828125 0.34765625 0.9208984375 0.3291015625 0.90234375 0.2939453125 0.8828125 0.2646484375 0.880859375 0.2490234375 0.88671875 0.2412109375 0.8984375 0.216796875 0.9130859375 0.20703125 0.9326171875 0.20703125 0.9716796875 0.2177734375 1 0.3623046875 1
3 0.1279296875 1 0.1298828125 0.97265625 0.111328125 0.9287109375 0.0791015625 0.896484375 0.0595703125 0.888671875 0 0.8935546875 0.0009765625 1 0.1279296875 1
3 0.0791015625 0.763671875 0.0703125 0.7431640625 0.0458984375 0.728515625 0.0244140625 0.73046875 0 0.7470703125 0.0029296875 0.87109375 0.0302734375 0.8671875 0.060546875 0.8525390625 0.078125 0.8154296875 0.0791015625 0.763671875
3 0.0791015625 0.763671875 0.0703125 0.7431640625 0.0458984375 0.728515625 0.0244140625 0.73046875 0 0.7470703125 0.0009765625 0.87109375 0.0302734375 0.8671875 0.060546875 0.8525390625 0.078125 0.8154296875 0.0791015625 0.763671875
3 0.1279296875 1 0.1298828125 0.970703125 0.111328125 0.9287109375 0.0771484375 0.89453125 0.0595703125 0.888671875 0 0.8935546875 0.0009765625 1 0.1279296875 1
3 0.3623046875 1 0.3662109375 0.966796875 0.361328125 0.9423828125 0.34765625 0.9208984375 0.3291015625 0.90234375 0.2939453125 0.8828125 0.2646484375 0.880859375 0.2490234375 0.88671875 0.2412109375 0.8984375 0.21484375 0.9150390625 0.20703125 0.9326171875 0.20703125 0.9716796875 0.2177734375 1 0.3623046875 1
3 0.5576171875 0.73046875 0.541015625 0.6787109375 0.5234375 0.6533203125 0.5048828125 0.640625 0.4736328125 0.630859375 0.4482421875 0.6328125 0.4306640625 0.640625 0.41015625 0.6669921875 0.40625 0.7119140625 0.4140625 0.7607421875 0.4580078125 0.80859375 0.5009765625 0.8359375 0.5283203125 0.83984375 0.548828125 0.8271484375 0.55859375 0.8076171875 0.5576171875 0.73046875
3 0.3779296875 0.50390625 0.361328125 0.4697265625 0.3330078125 0.453125 0.3076171875 0.462890625 0.291015625 0.4951171875 0.302734375 0.5380859375 0.3291015625 0.55859375 0.3408203125 0.560546875 0.3603515625 0.5546875 0.376953125 0.5361328125 0.3779296875 0.50390625
3 0.4931640625 0.4609375 0.490234375 0.4365234375 0.4716796875 0.4140625 0.4326171875 0.40625 0.4140625 0.4189453125 0.416015625 0.4619140625 0.4404296875 0.490234375 0.4541015625 0.49609375 0.4853515625 0.490234375 0.4931640625 0.4609375
3 0.3076171875 0.1796875 0.2822265625 0.142578125 0.2470703125 0.13671875 0.2265625 0.1650390625 0.224609375 0.2041015625 0.2451171875 0.236328125 0.2822265625 0.23828125 0.2978515625 0.23046875 0.306640625 0.2177734375 0.3076171875 0.1796875
3 0.3037109375 0.0859375 0.298828125 0.0595703125 0.2802734375 0.037109375 0.2568359375 0.033203125 0.23828125 0.0439453125 0.23046875 0.0634765625 0.23046875 0.0966796875 0.2490234375 0.12109375 0.2822265625 0.126953125 0.294921875 0.1142578125 0.3037109375 0.0859375
3 0.9990234375 0.607421875 0.951171875 0.6298828125 0.953125 0.6494140625 0.935546875 0.6689453125 0.931640625 0.6865234375 0.931640625 0.7119140625 0.9453125 0.7626953125 0.966796875 0.7978515625 0.9951171875 0.818359375 1 0.8173828125 0.9990234375 0.607421875
3 0.5107421875 0.890625 0.490234375 0.8525390625 0.4716796875 0.8359375 0.4541015625 0.830078125 0.4208984375 0.826171875 0.3984375 0.8701171875 0.404296875 0.9033203125 0.4541015625 0.9453125 0.4951171875 0.939453125 0.5078125 0.9208984375 0.5107421875 0.890625
3 0.0888671875 0.126953125 0.078125 0.1025390625 0.0615234375 0.08984375 0.0009765625 0.08984375 0 0.2060546875 0.0244140625 0.216796875 0.0419921875 0.216796875 0.0654296875 0.20703125 0.087890625 0.1728515625 0.0888671875 0.126953125
3 0.2294921875 0.533203125 0.22265625 0.5029296875 0.1923828125 0.474609375 0.1630859375 0.47265625 0.142578125 0.4892578125 0.13671875 0.5322265625 0.1689453125 0.578125 0.1845703125 0.583984375 0.2119140625 0.580078125 0.23046875 0.5498046875 0.2294921875 0.533203125
3 0.6494140625 0.994140625 0.634765625 0.9560546875 0.6181640625 0.9453125 0.6064453125 0.947265625 0.599609375 0.9990234375 0.6494140625 1 0.6494140625 0.994140625
3 0.2099609375 0.75 0.2001953125 0.736328125 0.1826171875 0.73046875 0.16796875 0.7373046875 0.162109375 0.7607421875 0.1728515625 0.775390625 0.1923828125 0.77734375 0.20703125 0.7685546875 0.2099609375 0.75
3 0.2158203125 0.79296875 0.2080078125 0.78125 0.1787109375 0.78515625 0.169921875 0.7998046875 0.17578125 0.8193359375 0.1904296875 0.828125 0.2080078125 0.82421875 0.216796875 0.8115234375 0.2158203125 0.79296875
3 0.1513671875 0.646484375 0.1376953125 0.626953125 0.1240234375 0.625 0.111328125 0.6416015625 0.11328125 0.6650390625 0.1240234375 0.673828125 0.1376953125 0.671875 0.15234375 0.6611328125 0.1513671875 0.646484375